SINAL     NFT                         FFT                         NFT INVERSA     FFT INVERSA
-----     -----------------------     -----------------------     -----------     -----------
  113         934.000       0.000            -nan        -nan             113            -nan
   68          32.837      38.028            -nan        -nan              68            -nan
  180         -79.000      -3.000           0.000        -nan             180            -nan
   85          85.162     266.028           0.000      -0.000              85               0
   54        -108.000      -0.001           0.000       0.000              54               0
  194          85.164    -266.028           0.000       0.000             194               0
   66         -79.000       2.999           0.000       0.000              66               0
  174          32.839     -38.028           0.000       0.000             174               0
