SINAL     NFT                         FFT                         NFT INVERSA     FFT INVERSA
-----     -----------------------     -----------------------     -----------     -----------
   88         943.000       0.000            -nan        -nan              88            -nan
  136        -196.116    -106.987            -nan        -nan             136            -nan
  117          16.000     -89.000           0.000        -nan             117            -nan
  163           6.117    -148.986           0.000      -0.000             163               0
  183         109.000       0.000           0.000       0.000             183               0
  117           6.116     148.986           0.000       0.000             117               0
  138          16.000      89.000           0.000       0.000             138               0
    1        -196.116     106.985           0.000       0.000               1               0
