SINAL     NFT                         FFT                         NFT INVERSA     FFT INVERSA
-----     -----------------------     -----------------------     -----------     -----------
   68         779.000       0.000            -nan        -nan              68            -nan
   49         -92.409     -54.532            -nan        -nan              49            -nan
  177        -105.000     -14.000           0.000        -nan             177            -nan
  113         108.409     187.468           0.000      -0.000             113               0
   60         -57.000      -0.001           0.000       0.000              60               0
  167         108.410    -187.468           0.000       0.000             167               0
   56        -105.000      14.000           0.000       0.000              56               0
   89         -92.408      54.531           0.000       0.000              89               0
