SINAL     NFT                         FFT                         NFT INVERSA     FFT INVERSA
-----     -----------------------     -----------------------     -----------     -----------
    9        1036.000       0.000            -nan        -nan               9            -nan
   40        -291.137     146.693            -nan        -nan              40            -nan
  191        -204.000     -62.000           0.000        -nan             191            -nan
   89         -64.863     110.693           0.000      -0.000              89               0
  187         156.000       0.000           0.000       0.000             187               0
  211         -64.863    -110.694           0.000       0.000             211               0
  209        -204.000      61.999           0.000       0.000             209               0
  100        -291.135    -146.695           0.000       0.000             100               0
