SINAL     NFT                         FFT                         NFT INVERSA     FFT INVERSA
-----     -----------------------     -----------------------     -----------     -----------
    2         956.000       0.000            -nan        -nan               2            -nan
  254          -5.322    -134.780            -nan        -nan             254            -nan
   93        -271.000     -11.000           0.000        -nan              93            -nan
  236         -40.677    -358.780           0.000      -0.000             236               0
   25        -306.000      -0.000           0.000       0.000              25               0
   67         -40.679     358.780           0.000       0.000              67               0
  205        -270.999      10.999           0.000       0.000             205               0
   74          -5.321     134.780           0.000       0.000              74               0
