SINAL     NFT                         FFT                         NFT INVERSA     FFT INVERSA
-----     -----------------------     -----------------------     -----------     -----------
  227         978.000       0.000            -nan        -nan             227            -nan
   26         265.095     201.564            -nan        -nan              26            -nan
  122         -12.000     212.000           0.000        -nan             122            -nan
   69          86.904     109.563           0.000      -0.000              69               0
   51         158.000      -0.001           0.000       0.000              51               0
   73          86.905    -109.564           0.000       0.000              73               0
  168         -11.999    -212.001           0.000       0.000             168               0
  242         265.098    -201.563           0.000       0.000             242               0
