SINAL     NFT                         FFT                         NFT INVERSA     FFT INVERSA
-----     -----------------------     -----------------------     -----------     -----------
   99        1192.000       0.000            -nan        -nan              99            -nan
  152         -27.687      -9.569            -nan        -nan             152            -nan
  163        -136.000      70.000           0.000        -nan             163            -nan
  179         -50.314    -103.569           0.000      -0.000             179               0
  138          28.000      -0.000           0.000       0.000             138               0
  104         -50.314     103.568           0.000       0.000             104               0
  210        -135.999     -70.001           0.000       0.000             210               0
  147         -27.685       9.568           0.000       0.000             147               0
