SINAL     NFT                         FFT                         NFT INVERSA     FFT INVERSA
-----     -----------------------     -----------------------     -----------     -----------
   47         818.000       0.000            -nan        -nan              47            -nan
   56         -44.539     -80.858            -nan        -nan              56            -nan
  199        -238.000     102.000           0.000        -nan             199            -nan
  159         102.539     109.142           0.000      -0.000             159               0
   18         -82.000      -0.001           0.000       0.000              18               0
  118         102.539    -109.142           0.000       0.000             118               0
  104        -237.999    -102.001           0.000       0.000             104               0
  117         -44.538      80.858           0.000       0.000             117               0
