SINAL     NFT                         FFT                         NFT INVERSA     FFT INVERSA
-----     -----------------------     -----------------------     -----------     -----------
   87        1163.000       0.000            -nan        -nan              87            -nan
   12        -293.940      61.163            -nan        -nan              12            -nan
  196        -162.000      99.000           0.000        -nan             196            -nan
  205         111.940      -8.837           0.000      -0.000             205               0
  178         221.000       0.000           0.000       0.000             178               0
  174         111.939       8.837           0.000       0.000             174               0
  231        -162.000     -99.001           0.000       0.000             231               0
   80        -293.938     -61.165           0.000       0.000              80               0
