SINAL     NFT                         FFT                         NFT INVERSA     FFT INVERSA
-----     -----------------------     -----------------------     -----------     -----------
  190        1049.000       0.000            -nan        -nan             190            -nan
  236          -1.795    -202.195            -nan        -nan             236            -nan
   24         338.000       1.000           0.000        -nan              24            -nan
  201        -102.204    -294.195          -0.000      -0.000             201               0
  242           3.000       0.000           0.000       0.000             242               0
   25        -102.205     294.194           0.000       0.000              25               0
   70         338.001      -1.000           0.000       0.000              70               0
   61          -1.795     202.193           0.000       0.000              61               0
