SINAL     NFT                         FFT                         NFT INVERSA     FFT INVERSA
-----     -----------------------     -----------------------     -----------     -----------
  145         481.000       0.000            -nan        -nan             145            -nan
   31          66.088      31.213            -nan        -nan              31            -nan
   17         129.000      38.000           0.000        -nan              17            -nan
   86         167.912      11.213           0.000      -0.000              86               0
   28         -47.000      -0.001           0.000       0.000              28               0
   82         167.912     -11.213           0.000       0.000              82               0
   27         129.000     -38.000           0.000       0.000              27               0
   65          66.089     -31.213           0.000       0.000              65               0
