SINAL     NFT                         FFT                         NFT INVERSA     FFT INVERSA
-----     -----------------------     -----------------------     -----------     -----------
  204        1224.000       0.000            -nan        -nan             204            -nan
   99          16.544     191.823            -nan        -nan              99            -nan
  131          14.000     -70.000           0.000        -nan             131            -nan
   82          67.456      11.823           0.000      -0.000              82               0
  162         212.000      -0.000           0.000       0.000             162               0
  189          67.456     -11.824           0.000       0.000             189               0
  221          14.000      69.999           0.000       0.000             221               0
  136          16.547    -191.824           0.000       0.000             136               0
