SINAL     NFT                         FFT                         NFT INVERSA     FFT INVERSA
-----     -----------------------     -----------------------     -----------     -----------
  157         883.000       0.000            -nan        -nan             157            -nan
   18          80.648      77.258            -nan        -nan              18            -nan
  100         105.999     267.000           0.000        -nan             100            -nan
  127          11.351     153.258           0.000      -0.000             127               0
  111         -23.000      -0.001           0.000       0.000             111               0
   75          11.353    -153.259           0.000       0.000              75               0
   62         106.002    -267.000           0.000       0.000              62               0
  233          80.650     -77.258           0.000       0.000             233               0
