SINAL     NFT                         FFT                         NFT INVERSA     FFT INVERSA
-----     -----------------------     -----------------------     -----------     -----------
   98         917.000       0.000            -nan        -nan              98            -nan
   35         -66.314     206.499            -nan        -nan              35            -nan
  109         115.000     -34.000           0.000        -nan             109            -nan
   26         -43.687     370.499           0.000      -0.000              26               0
  153        -143.000      -0.001           0.000       0.000             153               0
  247         -43.685    -370.500           0.000       0.000             247               0
   27         115.000      34.000           0.000       0.000              27               0
  222         -66.312    -206.500           0.000       0.000             222               0
