SINAL     NFT                         FFT                         NFT INVERSA     FFT INVERSA
-----     -----------------------     -----------------------     -----------     -----------
  228        1069.000       0.000            -nan        -nan             228            -nan
  182         138.451      -8.782            -nan        -nan             182            -nan
  103         167.000     -90.000           0.000        -nan             103            -nan
   49        -110.451    -146.782           0.000      -0.000              49               0
  214         365.000       0.001           0.000       0.000             214               0
   39        -110.451     146.781           0.000       0.000              39               0
  172         167.000      90.000           0.000       0.000             172               0
   82         138.452       8.781           0.000       0.000              82               0
