SINAL     NFT                         FFT                         NFT INVERSA     FFT INVERSA
-----     -----------------------     -----------------------     -----------     -----------
  245         861.000       0.000            -nan        -nan             245            -nan
   22         -64.610     218.546            -nan        -nan              22            -nan
    5         459.000    -132.000           0.000        -nan               5            -nan
   13          96.610     208.546           0.000      -0.000              13               0
  229         117.000      -0.001           0.000       0.000             229               0
  230          96.611    -208.547           0.000       0.000             230               0
   10         459.000     132.001           0.000       0.000              10               0
  107         -64.609    -218.548           0.000       0.000             107               0
