SINAL     NFT                         FFT                         NFT INVERSA     FFT INVERSA
-----     -----------------------     -----------------------     -----------     -----------
   64        1006.000       0.000            -nan        -nan              64            -nan
   65        -171.486     237.208            -nan        -nan              65            -nan
   18         138.000     120.000           0.000        -nan              18            -nan
  131        -154.515       3.208           0.000      -0.000             131               0
  227        -118.000      -0.001           0.000       0.000             227               0
  156        -154.514      -3.209           0.000       0.000             156               0
  135         138.001    -120.000           0.000       0.000             135               0
  210        -171.483    -237.209           0.000       0.000             210               0
