SINAL     NFT                         FFT                         NFT INVERSA     FFT INVERSA
-----     -----------------------     -----------------------     -----------     -----------
  121        1262.000       0.000            -nan        -nan             121            -nan
   69         -18.683     149.596            -nan        -nan              69            -nan
  242         -83.000      39.000           0.000        -nan             242            -nan
   31        -181.318     267.596           0.000      -0.000              31               0
  221         272.000      -0.000           0.000       0.000             221               0
  159        -181.316    -267.598           0.000       0.000             159               0
  183         -82.999     -39.001           0.000       0.000             183               0
  236         -18.680    -149.597           0.000       0.000             236               0
