SINAL     NFT                         FFT                         NFT INVERSA     FFT INVERSA
-----     -----------------------     -----------------------     -----------     -----------
  153        1300.000       0.000        3831.262  -32495.974             153            -nan
  197         142.941    -186.439            -nan      -0.053             197              36
  227        -154.000     130.000           0.000        -nan             227            -nan
  238          75.059      19.561          -0.000      -0.000             238               0
   44        -204.000      -0.001           0.000       0.000              44               0
  114          75.059     -19.562           0.000       0.000             114               0
  124        -153.999    -130.001           0.000       0.000             124               0
  203         142.942     186.439           0.000       0.000             203               0
