SINAL     NFT                         FFT                         NFT INVERSA     FFT INVERSA
-----     -----------------------     -----------------------     -----------     -----------
  207         994.000       0.000            -nan        -nan             207            -nan
   24         -22.262     123.208            -nan        -nan              24            -nan
  191        -134.000    -170.000           0.000        -nan             191            -nan
   70         348.262     117.208           0.000      -0.000              70               0
   44         278.000       0.000           0.000       0.000              44               0
  240         348.262    -117.208           0.000       0.000             240               0
  194        -134.001     169.999           0.000       0.000             194               0
   24         -22.260    -123.209           0.000       0.000              24               0
