SINAL     NFT                         FFT                         NFT INVERSA     FFT INVERSA
-----     -----------------------     -----------------------     -----------     -----------
   73        1120.000       0.000            -nan        -nan              73            -nan
  207         183.149     -44.036            -nan        -nan             207            -nan
  166        -294.001     155.999           0.000        -nan             166            -nan
  176        -125.149    -202.037           0.000      -0.000             176               0
   44         -64.000      -0.000           0.000       0.000              44               0
   11        -125.150     202.036           0.000       0.000              11               0
  245        -293.998    -156.002           0.000       0.000             245               0
  198         183.151      44.037           0.000       0.000             198               0
