SINAL     NFT                         FFT                         NFT INVERSA     FFT INVERSA
-----     -----------------------     -----------------------     -----------     -----------
   36        1062.000       0.000            -nan        -nan              36            -nan
  144        -114.172     -16.598            -nan        -nan             144            -nan
  204        -242.000     -74.000           0.000        -nan             204            -nan
  105        -119.828     -62.598           0.000      -0.000             105               0
  153         178.000       0.001           0.000       0.000             153               0
  114        -119.829      62.598           0.000       0.000             114               0
  227        -242.000      73.999           0.000       0.000             227               0
   79        -114.170      16.597           0.000       0.000              79               0
