SINAL     NFT                         FFT                         NFT INVERSA     FFT INVERSA
-----     -----------------------     -----------------------     -----------     -----------
   33        1731.000       0.000            -nan        -nan              33            -nan
    4         -85.929     508.234            -nan        -nan               4            -nan
   15        -312.508     -36.678           0.000        -nan              15            -nan
  207        -127.991     124.276            -nan        -nan             207               0
   44          -0.001     383.000          -0.000        -nan              44            -nan
   43          20.767      41.769           0.000       0.000              43               0
   68         206.508       1.322           0.000      -0.000              68               0
   41        -374.848    -266.275            -nan        -nan              41              -0
  175         145.000       0.001           0.000       0.000             175               0
   13        -374.850     266.270           0.000       0.000              13               0
  229         206.509      -1.322           0.000       0.000             229               0
  185          20.768     -41.771           0.000       0.000             185               0
  217           0.003    -383.001           0.000       0.000             217               0
  145        -127.990    -124.276           0.000       0.000             145               0
  157        -312.506      36.674           0.000       0.000             157               0
  155         -85.917    -508.234           0.000       0.000             155               0
