SINAL     NFT                         FFT                         NFT INVERSA     FFT INVERSA
-----     -----------------------     -----------------------     -----------     -----------
   51        1679.000       0.000            -nan        -nan              51            -nan
  197           5.693    -157.752            -nan        -nan             197            -nan
  187         239.123      -8.506           0.000        -nan             187            -nan
    9         338.133     -91.503            -nan        -nan               9               0
   11        -364.000    -327.001          -0.000        -nan              11            -nan
  182        -143.744     514.500           0.000       0.000             182               0
  249        -243.124     -32.508           0.000      -0.000             249               0
   31        -128.086     192.251            -nan        -nan              31              -0
   33        -271.000      -0.002           0.000       0.000              33               0
  221        -128.083    -192.253           0.000       0.000             221               0
   74        -243.123      32.504           0.000       0.000              74               0
   75        -143.737    -514.501           0.000       0.000              75               0
   75        -364.000     326.998           0.000       0.000              75               0
   51         338.136      91.506           0.000       0.000              51               0
   24         239.126       8.508           0.000       0.000              24               0
  209           5.696     157.751           0.000       0.000             209               0
