SINAL     NFT                         FFT                         NFT INVERSA     FFT INVERSA
-----     -----------------------     -----------------------     -----------     -----------
   92        2062.000       0.000        2062.000       0.000              92              92
   78        -296.362     163.022        -296.362     163.022              78              78
  116          52.754      35.837          52.754      35.837             116             116
  131         200.270    -252.431         200.270    -252.431             131             131
    2        -363.002     496.999        -363.002     496.999               2               2
  100        -150.966    -113.712        -150.966    -113.712             100             100
  221         201.247     -88.163         201.247     -88.163             221             221
  211         -72.941    -230.257         -72.941    -230.257             211             211
  172         268.000       0.002         268.000       0.002             172             172
    5         -72.944     230.256         -72.944     230.256               5               5
  235         201.245      88.163         201.245      88.163             235             235
  253        -150.968     113.707        -150.968     113.707             253             253
  135        -362.995    -497.004        -362.995    -497.004             135             135
   17         200.271     252.433         200.271     252.433              17              17
  192          52.756     -35.838          52.756     -35.838             192             192
  102        -296.354    -163.026        -296.354    -163.026             102             102
