SINAL     NFT                         FFT                         NFT INVERSA     FFT INVERSA
-----     -----------------------     -----------------------     -----------     -----------
   37        2271.000       0.000        2271.000       0.000              37              37
  217         -41.878     -95.284         -41.878     -95.284             217             217
  193         151.596    -218.334         151.596    -218.334             193             193
  177        -210.568    -105.078        -210.568    -105.078             177             177
  102         129.999     -44.999         129.999     -44.999             102             102
  132        -104.364     332.551        -104.364     332.551             132             132
   98        -265.598     171.664        -265.598     171.664              98              98
  151        -287.195      -9.656        -287.195      -9.656             151             151
  198        -423.000      -0.003        -423.000      -0.003             198             198
  213        -287.193       9.652        -287.193       9.652             213             213
  103        -265.594    -171.668        -265.594    -171.668             103             103
   83        -104.357    -332.552        -104.357    -332.552              83              83
  190         130.002      45.002         130.002      45.002             190             190
  134        -210.566     105.077        -210.566     105.077             134             134
    3         151.598     218.336         151.598     218.336               3               3
  240         -41.871      95.282         -41.871      95.282             240             240
