SINAL     NFT                         FFT                         NFT INVERSA     FFT INVERSA
-----     -----------------------     -----------------------     -----------     -----------
  144        2281.000       0.000            -nan        -nan             144            -nan
  180          23.481     -88.953            -nan        -nan             180            -nan
   53          36.642     144.979           0.000        -nan              53            -nan
  188        -258.981      13.116            -nan        -nan             188               0
  220         388.000     -51.000          -0.000        -nan             220            -nan
   94         161.139     -44.298           0.000       0.000              94               0
  116        -230.643    -169.022           0.000      -0.000             116               0
  190         -33.640     -34.367            -nan        -nan             190              -0
  171        -149.000      -0.001           0.000       0.000             171               0
  188         -33.640      34.366           0.000       0.000             188               0
   38        -230.643     169.018           0.000       0.000              38               0
   60         161.142      44.297           0.000       0.000              60               0
  192         388.000      51.001           0.000       0.000             192               0
  171        -258.979     -13.121           0.000       0.000             171               0
  132          36.648    -144.980           0.000       0.000             132               0
  144          23.487      88.952           0.000       0.000             144               0
