SINAL     NFT                         FFT                         NFT INVERSA     FFT INVERSA
-----     -----------------------     -----------------------     -----------     -----------
  136        2020.000       0.000        2020.000       0.000             136             136
  254        -400.639     118.402        -400.639     118.402             254             254
   15         233.969    -129.472         233.969    -129.472              15              15
    7         356.937    -231.192         356.937    -231.192               7               7
  110          -9.000    -357.000          -9.000    -357.000             110             110
   82         255.016    -207.233         255.016    -207.233              82              82
  249        -137.969    -143.472        -137.969    -143.472             249             249
  132        -291.314      46.360        -291.314      46.360             132             132
  156         142.000       0.001         142.000       0.001             156             156
  184        -291.313     -46.363        -291.313     -46.363             184             184
  254        -137.968     143.471        -137.968     143.471             254             254
  121         255.016     207.235         255.016     207.235             121             121
  134          -9.001     356.999          -9.001     356.999             134             134
  128         356.937     231.193         356.937     231.193             128             128
   27         233.968     129.471         233.968     129.471              27              27
   31        -400.633    -118.409        -400.633    -118.409              31              31
