SINAL     NFT                         FFT                         NFT INVERSA     FFT INVERSA
-----     -----------------------     -----------------------     -----------     -----------
  162        1623.000       0.000        1623.000       0.000             162             162
   35         -88.048      12.755         -88.048      12.755              35              35
  142         248.204     -85.962         248.204     -85.962             142             142
  148        -242.952    -122.380        -242.952    -122.380             148             148
   44         189.999     353.000         189.999     353.000              44              44
   40        -112.151      51.335        -112.151      51.335              40              40
   41         147.796      -5.962         147.796      -5.962              41              41
  184         191.151    -217.529         191.151    -217.529             184             184
  225         301.000       0.001         301.000       0.001             225             225
   76         191.148     217.530         191.148     217.530              76              76
   71         147.795       5.961         147.795       5.961              71              71
  104        -112.151     -51.339        -112.151     -51.339             104             104
  145         190.003    -352.999         190.003    -352.999             145             145
    3        -242.952     122.378        -242.952     122.378               3               3
  132         248.206      85.963         248.206      85.963             132             132
   71         -88.043     -12.757         -88.043     -12.757              71              71
