SINAL     NFT                         FFT                         NFT INVERSA     FFT INVERSA
-----     -----------------------     -----------------------     -----------     -----------
   92        2237.000       0.000            -nan        -nan              92            -nan
   97         -70.858     147.526            -nan        -nan              97            -nan
  189        -226.744       8.986           0.000        -nan             189            -nan
  129        -186.150    -432.310            -nan        -nan             129               0
  128         253.999     261.001          -0.000        -nan             128            -nan
  119        -161.111     -28.706           0.000       0.000             119               0
   64          20.743     246.986           0.000      -0.000              64               0
  248          94.118     103.131            -nan        -nan             248              -0
  173        -213.000      -0.002           0.000       0.000             173               0
   55          94.120    -103.132           0.000       0.000              55               0
   60          20.745    -246.987           0.000       0.000              60               0
  241        -161.111      28.704           0.000       0.000             241               0
  240         254.003    -260.998           0.000       0.000             240               0
  211        -186.154     432.308           0.000       0.000             211               0
   66        -226.741      -8.990           0.000       0.000              66               0
  125         -70.848    -147.528           0.000       0.000             125               0
