SINAL     NFT                         FFT                         NFT INVERSA     FFT INVERSA
-----     -----------------------     -----------------------     -----------     -----------
   60        1821.000       0.000            -nan        -nan              60            -nan
   52         118.588     196.001            -nan        -nan              52            -nan
  109        -187.526      94.447           0.000        -nan             109            -nan
  231        -344.748      18.995            -nan        -nan             231               0
    7         -42.000      61.000          -0.000        -nan               7            -nan
  135          27.100     246.284           0.000       0.000             135               0
   57         215.525      14.447           0.000      -0.000              57               0
   88         -28.942    -172.710            -nan        -nan              88              -0
  117        -377.000      -0.002           0.000       0.000             117               0
  117         -28.942     172.709           0.000       0.000             117               0
   62         215.526     -14.447           0.000       0.000              62               0
  111          27.102    -246.285           0.000       0.000             111               0
  156         -42.000     -61.000           0.000       0.000             156               0
  215        -344.746     -18.999           0.000       0.000             215               0
  154        -187.521     -94.449           0.000       0.000             154               0
  150         118.597    -195.999           0.000       0.000             150               0
