SINAL     NFT                         FFT                         NFT INVERSA     FFT INVERSA
-----     -----------------------     -----------------------     -----------     -----------
  197        2085.000       0.000            -nan        -nan             197            -nan
   13         -67.235     322.490            -nan        -nan              13            -nan
   45        -260.510     341.599           0.000        -nan              45            -nan
   12         127.988     154.342            -nan        -nan              12               0
  216         101.000    -112.001          -0.000        -nan             216            -nan
  160         167.167    -295.419           0.000       0.000             160               0
   96         -79.491     215.599           0.000      -0.000              96               0
  161         252.081    -175.271            -nan        -nan             161              -0
   77         585.000       0.002           0.000       0.000              77               0
   72         252.077     175.272           0.000       0.000              72               0
  232         -79.489    -215.602           0.000       0.000             232               0
   81         167.164     295.419           0.000       0.000              81               0
  228         100.999     111.998           0.000       0.000             228               0
  186         127.989    -154.344           0.000       0.000             186               0
  244        -260.505    -341.605           0.000       0.000             244               0
   65         -67.224    -322.491           0.000       0.000              65               0
