SINAL     NFT                         FFT                         NFT INVERSA     FFT INVERSA
-----     -----------------------     -----------------------     -----------     -----------
  243        1948.000       0.000        1948.000       0.000             243             243
  113          75.983       7.880          75.983       7.880             113             113
   94          -7.837     -47.514          -7.837     -47.514              94              94
  102        -105.995     133.326        -105.995     133.326             102             102
  197         447.001    -452.999         447.001    -452.999             197             197
  118         133.986     215.913         133.986     215.913             118             118
  101         -60.162    -273.514         -60.162    -273.514             101             101
    2         232.025     -77.533         232.025     -77.533               2               2
  159         510.000       0.002         510.000       0.002             159             159
  246         232.023      77.535         232.023      77.535             246             246
   45         -60.165     273.511         -60.165     273.511              45              45
   12         133.990    -215.913         133.990    -215.913              12              12
  239         446.996     453.002         446.996     453.002             239             239
  109        -105.993    -133.331        -105.993    -133.331             109             109
  151          -7.835      47.511          -7.835      47.511             151             151
   17          75.989      -7.882          75.989      -7.882              17              17
