SINAL     NFT                         FFT                         NFT INVERSA     FFT INVERSA
-----     -----------------------     -----------------------     -----------     -----------
  166        2036.000       0.000        2036.000       0.000             166             166
  170         113.845     -33.656         113.845     -33.656             170             170
   27        -245.559     -40.096        -245.559     -40.096              27              27
  190         258.715      89.926         258.715      89.926             190             190
  183          67.999     123.999          67.999     123.999             183             183
  169          18.866    -432.047          18.866    -432.047             169             169
   86         263.559    -138.095         263.559    -138.095              86              86
  113         -31.427     -23.629         -31.427     -23.629             113             113
   76        -272.000      -0.002        -272.000      -0.002              76              76
   29         -31.425      23.628         -31.425      23.628              29              29
  152         263.558     138.097         263.558     138.097             152             152
  251          18.863     432.045          18.863     432.045             251             251
   50          68.002    -124.002          68.002    -124.002              50              50
  147         258.717     -89.925         258.717     -89.925             147             147
  142        -245.557      40.092        -245.557      40.092             142             142
   85         113.852      33.655         113.852      33.655              85              85
