SINAL     NFT                         FFT                         NFT INVERSA     FFT INVERSA
-----     -----------------------     -----------------------     -----------     -----------
  241        1858.000       0.000            -nan        -nan             241            -nan
  123          74.101      95.958            -nan        -nan             123            -nan
   50        -197.614    -202.129           0.000        -nan              50            -nan
  154         366.569     -93.991            -nan        -nan             154               0
  125         231.000       7.000          -0.000        -nan             125            -nan
  119         330.533     -18.133           0.000       0.000             119               0
  101         103.614     -82.129           0.000      -0.000             101               0
   92         164.795      -8.185            -nan        -nan              92              -0
    7        -148.000      -0.002           0.000       0.000               7               0
  123         164.796       8.184           0.000       0.000             123               0
  136         103.614      82.128           0.000       0.000             136               0
  202         330.534      18.134           0.000       0.000             202               0
  170         231.001      -7.000           0.000       0.000             170               0
  133         366.568      93.992           0.000       0.000             133               0
   25        -197.614     202.124           0.000       0.000              25               0
   57          74.108     -95.960           0.000       0.000              57               0
