SINAL     NFT                         FFT                         NFT INVERSA     FFT INVERSA
-----     -----------------------     -----------------------     -----------     -----------
  113        1981.000       0.000            -nan        -nan             113            -nan
   93          12.947    -187.563            -nan        -nan              93            -nan
  232        -115.136    -314.335           0.000        -nan             232            -nan
  247        -219.437     -57.427            -nan        -nan             247               0
   47          64.000     -31.000          -0.000        -nan              47            -nan
  222        -108.997     217.977           0.000       0.000             222               0
   22         449.134     267.667           0.000      -0.000              22               0
   90          23.485     -64.159            -nan        -nan              90              -0
  186        -385.000      -0.003           0.000       0.000             186               0
  119          23.487      64.157           0.000       0.000             119               0
   97         449.138    -267.664           0.000       0.000              97               0
  149        -108.996    -217.978           0.000       0.000             149               0
   85          64.000      31.001           0.000       0.000              85               0
  173        -219.436      57.425           0.000       0.000             173               0
   16        -115.135     314.333           0.000       0.000              16               0
   90          12.952     187.560           0.000       0.000              90               0
