SINAL     NFT                         FFT                         NFT INVERSA     FFT INVERSA
-----     -----------------------     -----------------------     -----------     -----------
   14        1748.000       0.000            -nan        -nan              14            -nan
   19        -102.694     282.466            -nan        -nan              19            -nan
   14        -191.146     -22.330           0.000        -nan              14            -nan
  223        -174.915     354.520            -nan        -nan             223               0
  125        -165.001     366.999          -0.000        -nan             125            -nan
    7         221.625     -57.955           0.000       0.000               7               0
   89         -22.854    -222.330           0.000      -0.000              89               0
  131           7.980     281.991            -nan        -nan             131              -0
   26        -670.000      -0.005           0.000       0.000              26               0
  205           7.986    -281.991           0.000       0.000             205               0
  112         -22.855     222.329           0.000       0.000             112               0
  244         221.624      57.954           0.000       0.000             244               0
   22        -164.997    -367.003           0.000       0.000              22               0
  190        -174.910    -354.521           0.000       0.000             190               0
  137        -191.143      22.329           0.000       0.000             137               0
  190        -102.685    -282.466           0.000       0.000             190               0
