SINAL     NFT                         FFT                         NFT INVERSA     FFT INVERSA
-----     -----------------------     -----------------------     -----------     -----------
  187        2407.000       0.000            -nan        -nan             187            -nan
   94         -37.373     -24.446            -nan        -nan              94            -nan
  150        -168.412     108.870           0.000        -nan             150            -nan
  248         -76.485    -193.505            -nan        -nan             248               0
    9         -42.999    -160.000          -0.000        -nan               9            -nan
  244         103.621     341.691           0.000       0.000             244               0
  231         510.411     -55.129           0.000      -0.000             231               0
   52        -161.763    -401.251            -nan        -nan              52              -0
  230         331.000       0.002           0.000       0.000             230               0
   76        -161.767     401.248           0.000       0.000              76               0
  162         510.411      55.131           0.000       0.000             162               0
   82         103.623    -341.692           0.000       0.000              82               0
  237         -43.002     159.999           0.000       0.000             237               0
  185         -76.486     193.502           0.000       0.000             185               0
  163        -168.407    -108.874           0.000       0.000             163               0
   57         -37.365      24.444           0.000       0.000              57               0
