SINAL     NFT                         FFT                         NFT INVERSA     FFT INVERSA
-----     -----------------------     -----------------------     -----------     -----------
   45        2238.000       0.000        2238.000       0.000              45              45
   15        -375.341     174.378        -375.341     174.378              15              15
   68         -12.193      84.281         -12.193      84.281              68              68
  220         -27.785     141.270         -27.785     141.270             220             220
   65        -263.002     614.999        -263.002     614.999              65              65
  106         -99.078      13.112         -99.078      13.112             106             106
  171           6.193    -167.720           6.193    -167.720             171             171
  239          22.205    -285.778          22.205    -285.778             239             239
  165         -20.000       0.000         -20.000       0.000             165             165
  125          22.202     285.778          22.202     285.778             125             125
  212           6.191     167.718           6.191     167.718             212             212
  234         -99.078     -13.116         -99.078     -13.116             234             234
  148        -262.994    -615.003        -262.994    -615.003             148             148
   11         -27.782    -141.269         -27.782    -141.269              11              11
  235         -12.190     -84.280         -12.190     -84.280             235             235
  179        -375.332    -174.381        -375.332    -174.381             179             179
