SINAL     NFT                         FFT                         NFT INVERSA     FFT INVERSA
-----     -----------------------     -----------------------     -----------     -----------
  133        1976.000       0.000            -nan        -nan             133            -nan
   87        -208.745     171.205            -nan        -nan              87            -nan
   72          46.038      98.092           0.000        -nan              72            -nan
   19          77.493     135.298            -nan        -nan              19               0
  172          29.000       8.999          -0.000        -nan             172            -nan
  130        -254.848    -361.102           0.000       0.000             130               0
   99         137.963     -59.908           0.000      -0.000              99               0
  136         102.100      70.806            -nan        -nan             136              -0
  204         294.000       0.001           0.000       0.000             204               0
   98         102.100     -70.806           0.000       0.000              98               0
  165         137.961      59.909           0.000       0.000             165               0
  203        -254.852     361.097           0.000       0.000             203               0
   73          29.001      -9.002           0.000       0.000              73               0
  101          77.496    -135.300           0.000       0.000             101               0
  217          46.041     -98.093           0.000       0.000             217               0
   67        -208.737    -171.208           0.000       0.000              67               0
