SINAL     NFT                         FFT                         NFT INVERSA     FFT INVERSA
-----     -----------------------     -----------------------     -----------     -----------
  238        2171.000       0.000            -nan        -nan             238            -nan
   22         120.245     262.587            -nan        -nan              22            -nan
  108        -136.498     161.043           0.000        -nan             108            -nan
  131          84.851     -46.470            -nan        -nan             131               0
  127         110.999     242.000          -0.000        -nan             127            -nan
  112         375.433     -66.945           0.000       0.000             112               0
   67         -37.504     365.042           0.000      -0.000              67               0
  241         283.470    -129.889            -nan        -nan             241              -0
   22          35.000      -0.001           0.000       0.000              22               0
   74         283.469     129.887           0.000       0.000              74               0
  191         -37.500    -365.046           0.000       0.000             191               0
  121         375.433      66.946           0.000       0.000             121               0
  220         111.002    -242.001           0.000       0.000             220               0
  205          84.851      46.469           0.000       0.000             205               0
  130        -136.493    -161.047           0.000       0.000             130               0
  162         120.255    -262.587           0.000       0.000             162               0
