SINAL     NFT                         FFT                         NFT INVERSA     FFT INVERSA
-----     -----------------------     -----------------------     -----------     -----------
   24        1756.000       0.000            -nan        -nan              24            -nan
  108         125.794     484.095            -nan        -nan             108            -nan
   60         -67.181     273.525           0.000        -nan              60            -nan
   39        -168.535      67.769            -nan        -nan              39               0
   38         -23.000     -93.000          -0.000        -nan              38            -nan
  143        -270.995       1.588           0.000       0.000             143               0
    0        -130.820     129.525           0.000      -0.000              -0               0
  112         -22.265    -202.086            -nan        -nan             112              -0
  108        -258.000      -0.001           0.000       0.000             108               0
  107         -22.267     202.085           0.000       0.000             107               0
   97        -130.819    -129.527           0.000       0.000              97               0
  107        -270.993      -1.591           0.000       0.000             107               0
  193         -22.999      92.999           0.000       0.000             193               0
  192        -168.532     -67.773           0.000       0.000             192               0
  229         -67.174    -273.527           0.000       0.000             229               0
  199         125.806    -484.092           0.000       0.000             199               0
