SINAL     NFT                         FFT                         NFT INVERSA     FFT INVERSA
-----     -----------------------     -----------------------     -----------     -----------
  180        1535.000       0.000        1535.000       0.000             180             180
   56          21.776     139.584          21.776     139.584              56              56
    1        -111.569     356.350        -111.569     356.350               1               1
   11         234.633     -16.615         234.633     -16.615              11              11
  186         -47.000     -44.001         -47.000     -44.001             186             186
   11         424.034    -275.325         424.034    -275.325              11              11
  248           1.568     -87.650           1.568     -87.650             248             248
   75        -132.444     256.872        -132.444     256.872              75              75
   43         563.000       0.001         563.000       0.001              43              43
    9        -132.442    -256.875        -132.442    -256.875               9               9
  162           1.569      87.649           1.569      87.649             162             162
   72         424.031     275.327         424.031     275.327              72              72
   92         -47.000      43.997         -47.000      43.997              92              92
  189         234.633      16.614         234.633      16.614             189             189
  137        -111.564    -356.353        -111.564    -356.353             137             137
   63          21.783    -139.584          21.783    -139.584              63              63
