SINAL     NFT                         FFT                         NFT INVERSA     FFT INVERSA
-----     -----------------------     -----------------------     -----------     -----------
  140        2439.000       0.000        2439.000       0.000             140             140
  242         145.140    -115.463         145.140    -115.463             242             242
  203         306.597    -153.012         306.597    -153.012             203             203
  176        -103.312     222.394        -103.312     222.394             176             176
   70        -343.000    -280.001        -343.000    -280.001              70              70
  203        -112.027     -84.969        -112.027     -84.969             203             203
  114         227.401      70.988         227.401      70.988             114             114
   83        -173.802    -158.827        -173.802    -158.827              83              83
  201         -93.000      -0.001         -93.000      -0.001             201             201
  173        -173.802     158.824        -173.802     158.824             173             173
  232         227.403     -70.987         227.403     -70.987             232             232
   71        -112.028      84.967        -112.028      84.967              71              71
    4        -343.000     279.996        -343.000     279.996               4               4
  155        -103.304    -222.397        -103.304    -222.397             155             155
  209         306.601     153.014         306.601     153.014             209             209
  163         145.146     115.462         145.146     115.462             163             163
