SINAL     NFT                         FFT                         NFT INVERSA     FFT INVERSA
-----     -----------------------     -----------------------     -----------     -----------
  253        1887.000       0.000            -nan        -nan             253            -nan
  136          33.050    -115.273            -nan        -nan             136            -nan
  112          21.419    -273.120           0.000        -nan             112            -nan
  183         -39.783    -184.238            -nan        -nan             183               0
  148         477.000      38.001          -0.000        -nan             148            -nan
  104         155.735    -149.301           0.000       0.000             104               0
    3         216.581     -69.120           0.000      -0.000               3               0
  191         410.997     115.664            -nan        -nan             191              -0
  113        -389.000      -0.003           0.000       0.000             113               0
  165         411.000    -115.662           0.000       0.000             165               0
    7         216.580      69.120           0.000       0.000               7               0
  206         155.734     149.301           0.000       0.000             206               0
   99         477.000     -37.998           0.000       0.000              99               0
  145         -39.785     184.235           0.000       0.000             145               0
   14          21.419     273.117           0.000       0.000              14               0
    8          33.055     115.269           0.000       0.000               8               0
