SINAL     NFT                         FFT                         NFT INVERSA     FFT INVERSA
-----     -----------------------     -----------------------     -----------     -----------
  206        3203.000       0.000            -nan        -nan             206            -nan
   24         132.247    -517.217            -nan        -nan              24            -nan
    9        -349.330    -243.416            -nan        -nan               9            -nan
  203        -108.062     409.718            -nan        -nan             203            -nan
  205        -346.369    -448.234            -nan        -nan             205            -nan
  131        -104.027    -110.595     -105692489670896681258611589573708249066193510409637423397380393255930384818279367254916891005056165201753099828957627018929866942500934453670467707878125342739611927798949634232255401362062918600650268698030275194683207440780809074563559487948141234403153546208068715085744636882868949221376.000 -86755636697076320794345799519009123222609644055338996540406481879739427512843835434896274401520363210534417483099318512144136328522079831589223846707748911424361333359665896571250159805843383796375884325671294403230888595701620253017804111595119657018534773278546228797854790056467272564736.000             131            -nan
  182         233.696     365.480            -nan        -nan             182            2583649551806822502500515621529127026387062327959038298778406076265242430221889930968635080240314613289796477783805092435377869068602942738769735869894627761459365649258085365084669515178790195269905484377359182675331720610715206258237362280140456804050396825978088599795304209842176
   31         621.962     220.940            -nan        -nan              31            -nan
  193         201.000    -106.000           0.000       0.000             193            -nan
  207         152.303     358.965           0.000       0.000             207               0
  231         224.059     -82.130            -nan        -nan             231               0
   77         404.541    -318.792           0.000      -0.000              77            -nan
   21         284.368      43.768           0.000      32.145              21              -0
  135         227.705    -656.788         -77.606       0.000             135               0
   16         139.568     520.979           0.000       0.000              16              -0
   49        -118.671     258.498            -nan        -nan              49               0
   55         199.000      -0.002           0.000       0.000              55               0
   55        -118.664    -258.507           0.000       0.000              55               0
  209         139.583    -520.974           0.000       0.000             209               0
   20         227.695     656.792           0.000       0.000              20               0
  192         284.372     -43.767           0.000       0.000             192               0
   96         404.535     318.795           0.000       0.000              96               0
   31         224.056      82.126           0.000       0.000              31               0
   62         152.311    -358.968           0.000       0.000              62               0
    6         201.000     105.999           0.000       0.000               6               0
   76         621.965    -220.933           0.000       0.000              76               0
   49         233.698    -365.476           0.000       0.000              49               0
  232        -104.034     110.594           0.000       0.000             232               0
   73        -346.377     448.222           0.000       0.000              73               0
   80        -108.048    -409.724           0.000       0.000              80               0
   23        -349.323     243.408           0.000       0.000              23               0
   24         132.260     517.213           0.000       0.000              24               0
