SINAL     NFT                         FFT                         NFT INVERSA     FFT INVERSA
-----     -----------------------     -----------------------     -----------     -----------
   14        4062.000       0.000            -nan        -nan              14            -nan
  229         137.315     278.832            -nan        -nan             229            -nan
   21          47.621     653.637            -nan        -nan              21            -nan
  116        -469.865    -210.937            -nan        -nan             116            -nan
  107        -300.400    -269.727            -nan        -nan             107            -nan
  221         226.753       3.308     1463036353624167958804635723368002941932130646915559000114963086711402964865537111596693549337210764538039844998673822613589776623993881342941155001650910489169511842568198522230937106453159379533168811791597661933979732406547437699342124886989609376898584761851607748435338942480384.000 801813712917264327075046854870174537487007727989202382800942707409493059683734495101581458349311857158841793567489436935893429718889331770224093934428106157631669922391782247701524986253678437616903949314412622767052175007278795996428144325537092254050947156951381970928729495437312.000             221            -nan
   30         187.354     288.780            -nan        -nan              30            -1745295808100153738468917567816733626371212149949294162150184312593505121713141567256308930033763341822517739381007241720236297984398115097418575888268908095800661925755784156416156635177093864985844375804852435233962008810635021994125365194905072354875381163594779535081472
   68          47.156     -17.017            -nan        -nan              68            -nan
   68         145.000    -437.000           0.000       0.000              68            -nan
  100        -360.452      25.503           0.000       0.000             100               0
  141         298.092    -538.123            -nan        -nan             141               0
  135        -429.317     544.207           0.000      -0.000             135            -nan
   89         -41.600     -93.728           0.000      11.098              89              -0
  235        -215.981    -173.211         -26.793       0.000             235               0
  190          -9.072      26.732           0.000       0.000             190              -0
    3        -791.622    -125.831            -nan        -nan               3               0
  246        -556.000      -0.005           0.000       0.000             246               0
  121        -791.619     125.815           0.000       0.000             121               0
   34          -9.064     -26.731           0.000       0.000              34               0
   98        -215.979     173.207           0.000       0.000              98               0
  198         -41.598      93.724           0.000       0.000             198               0
    7        -429.299    -544.213           0.000       0.000               7               0
   60         298.086     538.133           0.000       0.000              60               0
  106        -360.446     -25.510           0.000       0.000             106               0
   61         144.999     437.001           0.000       0.000              61               0
  255          47.161      17.012           0.000       0.000             255               0
  250         187.365    -288.778           0.000       0.000             250               0
  229         226.755      -3.302           0.000       0.000             229               0
  166        -300.403     269.720           0.000       0.000             166               0
  205        -469.859     210.920           0.000       0.000             205               0
   78          47.652    -653.640           0.000       0.000              78               0
  181         137.349    -278.825           0.000       0.000             181               0
