SINAL     NFT                         FFT                         NFT INVERSA     FFT INVERSA
-----     -----------------------     -----------------------     -----------     -----------
   72        4355.000       0.000            -nan        -nan              72            -nan
   13        -280.065     106.827            -nan        -nan              13            -nan
   26        -247.058     142.347            -nan        -nan              26            -nan
  151        -701.891      10.378            -nan        -nan             151            -nan
  205         117.902     166.389            -nan        -nan             205            -nan
  148        -744.100     726.388     2726583100657932108645536886202224288008497722125494729648964432234916733874754140566625620573976715541710285325018421361291949164563618981492019314296746536228614007957589639583402762306709083784661283457460953374243949242255776153600.000 1558541922121750128030741319031291366729761914094244443655483430838041809479276538590786733251106627844688265621880593974057212153739631038080383595189720756647841804390666198437698958929272374969918034846842052562162197670209358135296.000             148            -nan
  156          62.839    -563.239            -nan        -nan             156            -8914515163182199545728090981062431348628341426197015680835381039187513086336630014664416740500411576285191925938317859275735084403354751670906203620893447572553006855771594509873021563980747455125307005893241939915454388633600
  161          48.094     182.030            -nan        -nan             161            -nan
  151         161.998     472.999           0.000       0.000             151            -nan
   54         -39.961    -296.230           0.000       0.000              54               0
  144           3.097    -153.357            -nan        -nan             144               0
  157         138.762    -288.747           0.000      -0.000             157            -nan
  206         -41.903      10.388           0.000       4.210             206              -0
   60         193.226    -185.098         -10.163       0.000              60               0
   49        -150.872    -131.772           0.000       0.000              49              -0
  206         113.941    -223.767            -nan        -nan             206               0
  231         681.000       0.009           0.000       0.000             231               0
  230         113.931     223.772           0.000       0.000             230               0
  220        -150.877     131.769           0.000       0.000             220               0
   61         193.222     185.101           0.000       0.000              61               0
   35         -41.904     -10.390           0.000       0.000              35               0
    0         138.755     288.749           0.000       0.000              -0               0
  211           3.092     153.354           0.000       0.000             211               0
  248         -39.967     296.222           0.000       0.000             248               0
  235         162.007    -473.002           0.000       0.000             235               0
   41          48.095    -182.028           0.000       0.000              41               0
  160          62.822     563.235           0.000       0.000             160               0
  149        -744.084    -726.410           0.000       0.000             149               0
  205         117.909    -166.385           0.000       0.000             205               0
  136        -701.884     -10.392           0.000       0.000             136               0
  212        -247.039    -142.352           0.000       0.000             212               0
   22        -280.032    -106.831           0.000       0.000              22               0
