SINAL     NFT                         FFT                         NFT INVERSA     FFT INVERSA
-----     -----------------------     -----------------------     -----------     -----------
   60        4459.000       0.000            -nan        -nan              60            -nan
   56        -244.335     471.799            -nan        -nan              56            -nan
  250        -337.583      38.536            -nan        -nan             250            -nan
  128          82.579    -199.959            -nan        -nan             128            -nan
  129         111.739    -641.873            -nan        -nan             129            -nan
   30         -31.656    -418.966     3011740926243995925950778719827418880944774636716294421264693116202739157282266473360704196904036416773117106294359346757243635257138580768126971528896033719998411563607380090144824423420083415343800127320081802303958798876031425083680740618943802314639242288154578153352004670324736.000 1629614651341871436395207780721110571950848078786716206735531692906602556329821561390514170839109346160763695632041266119332904678785402439491608524564572997360232661309076650300486356049112567187998916058461344550889374863497298895776688468816790977797496275399972071308146973343744.000              30            -nan
   64        -132.717     439.630            -nan        -nan              64            -1745295807320046103224320775542782796230044603564962069938459941800568967015923242957179538460752695026714200888106777087517562944902616920283451200072676246607840799475782843626536049458308727130166499068437574993821020003192316363281665335641925518812626024276650811719680
   24          23.086     279.748            -nan        -nan              24            -nan
  224          27.998     125.001           0.000       0.000             224            -nan
  175        -175.661     383.713           0.000       0.000             175               0
  189        -321.114     226.698            -nan        -nan             189               0
  100         129.361     275.156           0.000      -0.000             100            -nan
   87        -333.743     448.122           0.000      14.925              87              -0
  174         117.253     -91.758         -36.031       0.000             174               0
   55        -588.593     265.601           0.000       0.000              55              -0
  253         547.362     301.848            -nan        -nan             253               0
    4        -287.000      -0.008           0.000       0.000               4               0
  228         547.366    -301.844           0.000       0.000             228               0
  103        -588.590    -265.617           0.000       0.000             103               0
  149         117.251      91.755           0.000       0.000             149               0
  218        -333.732    -448.134           0.000       0.000             218               0
  201         129.368    -275.155           0.000       0.000             201               0
  100        -321.108    -226.706           0.000       0.000             100               0
  181        -175.648    -383.717           0.000       0.000             181               0
  185          28.006    -124.998           0.000       0.000             185               0
  216          23.096    -279.745           0.000       0.000             216               0
  245        -132.703    -439.625           0.000       0.000             245               0
  203         -31.658     418.974           0.000       0.000             203               0
  150         111.733     641.876           0.000       0.000             150               0
   44          82.581     199.955           0.000       0.000              44               0
   23        -337.570     -38.549           0.000       0.000              23               0
  211        -244.295    -471.805           0.000       0.000             211               0
