SINAL     NFT                         FFT                         NFT INVERSA     FFT INVERSA
-----     -----------------------     -----------------------     -----------     -----------
  201        4674.000       0.000            -nan        -nan             201            -nan
  230         691.896    -135.715            -nan        -nan             230            -nan
  166         174.415    -262.128            -nan        -nan             166            -nan
  246          93.703    -156.070            -nan        -nan             246            -nan
  217         -53.632    -449.355            -nan        -nan             217            -nan
  250         215.402     180.928     224072695446354263533048749158391632018575926857955316156638017405054922518614643115001575413310929526396249802997607067824428310565114535742456421888280337473326761959221567944395992802557461530504928456162358359444151345071216500096973030329318749149851867074933840808446793875456.000 139572962130734334045855815036264533840834264577654460413415298379907495352850268003754051246153154623482499617366919285447326199297593522066065770510507706079976142257466625000685174866069621939037694929076032855400102400205115299995135731066521310550368503878953327370988595183616.000             250            -nan
  109         310.617     726.289            -nan        -nan             109            -1743591417662557403087772659425363907412919976929125567842854884331587244693630454997656991549990020754704971234822911849297013727874308259252205488848809591624602986600330568734900377368027481153936443561034735473714619200451698344560033710849089676064106705185874204688384
   82        -125.459     154.986            -nan        -nan              82            -nan
  113         -16.001    -100.002           0.000       0.000             113            -nan
  156        -107.174    -194.832           0.000       0.000             156               0
  218        -318.600     290.412            -nan        -nan             218               0
   29         345.773    -673.085           0.000      -0.000              29            -nan
  243        -206.371     378.642           0.000       8.036             243              -0
   19         428.617      -4.666         -19.401       0.000              19               0
   22        -346.439    -358.005           0.000       0.000              22              -0
  240        -150.762     143.879            -nan        -nan             240               0
   27        -114.000      -0.003           0.000       0.000              27               0
  104        -150.758    -143.884           0.000       0.000             104               0
  163        -346.441     357.994           0.000       0.000             163               0
  106         428.621       4.668           0.000       0.000             106               0
  141        -206.361    -378.648           0.000       0.000             141               0
  210         345.760     673.089           0.000       0.000             210               0
   42        -318.593    -290.426           0.000       0.000              42               0
   34        -107.173     194.825           0.000       0.000              34               0
  160         -15.997      99.994           0.000       0.000             160               0
  173        -125.447    -154.998           0.000       0.000             173               0
  234         310.642    -726.286           0.000       0.000             234               0
  178         215.413    -180.919           0.000       0.000             178               0
   30         -53.632     449.355           0.000       0.000              30               0
  105          93.714     156.068           0.000       0.000             105               0
  194         174.430     262.127           0.000       0.000             194               0
  232         691.925     135.722           0.000       0.000             232               0
