SINAL     NFT                         FFT                         NFT INVERSA     FFT INVERSA
-----     -----------------------     -----------------------     -----------     -----------
   75        3600.000       0.000            -nan        -nan              75            -nan
  109        -186.192     150.165            -nan        -nan             109            -nan
  142          87.394    -226.328            -nan        -nan             142            -nan
  172        -539.478     161.091            -nan        -nan             172            -nan
   42          99.433    -458.744            -nan        -nan              42            -nan
   60          80.621    -122.096     -1052325601109901085585474890229418341265499107376624099131030149753690915073018191510937461742149657581838567871386046303451493187842840318263982146192933817054433452571536951719325977973142052840958607299952586612196547242674095817506015117097558020935063746411073429218872144626806897508352.000 -592742247604419107657549977536095775630034817911485745869522994382451539249124337214625058586457171233707274679720851727389227002704432088761664059341857856649277505818564129384327768447864154336299448914550404960765795062582801762856578089531571724923316855285325081012884889881394345410560.000              60            -nan
  189        -140.933    -331.890            -nan        -nan             189            2666994695770130340067749923409128615385776497766873805743942646897051220635541909161394478026828882770815207433901947759279515045964024336990721700250780167966738961076419772879903362239331737584007171186569511770582490490061812941215334801415135641025933789621118786400397912178688
  177          80.406    -395.358            -nan        -nan             177            -nan
   41        -133.001     179.001           0.000       0.000              41            -nan
   65         153.083     685.678           0.000       0.000              65               0
  199         288.171      24.486            -nan        -nan             199               0
    6          62.762      81.531           0.000      -0.000               6            -nan
   52        -603.434     211.249           0.000      33.676              52              -0
  104         230.674    -428.543         -81.301       0.000             104               0
   82        -146.630    -149.954           0.000       0.000              82              -0
  168          70.121      21.940            -nan        -nan             168               0
   81          -6.000      -0.000           0.000       0.000              81               0
  238          70.121     -21.938           0.000       0.000             238               0
  203        -146.633     149.952           0.000       0.000             203               0
  125         230.664     428.543           0.000       0.000             125               0
  194        -603.429    -211.268           0.000       0.000             194               0
   27          62.770     -81.533           0.000       0.000              27               0
   25         288.174     -24.485           0.000       0.000              25               0
  158         153.097    -685.675           0.000       0.000             158               0
   93        -132.997    -178.997           0.000       0.000              93               0
  162          80.399     395.364           0.000       0.000             162               0
  106        -140.938     331.886           0.000       0.000             106               0
  112          80.622     122.097           0.000       0.000             112               0
  254          99.425     458.742           0.000       0.000             254               0
   47        -539.468    -161.107           0.000       0.000              47               0
   19          87.402     226.326           0.000       0.000              19               0
   73        -186.165    -150.174           0.000       0.000              73               0
