SINAL     NFT                         FFT                         NFT INVERSA     FFT INVERSA
-----     -----------------------     -----------------------     -----------     -----------
  118        3993.000       0.000        3993.000       0.000             118             118
  225         226.923    -701.424         226.923    -701.424             225             225
   27         137.907     237.263         137.907     237.263              27              27
  120         212.496     331.518         212.496     331.518             120             120
   70         266.519     510.382         266.519     510.382              70              70
  249         159.819     177.163         159.819     177.163             249             249
   76        -323.134     -19.764        -323.134     -19.764              76              76
  243         435.095    -132.609         435.095    -132.609             243             243
  254        -215.003     225.998        -215.003     225.998             254             254
   56          37.981     -98.637          37.981     -98.637              56              56
  241        -301.188    -658.871        -301.188    -658.871             241             241
  133        -269.043     266.054        -269.043     266.054             133             133
   74           3.476     202.379           3.476     202.379              74              74
  177         119.186    -546.503         119.186    -546.503             177             177
  236          18.418    -537.842          18.418    -537.842             236             236
  106        -330.467     197.637        -330.467     197.637             106             106
   44        -575.000      -0.006        -575.000      -0.006              44              44
   98        -330.458    -197.640        -330.458    -197.640              98              98
  119          18.412     537.846          18.412     537.846             119             119
  118         119.178     546.499         119.178     546.499             118             118
   66           3.481    -202.386           3.481    -202.386              66              66
   42        -269.036    -266.059        -269.036    -266.059              42              42
    9        -301.196     658.863        -301.196     658.863               9               9
  237          37.986      98.630          37.986      98.630             237             237
   25        -214.990    -226.007        -214.990    -226.007              25              25
   56         435.098     132.614         435.098     132.614              56              56
   17        -323.128      19.751        -323.128      19.751              17              17
   84         159.833    -177.167         159.833    -177.167              84              84
   96         266.540    -510.380         266.540    -510.380              96              96
  126         212.512    -331.512         212.512    -331.512             126             126
  237         137.925    -237.255         137.925    -237.255             237             237
  214         226.935     701.429         226.935     701.429             214             214
