SINAL     NFT                         FFT                         NFT INVERSA     FFT INVERSA
-----     -----------------------     -----------------------     -----------     -----------
   33        3326.000       0.000            -nan        -nan              33            -nan
  180         147.635      20.478            -nan        -nan             180            -nan
  158        -261.314    -225.758            -nan        -nan             158            -nan
  147          43.543    -722.268            -nan        -nan             147            -nan
   97         -41.203     459.014            -nan        -nan              97            -nan
  103         382.352    -687.556     -1169432544498629306332909548889038486062889202291487862764880647501730639761772226103940747126302783580713821012561247973682095926918878680991571636918176175236264694605126292118367846333369354210778293885915123775001726492337351669489265450604066421556117504.000 -668459232089724858078237670338092456610819547792173659532874212997065200481643802862740404797834958176200301656174248108539013340260594886020168655431488148659545477050673247589622181191878508603391524761412907706166197965246715784498505268429908093643522048.000             103            -nan
  201         -97.076     202.797            -nan        -nan             201            3823438992284077335170328559363478197027191311420794124120734365447964996910597847430043546900124535382350552438156648865959375898371651467097260354764010591968684626705369882393968765837871223915489646971087667066394007843413304552297643631234252800
   47        -205.731     185.654            -nan        -nan              47            -nan
  177        -175.998    -424.001           0.000       0.000             177            -nan
   69          18.108     107.567           0.000       0.000              69               0
    8        -129.158     296.342            -nan        -nan               8               0
   29          49.498      97.798           0.000      -0.000              29            -nan
   66         -80.802     101.012           0.000       6.506              66              -0
  249        -361.048    -368.965         -15.706       0.000             249               0
  143        -516.458     107.785           0.000       0.000             143              -0
  171         165.641      46.341            -nan        -nan             171               0
    3        -146.000      -0.002           0.000       0.000               3               0
   23         165.640     -46.338           0.000       0.000              23               0
    7        -516.458    -107.795           0.000       0.000               7               0
   10        -361.052     368.956           0.000       0.000              10               0
  125         -80.794    -101.018           0.000       0.000             125               0
  242          49.503     -97.799           0.000       0.000             242               0
  151        -129.149    -296.344           0.000       0.000             151               0
   87          18.113    -107.562           0.000       0.000              87               0
  110        -176.005     423.998           0.000       0.000             110               0
  176        -205.721    -185.660           0.000       0.000             176               0
  179         -97.063    -202.794           0.000       0.000             179               0
   36         382.343     687.564           0.000       0.000              36               0
   96         -41.189    -459.015           0.000       0.000              96               0
   38          43.534     722.270           0.000       0.000              38               0
   36        -261.307     225.746           0.000       0.000              36               0
  129         147.659     -20.480           0.000       0.000             129               0
