SINAL     NFT                         FFT                         NFT INVERSA     FFT INVERSA
-----     -----------------------     -----------------------     -----------     -----------
  183        3694.000       0.000        3694.000       0.000             183             183
   18         -53.435    -283.675         -53.435    -283.675              18              18
    4        -388.405     -67.245        -388.405     -67.245               4               4
  205         -55.783     195.638         -55.783     195.638             205             205
  140         500.367     200.127         500.367     200.127             140             140
   41        -301.410     171.870        -301.410     171.870              41              41
  187        -247.151     244.412        -247.151     244.412             187             187
  159        -113.123     118.191        -113.123     118.191             159             159
  238         249.000     189.000         249.000     189.000             238             238
  156         168.329      62.312         168.329      62.312             156             156
  196         491.491     -58.102         491.491     -58.102             196             196
   46         274.228      21.629         274.228      21.629              46              46
  118        -468.365    -393.881        -468.365    -393.881             118             118
   77         572.340    -696.658         572.340    -696.658              77              77
   44         -31.933    -225.759         -31.933    -225.759              44              44
  216         532.852     470.392         532.852     470.392             216             216
   55         -96.000      -0.004         -96.000      -0.004              55              55
  214         532.861    -470.381         532.861    -470.381             214             214
   16         -31.939     225.764         -31.939     225.764              16              16
   98         572.322     696.668         572.322     696.668              98              98
  130        -468.374     393.862        -468.374     393.862             130             130
   44         274.233     -21.633         274.233     -21.633              44              44
   99         491.489      58.105         491.489      58.105              99              99
  239         168.328     -62.317         168.328     -62.317             239             239
   44         249.000    -189.001         249.000    -189.001              44              44
  244        -113.124    -118.199        -113.124    -118.199             244             244
   23        -247.146    -244.422        -247.146    -244.422              23              23
   35        -301.400    -171.880        -301.400    -171.880              35              35
  116         500.376    -200.119         500.376    -200.119             116             116
   59         -55.776    -195.639         -55.776    -195.639              59              59
  206        -388.396      67.238        -388.396      67.238             206             206
   44         -53.416     283.671         -53.416     283.671              44              44
