SINAL     NFT                         FFT                         NFT INVERSA     FFT INVERSA
-----     -----------------------     -----------------------     -----------     -----------
  192        4099.000       0.000            -nan        -nan             192            -nan
  139          64.516     454.243            -nan        -nan             139            -nan
   41         -78.321    -113.257            -nan        -nan              41            -nan
   64        -694.053     157.758            -nan        -nan              64            -nan
   35         597.859     513.654            -nan        -nan              35            -nan
  207         110.495    -300.229     3940963669699038341208593893681214082061807821288629350710996626477189565131958048494043253717165645239426041826360388911120288695906791646938045307554720691910253981141413780461731177598535747598571600400412223380458243995128019025302741543159854650438125678901376572635097929351168.000 2126295214336454855062691488554594078105068089471475499739854078080687466099246074541305277678408600492369874363074861770131991236362155558656905739544500663247744349983028027389350342218635141195409049571368566242500484445673728177642001721637850630635908492507240259675724697305088.000             207            -nan
  168         415.353    -240.878            -nan        -nan             168            -1745295807320045382502705210291560718998905834676303384009538961048229445937581729744549527014508732075335137176294215626331721213178205478745147235057323117507593762044887479812751480731661302813844909710477992275763299884540205547569117045918682069409692849275274868555776
  224         -21.485     -99.699            -nan        -nan             224            -nan
  163          59.000     -32.001           0.000       0.000             163            -nan
   55         284.465    -255.517           0.000       0.000              55               0
    7        -235.354      66.457            -nan        -nan               7               0
   34         323.507     -97.943           0.000      -0.000              34            -nan
   62         148.138     173.654           0.000      17.221              62              -0
    2          74.144     -96.825         -41.575       0.000               2               0
  165         258.320    -233.917           0.000       0.000             165              -0
  227        -213.592      25.553            -nan        -nan             227               0
  201        -141.000      -0.003           0.000       0.000             201               0
  138        -213.587     -25.559           0.000       0.000             138               0
  173         258.319     233.920           0.000       0.000             173               0
   37          74.144      96.821           0.000       0.000              37               0
   73         148.144    -173.654           0.000       0.000              73               0
  206         323.505      97.947           0.000       0.000             206               0
  131        -235.351     -66.465           0.000       0.000             131               0
  182         284.463     255.520           0.000       0.000             182               0
  140          59.001      31.998           0.000       0.000             140               0
  164         -21.483      99.695           0.000       0.000             164               0
  174         415.352     240.881           0.000       0.000             174               0
  186         110.492     300.221           0.000       0.000             186               0
  153         597.869    -513.650           0.000       0.000             153               0
  165        -694.047    -157.776           0.000       0.000             165               0
  101         -78.307     113.250           0.000       0.000             101               0
   90          64.553    -454.245           0.000       0.000              90               0
