SINAL     NFT                         FFT                         NFT INVERSA     FFT INVERSA
-----     -----------------------     -----------------------     -----------     -----------
  114        3896.000       0.000            -nan        -nan             114            -nan
   12         209.617     396.669            -nan        -nan              12            -nan
  246         401.588     201.114            -nan        -nan             246            -nan
  150         -57.655      71.415            -nan        -nan             150            -nan
    0         -12.440     134.588            -nan        -nan               0            -nan
  180          19.624    -234.974     3631222755214024202789322169063282348356130093097851040895562123052372762515394190116263568112789235750656396649026708193161404216317388020667687381335158367939639841963402550356095592872384970180314442706968749688291762288762487711428741235087837205171831215319110432874066843009024.000 1960735026671593715506863585943432909386994752576555735405079949689325829509437903491041575398642182381834481452730329886532295717169904518935140001217858107951907120425044235026395680162127616526272338400399492345296781251614918417020230637364164079689771086804817530219865455984640.000             180            -nan
    3        -221.222      69.162            -nan        -nan               3            -1745295807320045382502705210291560718998905834676303384009538961048229445937581729744549527014508732075335137176294215626331721213178205478745147235057323117507593762044887479812751480731661302813844909710477992275763299884540205547569117045918682069409692849275274868555776
   39          71.430     807.509            -nan        -nan              39            -nan
  231        -572.001      79.996           0.000       0.000             231            -nan
   37         -25.195    -188.121           0.000       0.000              37               0
   47        -513.658     678.905            -nan        -nan              47               0
   40         -94.902     473.148           0.000      -0.000              40            -nan
  105         154.438     340.585           0.000      16.455             105              -0
  169         578.589    -334.449         -39.727       0.000             169               0
  118        -126.716     -21.143           0.000       0.000             118              -0
  211         178.483     119.047            -nan        -nan             211               0
    4        -228.000      -0.006           0.000       0.000               4               0
  159         178.487    -119.049           0.000       0.000             159               0
  204        -126.714      21.135           0.000       0.000             204               0
   97         578.582     334.452           0.000       0.000              97               0
   36         154.439    -340.593           0.000       0.000              36               0
  148         -94.898    -473.157           0.000       0.000             148               0
  217        -513.645    -678.916           0.000       0.000             217               0
   86         -25.198     188.121           0.000       0.000              86               0
    2        -571.996     -80.013           0.000       0.000               2               0
  174          71.454    -807.508           0.000       0.000             174               0
  156        -221.214     -69.161           0.000       0.000             156               0
  194          19.628     234.975           0.000       0.000             194               0
  139         -12.428    -134.590           0.000       0.000             139               0
  112         -57.640     -71.417           0.000       0.000             112               0
  212         401.609    -201.106           0.000       0.000             212               0
  254         209.651    -396.661           0.000       0.000             254               0
