SINAL     NFT                         FFT                         NFT INVERSA     FFT INVERSA
-----     -----------------------     -----------------------     -----------     -----------
  148        4070.000       0.000            -nan        -nan             148            -nan
  164         331.236     135.804            -nan        -nan             164            -nan
   37         -23.086     402.377            -nan        -nan              37            -nan
  219        -238.084    -218.615            -nan        -nan             219            -nan
   78          43.788     -94.283            -nan        -nan              78            -nan
  192         -95.585     430.352     1935544499006522212476821679937737510029957746243027524543547054919491035872969988344019740340974029845750174300158742913697207275516733668692830974259921390626759092372621260216021729056828867286156497916144049542100450386144676282368.000 1135722419708569774452235697683049125009752135067440438492561184324467739581175892545969905237097504087057825306356469227940346014308612960794255190354671409563022266898398478825393102804734215452920120778312888589732735869547704221696.000             192            -nan
  122        -271.011      46.755            -nan        -nan             122            -8914251615062075903465098280663878135580340588313018725456790192741417372719886877043879728919022059313239666014417243817959009456291829135749635809995564543799938030735208062141761459869469384247106701177620558039921041866752
    5         153.877    -286.048            -nan        -nan               5            -nan
  212        -106.999    -139.001           0.000       0.000             212            -nan
    3         502.328      83.556           0.000       0.000               3               0
  154        -593.529    -306.843            -nan        -nan             154               0
  238         267.750     177.808           0.000      -0.000             238            -nan
    6         424.214    -300.283           0.000       3.827               6              -0
  151         216.687    -951.990          -9.239       0.000             151               0
  171        -216.376       0.783           0.000       0.000             171              -0
  147          45.792      24.575            -nan        -nan             147               0
    0        -216.000      -0.001           0.000       0.000              -0               0
  171          45.794     -24.571           0.000       0.000             171               0
  180        -216.373      -0.782           0.000       0.000             180               0
   13         216.673     951.995           0.000       0.000              13               0
   85         424.208     300.283           0.000       0.000              85               0
   61         267.750    -177.808           0.000       0.000              61               0
   36        -593.534     306.826           0.000       0.000              36               0
  150         502.333     -83.551           0.000       0.000             150               0
  212        -107.002     138.996           0.000       0.000             212               0
  235         153.871     286.044           0.000       0.000             235               0
   86        -271.009     -46.769           0.000       0.000              86               0
  168         -95.570    -430.359           0.000       0.000             168               0
  169          43.792      94.282           0.000       0.000             169               0
  164        -238.079     218.604           0.000       0.000             164               0
  231         -23.060    -402.383           0.000       0.000             231               0
   62         331.268    -135.798           0.000       0.000              62               0
