SINAL     NFT                         FFT                         NFT INVERSA     FFT INVERSA
-----     -----------------------     -----------------------     -----------     -----------
  224        3954.000       0.000        3954.000       0.000             224             224
  190         493.608    -608.232         493.608    -608.232             190             190
  253        -233.607    -483.226        -233.607    -483.226             253             253
  218          12.355    -190.365          12.355    -190.365             218             218
   41         231.524      -4.621         231.524      -4.621              41              41
  248          42.729    -340.168          42.729    -340.168             248             248
  189         133.103    -822.923         133.103    -822.923             189             189
  234         -67.954     257.296         -67.954     257.296             234             234
  230        -239.999    -212.002        -239.999    -212.002             230             230
  125         -54.645    -163.983         -54.645    -163.983             125             125
   21         219.319    -383.946         219.319    -383.946              21              21
  220         457.998     670.836         457.998     670.836             220             220
    9         644.472     239.382         644.472     239.382               9               9
  198        -126.911    -103.419        -126.911    -103.419             198             198
   68         105.189      67.747         105.189      67.747              68              68
    6         218.817    -433.558         218.817    -433.558               6               6
  102        -458.000      -0.004        -458.000      -0.004             102             102
  171         218.811     433.559         218.811     433.559             171             171
   71         105.192     -67.752         105.192     -67.752              71              71
   31        -126.908     103.410        -126.908     103.410              31              31
   52         644.481    -239.376         644.481    -239.376              52              52
  108         458.010    -670.825         458.010    -670.825             108             108
  159         219.307     383.954         219.307     383.954             159             159
  202         -54.652     163.980         -54.652     163.980             202             202
   40        -240.003     211.994        -240.003     211.994              40              40
    4         -67.944    -257.296         -67.944    -257.296               4               4
  213         133.091     822.925         133.091     822.925             213             213
   61          42.728     340.160          42.728     340.160              61              61
   56         231.530       4.618         231.530       4.618              56              56
  165          12.358     190.361          12.358     190.361             165             165
   20        -233.601     483.214        -233.601     483.214              20              20
   25         493.624     608.228         493.624     608.228              25              25
