SINAL     NFT                         FFT                         NFT INVERSA     FFT INVERSA
-----     -----------------------     -----------------------     -----------     -----------
   74        4037.000       0.000            -nan        -nan              74            -nan
  114        -190.031    -244.271            -nan        -nan             114            -nan
   66        -367.492     271.228            -nan        -nan              66            -nan
  158         -46.226    -476.815            -nan        -nan             158            -nan
  113        -252.479     530.509            -nan        -nan             113            -nan
  172        -240.973      64.768     -830155782861463414704474946317490032428508589621616040411434750389504492053756680286820536585931772382718678664222730340003127168411409697038715499146889401824809191197685556469535655020818806547360590753055104138589610395168942643239452444188960973486292992.000 -487111784270740173634462836649095127795212683144344152312593179175559791949490915013331617757190035007827000951544314216626799510915445449643821339423357794539857278280058451200853535254080645474363547846249088461654898052850982256313493129732470403808362496.000             172            -nan
  201        -371.059    -351.013            -nan        -nan             201            3823325956393691996594270308703925692128535666444846724442268120529548205632049123177347906292677377229050261217094175646480707476319962726477390517059509069113046232481372680032331102311904102815004340551369379182666989543107512584683385016492752896
   53         323.984    -301.006            -nan        -nan              53            -nan
  206        -128.999    -156.001           0.000       0.000             206            -nan
   73         333.181    -159.330           0.000       0.000              73               0
  124         -77.342     177.665            -nan        -nan             124               0
  216        -170.892      52.754           0.000      -0.000             216            -nan
  108         638.480    -349.486           0.000       6.123             108              -0
  252        -177.853    -351.490         -14.782       0.000             252               0
  241        -160.108     115.904           0.000       0.000             241              -0
  114         -79.184     -53.259            -nan        -nan             114               0
  105         265.000       0.003           0.000       0.000             105               0
   10         -79.187      53.258           0.000       0.000              10               0
  135        -160.105    -115.905           0.000       0.000             135               0
   92        -177.855     351.489           0.000       0.000              92               0
    6         638.473     349.497           0.000       0.000               6               0
  101        -170.894     -52.762           0.000       0.000             101               0
  234         -77.337    -177.667           0.000       0.000             234               0
  140         333.178     159.338           0.000       0.000             140               0
  217        -129.003     155.998           0.000       0.000             217               0
  124         323.975     301.011           0.000       0.000             124               0
   25        -371.069     350.999           0.000       0.000              25               0
   92        -240.969     -64.781           0.000       0.000              92               0
  182        -252.463    -530.515           0.000       0.000             182               0
  175         -46.229     476.813           0.000       0.000             175               0
  114        -367.474    -271.238           0.000       0.000             114               0
    0        -190.008     244.265           0.000       0.000               0               0
