SINAL     NFT                         FFT                         NFT INVERSA     FFT INVERSA
-----     -----------------------     -----------------------     -----------     -----------
  143        3750.000       0.000        3750.000       0.000             143             143
  169           5.447     258.301           5.447     258.301             169             169
  157         316.684    -113.659         316.684    -113.659             157             157
  146         -85.751    -332.498         -85.751    -332.498             146             146
   69         373.598    -236.384         373.598    -236.384              69              69
   56         671.374     -75.133         671.374     -75.133              56              56
  147        -259.295     143.326        -259.295     143.326             147             147
   26        -115.950     208.751        -115.950     208.751              26              26
  197         133.999     -38.000         133.999     -38.000             197             197
   25        -182.640     -31.744        -182.640     -31.744              25              25
   57         325.312     412.868         325.312     412.868              57              57
    3        -196.984     182.332        -196.984     182.332               3               3
  141         294.398     199.615         294.398     199.615             141             141
  195        -474.538     -72.358        -474.538     -72.358             195             195
  110        -414.707    -236.125        -414.707    -236.125             110             110
   99         -52.971     388.480         -52.971     388.480              99              99
  197         150.000      -0.002         150.000      -0.002             197             197
   80         -52.965    -388.485         -52.965    -388.485              80              80
  123        -414.712     236.114        -414.712     236.114             123             123
  240        -474.533      72.341        -474.533      72.341             240             240
   59         294.408    -199.615         294.408    -199.615              59              59
  128        -196.975    -182.341        -196.975    -182.341             128             128
   53         325.325    -412.862         325.325    -412.862              53              53
   94        -182.638      31.741        -182.638      31.741              94              94
  151         134.003      38.000         134.003      38.000             151             151
  206        -115.940    -208.755        -115.940    -208.755             206             206
  226        -259.280    -143.330        -259.280    -143.330             226             226
   44         671.383      75.149         671.383      75.149              44              44
   85         373.597     236.392         373.597     236.392              85              85
   60         -85.751     332.493         -85.751     332.493              60              60
   35         316.694     113.659         316.694     113.659              35              35
  229           5.475    -258.306           5.475    -258.306             229             229
