SINAL     NFT                         FFT                         NFT INVERSA     FFT INVERSA
-----     -----------------------     -----------------------     -----------     -----------
  143        4062.000       0.000        4062.000       0.000             143             143
   77          96.668    -414.314          96.668    -414.314              77              77
  179        -291.915     256.873        -291.915     256.873             179             179
   37         144.049    -464.706         144.049    -464.706              37              37
  237          -3.773     693.992          -3.773     693.992             237             237
  250        -549.198     -71.665        -549.198     -71.665             250             250
    8        -381.798       6.158        -381.798       6.158               8               8
  144         444.300    -126.065         444.300    -126.065             144             144
  198         276.001    -382.000         276.001    -382.000             198             198
  198         108.272    -353.795         108.272    -353.795             198             198
  100        -319.429     -96.936        -319.429     -96.936             100             100
  159        -219.554     238.456        -219.554     238.456             159             159
  106          69.770     179.992          69.770     179.992             106             106
  236         315.452     226.163         315.452     226.163             236             236
  197         193.140     181.778         193.140     181.778             197             197
  197         484.011    -157.292         484.011    -157.292             197             197
   40        -218.000      -0.004        -218.000      -0.004              40              40
   85         484.009     157.297         484.009     157.297              85              85
    0         193.142    -181.780         193.142    -181.780              -0              -0
   41         315.453    -226.159         315.453    -226.159              41              41
   33          69.769    -179.992          69.769    -179.992              33              33
  110        -219.552    -238.459        -219.552    -238.459             110             110
  193        -319.429      96.933        -319.429      96.933             193             193
  195         108.270     353.797         108.270     353.797             195             195
  185         275.996     382.001         275.996     382.001             185             185
  103         444.294     126.068         444.294     126.068             103             103
    4        -381.802      -6.172        -381.802      -6.172               4               4
   61        -549.194      71.646        -549.194      71.646              61              61
  157          -3.748    -693.994          -3.748    -693.994             157             157
  202         144.048     464.709         144.048     464.709             202             202
  142        -291.896    -256.882        -291.896    -256.882             142             142
   45          96.688     414.313          96.688     414.313              45              45
