SINAL     NFT                         FFT                         NFT INVERSA     FFT INVERSA
-----     -----------------------     -----------------------     -----------     -----------
  127        3582.000       0.000            -nan        -nan             127            -nan
  196         432.505      -3.506            -nan        -nan             196            -nan
   40         -94.462    -132.400            -nan        -nan              40            -nan
  137         327.949     282.420            -nan        -nan             137            -nan
  118        -289.882      18.144            -nan        -nan             118            -nan
  160          70.543    -155.140     998424981807487762619279507003489465446170141635862085010062846016453235733101743471383320965167789633017076551441036308189818592083321274103845544766329068467488786338141081412971951399214616314176957390200476900875282154002994289569464857906413213636719521757535610596931682697216.000 553473431372315511169454300425094486148864862584030307135687810690986698040334875169263677448302735362338115387492059944473128162751021075541996218222265609308370617039497328500129521223693548573978819349221262531841892777869857213869274275396962682001327703556025884119144259911680.000             160            -nan
  121         800.546     206.101            -nan        -nan             121            -1745295808049360402130879444440026043712382209135964197491451804297530778209436898347832248359645034748749940249529890340583026885352165057754438787913566003157200958451089137406152578882100222677619980697953991637431500057357210775142948089507480050224584158290934430171136
  165        -101.338     -65.693            -nan        -nan             165            -nan
   46          30.998     173.000           0.000       0.000              46            -nan
   70          85.875      78.899           0.000       0.000              70               0
  222         344.866    -140.317            -nan        -nan             222               0
  131        -320.139       0.177           0.000      -0.000             131            -nan
   87         183.877     150.147           0.000       9.950              87              -0
   29        -251.820     405.201         -24.021       0.000              29               0
   61        -394.954    -266.823           0.000       0.000              61              -0
   19        -539.590    -171.455            -nan        -nan              19               0
  164         -88.000      -0.001           0.000       0.000             164               0
   23        -539.592     171.441           0.000       0.000              23               0
    4        -394.954     266.807           0.000       0.000               4               0
  152        -251.803    -405.212           0.000       0.000             152               0
  144         183.887    -150.144           0.000       0.000             144               0
  192        -320.131      -0.185           0.000       0.000             192               0
  179         344.871     140.321           0.000       0.000             179               0
   14          85.881     -78.901           0.000       0.000              14               0
   81          31.007    -173.001           0.000       0.000              81               0
   13        -101.329      65.689           0.000       0.000              13               0
  196         800.556    -206.086           0.000       0.000             196               0
  136          70.540     155.140           0.000       0.000             136               0
  122        -289.874     -18.155           0.000       0.000             122               0
  148         327.965    -282.414           0.000       0.000             148               0
   35         -94.451     132.397           0.000       0.000              35               0
  250         432.530       3.513           0.000       0.000             250               0
