SINAL     NFT                         FFT                         NFT INVERSA     FFT INVERSA
-----     -----------------------     -----------------------     -----------     -----------
  191        4238.000       0.000        4238.000       0.000             191             191
  103         325.756     156.355         325.756     156.355             103             103
   18        -330.167     106.803        -330.167     106.803              18              18
  172        -119.162      96.474        -119.162      96.474             172             172
  101         137.192     607.239         137.192     607.239             101             101
  134          24.570     -15.708          24.570     -15.708             134             134
  200        -166.963    -328.547        -166.963    -328.547             200             200
  170         292.153     377.711         292.153     377.711             170             170
  216         -18.001      71.998         -18.001      71.998             216             216
  102         -95.656     -80.269         -95.656     -80.269             102             102
   69         388.595    -182.621         388.595    -182.621              69              69
   72         102.581    -170.214         102.581    -170.214              72              72
   67         456.804      77.241         456.804      77.241              67              67
  245        -188.687    -568.677        -188.687    -568.677             245             245
   93          28.534     144.727          28.534     144.727              93              93
   54        -165.549    -396.266        -165.549    -396.266              54              54
  169         530.000       0.007         530.000       0.007             169             169
   10        -165.560     396.261        -165.560     396.261              10              10
  186          28.538    -144.728          28.538    -144.728             186             186
   30        -188.694     568.669        -188.694     568.669              30              30
  107         456.809     -77.238         456.809     -77.238             107             107
   77         102.578     170.211         102.578     170.211              77              77
  229         388.591     182.623         388.591     182.623             229             229
  218         -95.659      80.259         -95.659      80.259             218             218
  164         -17.997     -72.006         -17.997     -72.006             164             164
   53         292.162    -377.709         292.162    -377.709              53              53
  195        -166.969     328.539        -166.969     328.539             195             195
  143          24.575      15.699          24.575      15.699             143             143
  168         137.209    -607.242         137.209    -607.242             168             168
  167        -119.154     -96.478        -119.154     -96.478             167             167
  211        -330.148    -106.812        -330.148    -106.812             211             211
  104         325.790    -156.349         325.790    -156.349             104             104
