SINAL     NFT                         FFT                         NFT INVERSA     FFT INVERSA
-----     -----------------------     -----------------------     -----------     -----------
  117        4909.000       0.000            -nan        -nan             117            -nan
  163        -301.325     255.261            -nan        -nan             163            -nan
  159         195.119     -99.641            -nan        -nan             159            -nan
  115         -43.268    -262.869            -nan        -nan             115            -nan
  236         234.005    -194.285            -nan        -nan             236            -nan
  127        -248.521     321.202     2237388639985301619113562750642192069408731489048387191956463487869652513419596058472210596623949056046411125744061799789256373343844814791003337429791879523672883602951627590260879031543067318231488569127259636989153816160788176715629891602128269649001693495341727978166017708785664.000 1215714182158845794399498625231368819083250255234436790901751250304904485982448426001534627674248014420848226532114763878461403271341667401161452331613120607176641921981930149411428072299153775298210984857480794168231280686499668118569777667478352079211140298481987755572834139635712.000             127            -nan
   53        -194.376     145.445            -nan        -nan              53            -1745295808100155179912148698319177780833489687726611534008026274098184163869824593681568952926251267725275866804632364642607981447846937980495183818299614354001156000617574884043725772630388713618487554520771600670077449047939243625550461774351559253681247513597531421409280
   81         -98.569     -49.843            -nan        -nan              81            -nan
  166         496.001    -226.998           0.000       0.000             166            -nan
  103         -67.500    -198.410           0.000       0.000             103               0
  205          85.243      -5.717            -nan        -nan             205               0
   42          28.645     -82.028           0.000      -0.000              42            -nan
  252        -384.010     475.711           0.000      13.011             252              -0
  132         413.426      98.818         -31.412       0.000             132               0
   83        -357.995     337.190           0.000       0.000              83              -0
  243        -394.900     399.601            -nan        -nan             243               0
  206         111.000      -0.004           0.000       0.000             206               0
  218        -394.892    -399.617           0.000       0.000             218               0
  197        -357.982    -337.201           0.000       0.000             197               0
  115         413.431     -98.812           0.000       0.000             115               0
  232        -383.998    -475.719           0.000       0.000             232               0
   92          28.649      82.031           0.000       0.000              92               0
  145          85.247       5.720           0.000       0.000             145               0
  192         -67.498     198.409           0.000       0.000             192               0
  225         495.998     227.005           0.000       0.000             225               0
  232         -98.570      49.836           0.000       0.000             232               0
  110        -194.369    -145.453           0.000       0.000             110               0
  112        -248.506    -321.207           0.000       0.000             112               0
   69         234.010     194.291           0.000       0.000              69               0
  246         -43.263     262.865           0.000       0.000             246               0
   55         195.130      99.639           0.000       0.000              55               0
  186        -301.289    -255.270           0.000       0.000             186               0
