SINAL     NFT                         FFT                         NFT INVERSA     FFT INVERSA
-----     -----------------------     -----------------------     -----------     -----------
   75        4574.000       0.000        4574.000       0.000              75              75
  174          53.293    -287.974          53.293    -287.974             174             174
  207        -373.521     189.762        -373.521     189.762             207             207
   66         -80.471    -253.400         -80.471    -253.400              66              66
  126          95.005    -206.600          95.005    -206.600             126             126
  209         355.083       3.272         355.083       3.272             209             209
  220         161.423     393.307         161.423     393.307             220             220
   81        -232.742     -88.416        -232.742     -88.416              81              81
  201        -499.999    -468.003        -499.999    -468.003             201             201
  155        -274.167     174.272        -274.167     174.272             155             155
  200        -360.830    -396.827        -360.830    -396.827             200             200
  240        -251.619     411.022        -251.619     411.022             240             240
   42         292.999    -350.599         292.999    -350.599              42              42
  208         -20.755    -145.943         -20.755    -145.943             208             208
  234        -103.078     555.629        -103.078     555.629             234             234
   30        -228.622    -341.589        -228.622    -341.589              30              30
  160         762.000       0.009         762.000       0.009             160             160
  113        -228.634     341.580        -228.634     341.580             113             113
  109        -103.067    -555.633        -103.067    -555.633             109             109
   21         -20.757     145.946         -20.757     145.946              21              21
  241         292.989     350.602         292.989     350.602             241             241
   43        -251.615    -411.028        -251.615    -411.028              43              43
  181        -360.839     396.820        -360.839     396.820             181             181
    3        -274.162    -174.278        -274.162    -174.278               3               3
  203        -500.003     467.991        -500.003     467.991             203             203
  215        -232.734      88.405        -232.734      88.405             215             215
  240         161.441    -393.307         161.441    -393.307             240             240
  166         355.090      -3.263         355.090      -3.263             166             166
   36          95.005     206.602          95.005     206.602              36              36
   70         -80.470     253.394         -80.470     253.394              70              70
  193        -373.502    -189.773        -373.502    -189.773             193             193
  112          53.319     287.972          53.319     287.972             112             112
