SINAL     NFT                         FFT                         NFT INVERSA     FFT INVERSA
-----     -----------------------     -----------------------     -----------     -----------
   76        3574.000       0.000        3574.000       0.000              76              76
   64          67.774      89.103          67.774      89.103              64              64
  129        -224.344     359.848        -224.344     359.848             129             129
  142        -197.714    -359.527        -197.714    -359.527             142             142
   24         173.185    -110.986         173.185    -110.986              24              24
  213         305.690      73.992         305.690      73.992             213             213
    9        -232.225     536.483        -232.225     536.483               9               9
   81        -300.421     -34.774        -300.421     -34.774              81              81
  241         -31.003     502.998         -31.003     502.998             241             241
    6        -452.628    -532.775        -452.628    -532.775               6               6
  125        -387.691     -51.460        -387.691     -51.460             125             125
  113        -121.111     352.485        -121.111     352.485             113             113
  204         434.818    -144.985         434.818    -144.985             204             204
    2         348.844     -47.192         348.844     -47.192               2               2
  222         184.262    -752.092         184.262    -752.092             222             222
  123        -274.437     320.941        -274.437     320.941             123             123
  154         272.000       0.002         272.000       0.002             154             154
    2        -274.430    -320.943        -274.430    -320.943               2               2
   12         184.249     752.097         184.249     752.097              12              12
  204         348.843      47.194         348.843      47.194             204             204
   71         434.810     144.988         434.810     144.988              71              71
   37        -121.111    -352.490        -121.111    -352.490              37              37
   38        -387.696      51.453        -387.696      51.453              38              38
  145        -452.637     532.760        -452.637     532.760             145             145
  154         -30.990    -503.005         -30.990    -503.005             154             154
  214        -300.418      34.764        -300.418      34.764             214             214
  214        -232.206    -536.489        -232.206    -536.489             214             214
  171         305.699     -73.982         305.699     -73.982             171             171
   22         173.186     110.991         173.186     110.991              22              22
   36        -197.716     359.520        -197.716     359.520              36              36
  228        -224.323    -359.856        -224.323    -359.856             228             228
   98          67.801     -89.100          67.801     -89.100              98              98
