SINAL     NFT                         FFT                         NFT INVERSA     FFT INVERSA
-----     -----------------------     -----------------------     -----------     -----------
   64        4514.000       0.000            -nan        -nan              64            -nan
  254        -113.107    -275.837            -nan        -nan             254            -nan
   89         -56.593    -227.726            -nan        -nan              89            -nan
  180        -362.611      95.873            -nan        -nan             180            -nan
  246         119.354    -402.295            -nan        -nan             246            -nan
  208        -902.534    -472.105     11378819288208323129710091968827761537596601736106222769252583445522164661409862595509943028895440202983603318979243638312428367686386652746719448037999509421792734291720631345451637265006812165268368805421697162262021654625220005072747499567214303064243553467348206058061868345067569152.000 6676400982274997170617537310767890892030924473808003514768062307991988556116301801876437669809512190090016138737452193211482188591550373904228174478678639887274332108857875489861838425570392312512114144974432827922918841892536163160586482726427649058693919005213952222195184598568140800.000             208            -nan
    1         353.386     -36.993            -nan        -nan               1            -52373467551315724684181991423584428767669489049609455967544413853284338821365739266561744822240493946984908733629445671319178443836381017619215587536987095528288019394616205036012118702735363733360775332358264581742782383826281659096301434806986960394553950616179897742684848128
  154         346.366     144.750            -nan        -nan             154            -nan
  211         423.000    -218.999           0.000       0.000             211            -nan
  248         -60.273    -322.216           0.000       0.000             248               0
  191         -53.966    -113.231            -nan        -nan             191               0
  118        -557.687    -211.502           0.000      -0.000             118            -nan
   38        -289.352     -74.298           0.000      28.319              38              -0
  142         230.025    -566.596         -68.367       0.000             142               0
    8          73.169     120.042           0.000       0.000               8              -0
  250         -12.177    -113.877            -nan        -nan             250               0
  243        -740.000      -0.006           0.000       0.000             243               0
  207         -12.174     113.880           0.000       0.000             207               0
  134          73.174    -120.036           0.000       0.000             134               0
   79         230.012     566.604           0.000       0.000              79               0
  117        -289.357      74.291           0.000       0.000             117               0
  128        -557.688     211.491           0.000       0.000             128               0
  190         -53.960     113.230           0.000       0.000             190               0
  159         -60.271     322.213           0.000       0.000             159               0
   17         423.001     219.004           0.000       0.000              17               0
  159         346.370    -144.745           0.000       0.000             159               0
   34         353.381      37.002           0.000       0.000              34               0
  237        -902.543     472.086           0.000       0.000             237               0
  219         119.353     402.292           0.000       0.000             219               0
   77        -362.599     -95.886           0.000       0.000              77               0
   85         -56.582     227.721           0.000       0.000              85               0
   27        -113.082     275.827           0.000       0.000              27               0
