SINAL     NFT                         FFT                         NFT INVERSA     FFT INVERSA
-----     -----------------------     -----------------------     -----------     -----------
    2        3972.000       0.000            -nan        -nan               2            -nan
  133        -687.113     -67.551            -nan        -nan             133            -nan
  103        -294.552    -378.226            -nan        -nan             103            -nan
  210         326.611    -269.397            -nan        -nan             210            -nan
  151         101.263    -413.047            -nan        -nan             151            -nan
   67        -194.572     256.481     -151602259587131578103490278135558932520933038511810018546476377637786913467663094540282212964133177815270786995111369129205904903930548162022589990649395212095049765736163716410610636283601243515898897192822867034045249113739308737213842131547059748035624960.000 -124416888632770858091028632309934662802813279618747515030097690059814258055247633426811946216956760842538006514718772376241656599691070144001539940362017729207329299385469227184576879490601386920933881310433647804352427315152331053469453152149285353449062400.000              67            -nan
   35        -861.724      -5.137            -nan        -nan              35            3703960056146774460276757612216480519148174571844392663981913486681416615484596312330751424828478367343942731775122455877006853789736652631894841901105900933558901931940326986142958418890624220702520761328857373966935664420191194784026287849468854272
   62         386.657     608.042            -nan        -nan              62            -nan
  215        -574.999    -259.005           0.000       0.000             215            -nan
  196          11.186    -279.835           0.000       0.000             196               0
  183          51.074    -152.815            -nan        -nan             183               0
   85        -166.944    -126.361           0.000      -0.000              85            -nan
  130          68.739    -253.047           0.000       5.358             130              -0
  232         -51.037    -156.847         -12.934       0.000             232               0
  162        -306.792    -405.908           0.000       0.000             162              -0
   57         271.210      19.971            -nan        -nan              57               0
   15         -66.000       0.002           0.000       0.000              15               0
  227         271.209     -19.959           0.000       0.000             227               0
  236        -306.802     405.906           0.000       0.000             236               0
  255         -51.039     156.847           0.000       0.000             255               0
   15          68.733     253.048           0.000       0.000              15               0
  133        -166.947     126.357           0.000       0.000             133               0
  227          51.070     152.815           0.000       0.000             227               0
  200          11.178     279.833           0.000       0.000             200               0
  155        -575.003     258.986           0.000       0.000             155               0
  137         386.669    -608.037           0.000       0.000             137               0
  150        -861.724       5.121           0.000       0.000             150               0
    2        -194.557    -256.481           0.000       0.000               2               0
    6         101.264     413.053           0.000       0.000               6               0
   14         326.610     269.403           0.000       0.000              14               0
  168        -294.554     378.217           0.000       0.000             168               0
    9        -687.089      67.531           0.000       0.000               9               0
