SINAL     NFT                         FFT                         NFT INVERSA     FFT INVERSA
-----     -----------------------     -----------------------     -----------     -----------
   30        3939.000       0.000        3939.000       0.000              30              30
  122        -464.836     441.239        -464.836     441.239             122             122
    9        -560.446    -199.315        -560.446    -199.315               9               9
  152        -246.489     113.225        -246.489     113.225             152             152
   75          49.188    -209.053          49.188    -209.053              75              75
  107        -194.554    -149.404        -194.554    -149.404             107             107
   62         126.140    -426.181         126.140    -426.181              62              62
  168        -236.547     333.213        -236.547     333.213             168             168
  234         450.000     -16.998         450.000     -16.998             234             234
   60          86.361    -121.138          86.361    -121.138              60              60
  100          88.829    -204.389          88.829    -204.389             100             100
  112        -152.925     419.354        -152.925     419.354             112             112
  175        -167.186    -259.056        -167.186    -259.056             175             175
   31        -156.008    -304.709        -156.008    -304.709              31              31
  110          65.484    -661.520          65.484    -661.520             110             110
    5        -299.005      40.197        -299.005      40.197               5               5
  238         245.000       0.005         245.000       0.005             238             238
  215        -299.005     -40.196        -299.005     -40.196             215             215
  106          65.470     661.525          65.470     661.525             106             106
  134        -156.015     304.703        -156.015     304.703             134             134
  172        -167.190     259.047        -167.190     259.047             172             172
  169        -152.913    -419.359        -152.913    -419.359             169             169
  191          88.829     204.392          88.829     204.392             191             191
  223          86.362     121.138          86.362     121.138             223             223
  104         449.999      17.005         449.999      17.005             104             104
  190        -236.541    -333.216        -236.541    -333.216             190             190
  183         126.132     426.186         126.132     426.186             183             183
  104        -194.557     149.398        -194.557     149.398             104             104
  243          49.185     209.050          49.185     209.050             243             243
   38        -246.485    -113.233        -246.485    -113.233              38              38
   60        -560.441     199.299        -560.441     199.299              60              60
   17        -464.799    -441.251        -464.799    -441.251              17              17
