SINAL     NFT                         FFT                         NFT INVERSA     FFT INVERSA
-----     -----------------------     -----------------------     -----------     -----------
  254        3892.000       0.000        3892.000       0.000             254             254
   87          -1.272      14.113          -1.272      14.113              87              87
  103          -4.449      97.393          -4.449      97.393             103             103
  150        -344.044    -368.992        -344.044    -368.992             150             150
   45         357.934     -69.798         357.934     -69.798              45              45
  243         191.701     122.023         191.701     122.023             243             243
   83         165.909     162.577         165.909     162.577              83              83
  118         -76.600    -344.841         -76.600    -344.841             118             118
  120         413.998     340.000         413.998     340.000             120             120
  118        -444.609    -582.311        -444.609    -582.311             118             118
   46         220.409     230.352         220.409     230.352              46              46
  135         230.689    -161.665         230.689    -161.665             135             135
  171         570.067      30.204         570.067      30.204             171             171
   87         458.573    -194.437         458.573    -194.437              87              87
   56         566.128     -94.827         566.128     -94.827              56              56
  249           1.566       2.884           1.566       2.884             249             249
  252        -376.000      -0.006        -376.000      -0.006             252             252
    8           1.573      -2.887           1.573      -2.887               8               8
   82         566.131      94.836         566.131      94.836              82              82
  179         458.570     194.442         458.570     194.442             179             179
   78         570.065     -30.197         570.065     -30.197              78              78
   36         230.681     161.664         230.681     161.664              36              36
   46         220.408    -230.351         220.408    -230.351              46              46
  192        -444.621     582.296        -444.621     582.296             192             192
  149         414.007    -339.999         414.007    -339.999             149             149
  205         -76.606     344.833         -76.606     344.833             205             205
  130         165.916    -162.581         165.916    -162.581             130             130
  199         191.707    -122.023         191.707    -122.023             199             199
   17         357.934      69.803         357.934      69.803              17              17
  113        -344.047     368.978        -344.047     368.978             113             113
  126          -4.434     -97.402          -4.434     -97.402             126             126
   15          -1.247     -14.120          -1.247     -14.120              15              15
