SINAL     NFT                         FFT                         NFT INVERSA     FFT INVERSA
-----     -----------------------     -----------------------     -----------     -----------
  244        3962.000       0.000            -nan        -nan             244            -nan
  145         255.612     314.819            -nan        -nan             145            -nan
  179         228.146    -170.570            -nan        -nan             179            -nan
  115        -217.520    -371.306            -nan        -nan             115            -nan
   98         447.901     102.616            -nan        -nan              98            -nan
  144        -188.645    -184.316     20673920283394732614156326549498450268002692429279535663911024126740731929778863266050214012911139942586925500705487389224067782679591571849579506741987473542171737026499000271796185156929007764000819393210688932387139441468680282825556375691886069012691425228182274564400297109266366464.000 11644742564418025955506822815907531737083420183876709141022302493026760835580019968870229304787649714741393764231302816394225229839732886272197359054136854545885290841031895072644518034281765197932512884469160571323051057155705687994135388521704059745951073388915882806102107236706811904.000             144            -nan
  197         643.994    -183.708            -nan        -nan             197            -52375064327267470362747632758914297702348642459094400163052810518301488966729656544254647233047672692838947899971832702345700887949257763967163543022428947721417868899581317650820877932333097125699449692595894523685888411986768559683013946333903436632538033266307983129480003584
   44         258.313    -171.318            -nan        -nan              44            -nan
   44         105.997     148.000           0.000       0.000              44            -nan
  141        -115.981     189.053           0.000       0.000             141               0
   28        -195.302     356.603            -nan        -nan              28               0
   87         496.021     -18.905           0.000      -0.000              87            -nan
   94         -49.902    -139.387           0.000      29.084              94              -0
    7         -26.609     300.527         -70.215       0.000               7               0
  117         -36.838    -210.257           0.000       0.000             117              -0
  254         530.798     253.621            -nan        -nan             254               0
  120        -426.000      -0.009           0.000       0.000             120               0
  227         530.805    -253.616           0.000       0.000             227               0
   20         -36.844     210.250           0.000       0.000              20               0
  105         -26.602    -300.534           0.000       0.000             105               0
   14         -49.901     139.381           0.000       0.000              14               0
  201         496.022      18.907           0.000       0.000             201               0
  108        -195.295    -356.613           0.000       0.000             108               0
  217        -115.972    -189.058           0.000       0.000             217               0
  160         106.008    -147.999           0.000       0.000             160               0
   93         258.317     171.322           0.000       0.000              93               0
  128         643.993     183.718           0.000       0.000             128               0
  197        -188.646     184.306           0.000       0.000             197               0
  163         447.908    -102.611           0.000       0.000             163               0
   65        -217.520     371.296           0.000       0.000              65               0
   54         228.158     170.565           0.000       0.000              54               0
  152         255.644    -314.822           0.000       0.000             152               0
