SINAL     NFT                         FFT                         NFT INVERSA     FFT INVERSA
-----     -----------------------     -----------------------     -----------     -----------
  134        4102.000       0.000            -nan        -nan             134            -nan
  126         474.829    -160.966            -nan        -nan             126            -nan
  142         172.588     -73.751            -nan        -nan             142            -nan
  195          86.261      -3.524            -nan        -nan             195            -nan
  217         -82.380     270.683            -nan        -nan             217            -nan
   37         251.945     410.887     6971601405811726829751422764884448001025398616408776178615178448490601933735235655945852399215931527777413855244295255808616755083222657121995732247131496474220636711478631784931609115476572757063233777563204985563890022523247738086563642921253414675327072515184318252102056885092352.000 3735080656814268609520375082600436195905496431754315154884018493136115266225111173033127227555833368012900556165743971185511878819276522690433041881558933197830061381423852305686033426363537125989530605907008026448559531441206431080878370810935771703092305173032107878907478798237696.000              37            -nan
  197        -624.067    -156.550            -nan        -nan             197            -764722893600093527243046881119757105356305690436630076492379212790400732453799755618535358181466583130474837607100444102433608798833753760886891321743328950153155160735274824147818968371784548270230399618195450268467631597092576259773956065333603356920646676659409860427776
  250         -12.421      69.558            -nan        -nan             250            -nan
   31         -66.003     453.999           0.000       0.000              31            -nan
  104        -200.985      33.121           0.000       0.000             104               0
  133         747.713     -53.833            -nan        -nan             133               0
    5         -14.628    -538.699           0.000      -0.000               5            -nan
  208        -325.627     382.681           0.000      27.171             208              -0
  215         -43.752     384.622         -65.595       0.000             215               0
   21        -456.235     -35.047           0.000       0.000              21              -0
  142         210.745     -75.666            -nan        -nan             142               0
   40         -50.000      -0.003           0.000       0.000              40               0
   77         210.741      75.666           0.000       0.000              77               0
  110        -456.236      35.031           0.000       0.000             110               0
  233         -43.741    -384.628           0.000       0.000             233               0
   71        -325.615    -382.686           0.000       0.000              71               0
   16         -14.631     538.699           0.000       0.000              16               0
   99         747.714      53.842           0.000       0.000              99               0
  168        -200.987     -33.132           0.000       0.000             168               0
  183         -65.992    -454.004           0.000       0.000             183               0
   26         -12.418     -69.558           0.000       0.000              26               0
  166        -624.064     156.532           0.000       0.000             166               0
   41         251.964    -410.886           0.000       0.000              41               0
   96         -82.364    -270.684           0.000       0.000              96               0
  210          86.274       3.527           0.000       0.000             210               0
  178         172.604      73.755           0.000       0.000             178               0
  231         474.853     160.974           0.000       0.000             231               0
