SINAL     NFT                         FFT                         NFT INVERSA     FFT INVERSA
-----     -----------------------     -----------------------     -----------     -----------
   81        4150.000       0.000        4150.000       0.000              81              81
   65        -548.059       1.816        -548.059       1.816              65              65
  170         -72.711     -46.972         -72.711     -46.972             170             170
   42         240.506     209.586         240.506     209.586              42              42
  102         153.115     -19.031         153.115     -19.031             102             102
  112        -264.220    -334.008        -264.220    -334.008             112             112
   36         443.461      98.555         443.461      98.555              36              36
  133        -339.524     574.128        -339.524     574.128             133             133
  216          43.000    -167.001          43.000    -167.001             216             216
  170        -120.577    -142.522        -120.577    -142.522             170             170
  139        -153.256     159.956        -153.256     159.956             139             139
  169        -240.969     244.667        -240.969     244.667             169             169
  129         -49.119     390.967         -49.119     390.967             129             129
  160         -15.421    -114.049         -15.421    -114.049             160             160
   55         122.500     290.431         122.500     290.431              55              55
  170          32.258     -33.147          32.258     -33.147             170             170
  238         -20.000      -0.003         -20.000      -0.003             238             238
  166          32.258      33.142          32.258      33.142             166             166
  148         122.506    -290.433         122.506    -290.433             148             148
   53         -15.425     114.044         -15.425     114.044              53              53
  183         -49.112    -390.972         -49.112    -390.972             183             183
  247        -240.964    -244.673        -240.964    -244.673             247             247
  222        -153.251    -159.958        -153.251    -159.958             222             222
  110        -120.576     142.520        -120.576     142.520             110             110
   18          43.000     166.997          43.000     166.997              18              18
  132        -339.506    -574.137        -339.506    -574.137             132             132
  151         443.469     -98.542         443.469     -98.542             151             151
  114        -264.223     334.003        -264.223     334.003             114             114
   87         153.123      19.031         153.123      19.031              87              87
   74         240.516    -209.582         240.516    -209.582              74              74
   90         -72.705      46.971         -72.705      46.971              90              90
  168        -548.033      -1.828        -548.033      -1.828             168             168
