SINAL     NFT                         FFT                         NFT INVERSA     FFT INVERSA
-----     -----------------------     -----------------------     -----------     -----------
   59        3437.000       0.000            -nan        -nan              59            -nan
  114        -114.318     739.355            -nan        -nan             114            -nan
  177         386.074      44.019            -nan        -nan             177            -nan
   26         -11.901      -0.756            -nan        -nan              26            -nan
   36         672.631    -160.228            -nan        -nan              36            -nan
   42         -40.956     357.562     -1525642156829403504138346493725758293283527807665319467117719772397946643813094020964578234345198844493189313476984417604344495548633700120770299737650334112032609793377881312138047032271164095473542416865183997639679016346923509528009631642711954642408388581490716556400438634212259990077440.000 -845735553058090561678195253431814875490892657345015688967643379064512724928822384955665987104586258647259946521659183599428785326469182141006561069902911225451549954005627442259918587246769632749741530482985631728776472072948168212705033917590910462773771422082593922752600705793633434992640.000              42            -nan
   35        -105.190     147.992            -nan        -nan              35            2666994775176707955653691597858042459129333163452165800610411454853262277826078813860553807212501362573499792309973127125961602475270482090601693252718980607878971585361832669230508587533888460992455909473982633535835850197696631121464977561772397896511180856798413709555070486446080
   24        -462.313     149.092            -nan        -nan              24            -nan
  107        -147.000     -78.001           0.000       0.000             107            -nan
   50         -39.491    -196.222           0.000       0.000              50               0
   65        -510.581     780.623            -nan        -nan              65               0
   21        -367.588    -267.772           0.000      -0.000              21            -nan
  147        -328.632     233.765           0.000      34.442             147              -0
   17         -72.323    -261.602         -83.149       0.000              17               0
   16         -54.308    -263.347           0.000       0.000              16              -0
  227         196.889      46.526            -nan        -nan             227               0
  173         449.000       0.004           0.000       0.000             173               0
  138         196.886     -46.521           0.000       0.000             138               0
  246         -54.319     263.346           0.000       0.000             246               0
  100         -72.333     261.596           0.000       0.000             100               0
   28        -328.631    -233.777           0.000       0.000              28               0
  168        -367.594     267.759           0.000       0.000             168               0
  122        -510.560    -780.636           0.000       0.000             122               0
   81         -39.490     196.223           0.000       0.000              81               0
  196        -146.999      77.996           0.000       0.000             196               0
  255        -462.303    -149.105           0.000       0.000             255               0
  133        -105.176    -147.996           0.000       0.000             133               0
   17         -40.936    -357.562           0.000       0.000              17               0
  152         672.637     160.244           0.000       0.000             152               0
    2         -11.893       0.754           0.000       0.000               2               0
  251         386.085     -44.014           0.000       0.000             251               0
  212        -114.282    -739.355           0.000       0.000             212               0
