SINAL     NFT                         FFT                         NFT INVERSA     FFT INVERSA
-----     -----------------------     -----------------------     -----------     -----------
   25        3552.000       0.000        3552.000       0.000              25              25
   64          17.948     337.149          17.948     337.149              64              64
   74        -128.907     -46.585        -128.907     -46.585              74              74
  140        -565.904      76.513        -565.904      76.513             140             140
   38        -157.375     156.539        -157.375     156.539              38              38
  185         367.485     143.251         367.485     143.251             185             185
  180        -246.677     123.750        -246.677     123.750             180             180
  109        -310.712     -41.844        -310.712     -41.844             109             109
  125        -307.999    -128.002        -307.999    -128.002             125             125
    5        -235.594    -226.095        -235.594    -226.095               5               5
   81         565.252     -30.961         565.252     -30.961              81              81
   20        -107.910     496.096        -107.910     496.096              20              20
  100         275.374      -9.460         275.374      -9.460             100             100
  117        -126.149     -69.034        -126.149     -69.034             117             117
  164          54.332    -313.302          54.332    -313.302             164             164
   12        -447.175     334.501        -447.175     334.501              12              12
  201         -44.000      -0.002         -44.000      -0.002             201             201
   72        -447.166    -334.509        -447.166    -334.509              72              72
   91          54.330     313.304          54.330     313.304              91              91
  225        -126.147      69.028        -126.147      69.028             225             225
  114         275.376       9.462         275.376       9.462             114             114
   68        -107.897    -496.098        -107.897    -496.098              68              68
   96         565.249      30.977         565.249      30.977              96              96
  141        -235.604     226.091        -235.604     226.091             141             141
   40        -308.003     127.994        -308.003     127.994              40              40
  238        -310.710      41.834        -310.710      41.834             238             238
  228        -246.668    -123.758        -246.668    -123.758             228             228
   83         367.492    -143.245         367.492    -143.245              83              83
   80        -157.372    -156.542        -157.372    -156.542              80              80
  214        -565.895     -76.524        -565.895     -76.524             214             214
  117        -128.893      46.582        -128.893      46.582             117             117
  105          17.981    -337.147          17.981    -337.147             105             105
