SINAL     NFT                         FFT                         NFT INVERSA     FFT INVERSA
-----     -----------------------     -----------------------     -----------     -----------
   96        4121.000       0.000            -nan        -nan              96            -nan
  176         311.486     120.248            -nan        -nan             176            -nan
  226         -96.383    -190.319            -nan        -nan             226            -nan
  178         135.412    -440.800            -nan        -nan             178            -nan
   48         272.073      86.384            -nan        -nan              48            -nan
  188         170.042     -48.794     4870191836303945663966724711374885815176083633295054578689353933879248257882989527543487265938315790743472700201804978315014677663642818604604695517623620692627737577747560686234020056642897554138133707658254043566555649636081833804532934380355647645763691591534206089972371934937088.000 2622978877257249029940226833346055563140584218526555426370644846117336725863743569132973124074167959171986856985130461442865366872096542470480069541252475637692152334207944792328447259250422380569196010717783588510913451222287360803764712322748225568143251646294723325207961894125568.000             188            -nan
  151          67.678     174.333            -nan        -nan             151            -1745313538159213061247619354047700775834408716753089066492850309444833672643415227483421108509734740117252531914198559424757068467003476011145249375724586691037695446788910108645572884546980867033673933993102912682720248255867640567620440330947297320017983127130358966910976
   70        -782.413     387.016            -nan        -nan              70            -nan
  180         -63.998    -553.001           0.000       0.000             180            -nan
   96        -663.040     -29.654           0.000       0.000              96               0
   85         220.610     172.091            -nan        -nan              85               0
   41        -109.357     206.545           0.000      -0.000              41            -nan
  158         117.923     288.381           0.000      19.517             158              -0
  211        -180.670    -547.203         -47.118       0.000             211               0
   14          48.093    -196.560           0.000       0.000              14              -0
   63         -89.462     -42.163            -nan        -nan              63               0
  247         235.000       0.003           0.000       0.000             247               0
   71         -89.464      42.162           0.000       0.000              71               0
   49          48.089     196.562           0.000       0.000              49               0
   21        -180.681     547.194           0.000       0.000              21               0
  167         117.929    -288.386           0.000       0.000             167               0
  194        -109.353    -206.550           0.000       0.000             194               0
  133         220.611    -172.086           0.000       0.000             133               0
  153        -663.042      29.642           0.000       0.000             153               0
  103         -64.006     552.996           0.000       0.000             103               0
  242        -782.397    -387.038           0.000       0.000             242               0
  251          67.695    -174.331           0.000       0.000             251               0
   14         170.052      48.798           0.000       0.000              14               0
   58         272.084     -86.377           0.000       0.000              58               0
   70         135.412     440.803           0.000       0.000              70               0
  212         -96.372     190.311           0.000       0.000             212               0
  155         311.517    -120.247           0.000       0.000             155               0
