SINAL     NFT                         FFT                         NFT INVERSA     FFT INVERSA
-----     -----------------------     -----------------------     -----------     -----------
  101        4204.000       0.000            -nan        -nan             101            -nan
  102         -26.173      83.970            -nan        -nan             102            -nan
  241         258.663    -179.118            -nan        -nan             241            -nan
  125        -157.608     -70.489            -nan        -nan             125            -nan
   59        -427.975    -218.751            -nan        -nan              59            -nan
  250         159.783      51.857     6564450994556944293184141790034268299659092260032778498079273060555502343025721693838114554521853661023994237862616533577264724948125567808783929827059716214064093350920485583276393767930416758777970686461091795204456452793246933536009740311218335733594964400420044069356911292579840.000 3517453939313154664198458353577826006822688624501618313015289279508161280372834599125505026700039441310273902591758970964446453690661139850507128844669912782928184185847470536282435915193839061014003437574187742155638383460259045462793062104241342367721165535743107507354035541770240.000             250            -nan
  206         524.671     145.557            -nan        -nan             206            -764722894513339706170204749022423805146680654295684475312417472886895928639583092453364208678631256705028327378573352865102524422992641588144321313615422923431077377600385775453928143305939928054949577549346025952217278949640213061806942354497536672127353232654831280193536
   44        -114.539    -503.662            -nan        -nan              44            -nan
    0        -436.002     141.999           0.000       0.000              -0            -nan
   76        -195.461     167.116           0.000       0.000              76               0
  157        -287.839     460.521            -nan        -nan             157               0
  204         135.900    -124.865           0.000      -0.000             204            -nan
   79         561.970     507.254           0.000      24.874              79              -0
  124         -68.374     291.768         -60.052       0.000             124               0
   72        -307.502     215.844           0.000       0.000              72              -0
  234          66.467    -146.275            -nan        -nan             234               0
  126        -344.000      -0.006           0.000       0.000             126               0
   84          66.465     146.269           0.000       0.000              84               0
  183        -307.495    -215.858           0.000       0.000             183               0
  197         -68.361    -291.775           0.000       0.000             197               0
  121         561.983    -507.243           0.000       0.000             121               0
  221         135.893     124.867           0.000       0.000             221               0
   87        -287.832    -460.528           0.000       0.000              87               0
   20        -195.457    -167.118           0.000       0.000              20               0
  180        -435.994    -142.004           0.000       0.000             180               0
   45        -114.540     503.660           0.000       0.000              45               0
  192         524.680    -145.549           0.000       0.000             192               0
  202         159.785     -51.853           0.000       0.000             202               0
   81        -427.975     218.742           0.000       0.000              81               0
  164        -157.597      70.484           0.000       0.000             164               0
   45         258.675     179.120           0.000       0.000              45               0
  182         -26.144     -83.974           0.000       0.000             182               0
