SINAL     NFT                         FFT                         NFT INVERSA     FFT INVERSA
-----     -----------------------     -----------------------     -----------     -----------
  147        3880.000       0.000            -nan        -nan             147            -nan
   24        -250.641     325.217            -nan        -nan              24            -nan
   53        -193.730     -32.381            -nan        -nan              53            -nan
    8         -42.425     257.626            -nan        -nan               8            -nan
  116         143.978    -168.272            -nan        -nan             116            -nan
  196         426.255     531.692     2702000011758981787531506995209487147239096908525516111449258612777922354665702614982924511299660007284347461117025666039284750777549177141856613602676471396027797424429368860039188838693932637925542969626638328611792317169665893769806740310871784869372947824572312013590973583982592.000 1464054463677010296839379878109949403232774741891796442400757564515240919740013390340250468559342928050228302721696734235733209159593151399769842786237930442064395431751092857937531693992605042518862204887492270653685671669438489135154917384543104426851358869697549341852287732023296.000             196            -nan
   72         260.966     244.913            -nan        -nan              72            -1745295807320807185250357680833296352312584549988534410879015616271103225744561195494471625694377571683005480562171680099766431645881099184732438256285580576468712326501287030983040624797988805165764861073756925262773465299821337755732659283387008088310058825729646792802304
  116         388.031     169.678            -nan        -nan             116            -nan
  124         109.997     184.000           0.000       0.000             124            -nan
   78        -172.162     262.746           0.000       0.000              78               0
  159          49.550    -335.521            -nan        -nan             159               0
  175        -312.310     756.898           0.000      -0.000             175            -nan
   13        -169.979     193.723           0.000      14.159              13              -0
  193         180.673    -237.512         -34.184       0.000             193               0
   55          43.211     183.184           0.000       0.000              55              -0
   75         326.561     193.941            -nan        -nan              75               0
   79        -752.000      -0.012           0.000       0.000              79               0
  254         326.569    -193.942           0.000       0.000             254               0
  101          43.215    -183.188           0.000       0.000             101               0
  217         180.667     237.509           0.000       0.000             217               0
  196        -169.976    -193.737           0.000       0.000             196               0
   59        -312.291    -756.907           0.000       0.000              59               0
   73          49.547     335.520           0.000       0.000              73               0
  247        -172.151    -262.755           0.000       0.000             247               0
   62         110.009    -184.001           0.000       0.000              62               0
  228         388.041    -169.674           0.000       0.000             228               0
  141         260.976    -244.911           0.000       0.000             141               0
  165         426.268    -531.682           0.000       0.000             165               0
  100         143.975     168.276           0.000       0.000             100               0
   34         -42.417    -257.627           0.000       0.000              34               0
   73        -193.722      32.377           0.000       0.000              73               0
  247        -250.609    -325.221           0.000       0.000             247               0
