SINAL     NFT                         FFT                         NFT INVERSA     FFT INVERSA
-----     -----------------------     -----------------------     -----------     -----------
  247        3855.000       0.000            -nan        -nan             247            -nan
  182         131.721     -79.060            -nan        -nan             182            -nan
   78          43.807     169.294            -nan        -nan              78            -nan
   40         177.379    -137.605            -nan        -nan              40            -nan
  115         276.873     -68.738            -nan        -nan             115            -nan
  230         -19.820     526.986     5025063866915291075577358201283131511510795004958758595988884315379748441297643131547147664138779744456711482760858773019672604420405808182962403193033852315742198074473809270993635005045823028378903494947894966932907693377580867872925184491735680101758567649441664336837907543228416.000 2705759812073960656676700509673301281497669920024394591494003172060913978822028054147890460790803610005215169675031630897887306744453291814929088931018560762691735864548050585671812423502135495604997744540546519797104098003397988162528477909627416155300359624127244219647136773439488.000             230            -nan
  110         546.415      -3.418            -nan        -nan             110            -1745313538175594102607263427323886803310440530780141982961514835785695088574888532946741266373354007694865283131303823564025174920576326921409968888014073634185860201132669110883773949607405677934971254603805317177288251726810333959559668020639910982818473341737045824897024
   39          90.833      21.905            -nan        -nan              39            -nan
   70        -241.999    -379.004           0.000       0.000              70            -nan
  196        -131.763    -910.744           0.000       0.000             196               0
   81         152.637     225.377            -nan        -nan              81               0
  228          -1.463     -72.603           0.000      -0.000             228            -nan
  151          83.130    -376.740           0.000      19.900             151              -0
   95         211.989    -340.677         -48.042       0.000              95               0
   35         525.137     178.093           0.000       0.000              35              -0
  143         181.130    -271.194            -nan        -nan             143               0
  167          -3.000       0.001           0.000       0.000             167               0
   84         181.127     271.196           0.000       0.000              84               0
  164         525.141    -178.083           0.000       0.000             164               0
   78         211.979     340.682           0.000       0.000              78               0
   23          83.120     376.737           0.000       0.000              23               0
   41          -1.465      72.597           0.000       0.000              41               0
  232         152.641    -225.374           0.000       0.000             232               0
  127        -131.782     910.738           0.000       0.000             127               0
   27        -242.002     378.987           0.000       0.000              27               0
  228          90.843     -21.915           0.000       0.000             228               0
  142         546.419       3.418           0.000       0.000             142               0
   86         -19.805    -526.993           0.000       0.000              86               0
   42         276.878      68.741           0.000       0.000              42               0
   98         177.383     137.602           0.000       0.000              98               0
  242          43.822    -169.299           0.000       0.000             242               0
   34         131.744      79.057           0.000       0.000              34               0
