SINAL     NFT                         FFT                         NFT INVERSA     FFT INVERSA
-----     -----------------------     -----------------------     -----------     -----------
  104        4928.000       0.000            -nan        -nan             104            -nan
   33        -182.789     316.760            -nan        -nan              33            -nan
  227         312.079     396.336            -nan        -nan             227            -nan
   54          -1.472    -149.595            -nan        -nan              54            -nan
  165        -205.906     533.042            -nan        -nan             165            -nan
  153        -335.514      -9.154     -342350767530647803979271410054484262707857499831904295342779306819908063743234715051485082412779782368905267998003148005923492427648401606839802354686827067100393866834101533771541622114080949711970317374937878580934122311584407794202412266339464253856868069756633970630526787390201848135680.000 -213252289423912030493513241213389880679568491627687805679877494669139983263676345919366299681824711659606112477317751515473340351354862308094907522204275911199836311179593496875030707925897524962102553888747287361738163164620081850819440928741613967687172477878929388058512479155508087881728.000             153            -nan
   85         129.053     179.164            -nan        -nan              85            2664390237021594445463860089723856496295082589414629307840533703271192804808624546260771138011884466022556462046493690865202264902211885574730151677902010431764620528746855824448421930790489997683151597707920541657273754159313272949085125000201189186286248841978376654689112634163200
  102        -100.624      -4.255            -nan        -nan             102            -nan
  104         -69.004     482.999           0.000       0.000             104            -nan
   61        -748.477    -213.410           0.000       0.000              61               0
  180         247.156    -246.748            -nan        -nan             180               0
  125        -228.332     387.237           0.000      -0.000             125            -nan
  196         -46.098     331.041           0.000      32.528             196              -0
  197         341.006     360.738         -78.530       0.000             197               0
  175        -176.291     242.417           0.000       0.000             175              -0
  251          72.194      61.547            -nan        -nan             251               0
  252         386.000      -0.000           0.000       0.000             252               0
  128          72.192     -61.555           0.000       0.000             128               0
   16        -176.286    -242.429           0.000       0.000              16               0
  188         341.012    -360.736           0.000       0.000             188               0
  224         -46.095    -331.044           0.000       0.000             224               0
   47        -228.325    -387.241           0.000       0.000              47               0
  251         247.148     246.755           0.000       0.000             251               0
  231        -748.482     213.389           0.000       0.000             231               0
  124         -68.988    -483.004           0.000       0.000             124               0
   44        -100.619       4.251           0.000       0.000              44               0
  208         129.061    -179.163           0.000       0.000             208               0
  197        -335.509       9.144           0.000       0.000             197               0
  125        -205.884    -533.046           0.000       0.000             125               0
  231          -1.460     149.595           0.000       0.000             231               0
  221         312.104    -396.330           0.000       0.000             221               0
  229        -182.751    -316.759           0.000       0.000             229               0
