SINAL     NFT                         FFT                         NFT INVERSA     FFT INVERSA
-----     -----------------------     -----------------------     -----------     -----------
   88        4562.000       0.000        4562.000       0.000              88              88
   76           0.312      71.942           0.312      71.942              76              76
  132         229.009      -9.239         229.009      -9.239             132             132
  206        -399.278    -186.894        -399.278    -186.894             206             206
  236        -668.298      13.811        -668.298      13.811             236             236
  253        -525.501     408.199        -525.501     408.199             253             253
  116          46.841    -165.279          46.841    -165.279             116             116
   27         412.126     164.949         412.126     164.949              27              27
   68           2.999     -71.001           2.999     -71.001              68              68
   82        -316.790     273.962        -316.790     273.962              82              82
  158         -34.994    -279.104         -34.994    -279.104             158             158
  155        -336.565     120.509        -336.565     120.509             155             155
  112         286.300    -230.187         286.300    -230.187             112             112
  220         -43.134    -317.895         -43.134    -317.895             220             220
  175         371.148     -99.058         371.148     -99.058             175             175
   20         -31.173       1.647         -31.173       1.647              20              20
  243         268.000       0.003         268.000       0.003             243             243
  180         -31.173      -1.646         -31.173      -1.646             180             180
  173         371.145      99.068         371.145      99.068             173             173
  132         -43.143     317.893         -43.143     317.893             132             132
  117         286.292     230.188         286.292     230.188             117             117
   97        -336.565    -120.520        -336.565    -120.520              97              97
  146         -35.000     279.099         -35.000     279.099             146             146
  198        -316.782    -273.973        -316.782    -273.973             198             198
  110           3.003      70.998           3.003      70.998             110             110
   86         412.131    -164.942         412.131    -164.942              86              86
   79          46.833     165.277          46.833     165.277              79              79
  233        -525.494    -408.212        -525.494    -408.212             233             233
  235        -668.290     -13.823        -668.290     -13.823             235             235
  115        -399.266     186.885        -399.266     186.885             115             115
  227         229.028       9.241         229.028       9.241             227             227
   67           0.344     -71.944           0.344     -71.944              67              67
