SINAL     NFT                         FFT                         NFT INVERSA     FFT INVERSA
-----     -----------------------     -----------------------     -----------     -----------
  183        4254.000       0.000            -nan        -nan             183            -nan
   96          84.963      75.293            -nan        -nan              96            -nan
   40         120.764     184.239            -nan        -nan              40            -nan
  115        -206.626      -5.035            -nan        -nan             115            -nan
  241         333.767     172.564            -nan        -nan             241            -nan
  152        -481.098     256.767     -807097318458970301013337924829876982933319622440216809278131243636834726524360357205607760624371447603620515418192467530985342747444629754014144606349858534342752687943946702453473280.000 -461344825964343435400824822284599170282906924627962524001140044363212553826893591478716305786014993462605940504737826385957405475308835088021820085332221983527333390426802229799288832.000             152            -nan
   83          43.074     407.219            -nan        -nan              83            2638790389173697477452513437434886415139488033450326799972203182741911849062320827643822053472518006117378403012139384135389604511590290752778366423809116673877233444166041600
    0         218.600     305.627            -nan        -nan              -0            -nan
  204         765.000    -292.998           0.000       0.000             204            -nan
  230        -404.548    -174.156           0.000       0.000             230               0
   82         207.355     374.491            -nan        -nan              82               0
   48        -501.052     -90.429           0.000      -0.000              48            -nan
  142         -77.761    -677.440           0.000       2.296             142              -0
  172         373.031    -219.487          -5.543       0.000             172               0
   22        -235.200     191.508           0.000       0.000              22              -0
  199         348.730    -231.750            -nan        -nan             199               0
  254         424.000       0.005           0.000       0.000             254               0
  186         348.720     231.755           0.000       0.000             186               0
   16        -235.198    -191.515           0.000       0.000              16               0
  126         373.025     219.495           0.000       0.000             126               0
  120         -77.780     677.433           0.000       0.000             120               0
    1        -501.052      90.408           0.000       0.000               1               0
  250         207.367    -374.493           0.000       0.000             250               0
   53        -404.544     174.144           0.000       0.000              53               0
  199         765.000     293.005           0.000       0.000             199               0
  202         218.605    -305.633           0.000       0.000             202               0
   43          43.081    -407.223           0.000       0.000              43               0
  133        -481.087    -256.780           0.000       0.000             133               0
  209         333.778    -172.558           0.000       0.000             209               0
   65        -206.617       5.029           0.000       0.000              65               0
  251         120.784    -184.238           0.000       0.000             251               0
  137          84.993     -75.292           0.000       0.000             137               0
