SINAL     NFT                         FFT                         NFT INVERSA     FFT INVERSA
-----     -----------------------     -----------------------     -----------     -----------
   84        4220.000       0.000        4220.000       0.000              84              84
  228        -449.988    -546.865        -449.988    -546.865             228             228
   44           3.617     196.735           3.617     196.735              44              44
  179         322.261    -175.981         322.261    -175.981             179             179
   39         -19.523     239.899         -19.523     239.899              39              39
   97         489.554    -388.349         489.554    -388.349              97              97
  181        -285.302     274.767        -285.302     274.767             181             181
  161        -140.461    -377.999        -140.461    -377.999             161             161
  158         165.999     -21.999         165.999     -21.999             158             158
  218         117.128     320.946         117.128     320.946             218             218
   90        -580.398     121.081        -580.398     121.081              90              90
  221         301.196    -698.612         301.196    -698.612             221             221
  164         243.521    -220.098         243.521    -220.098             164             164
  247        -236.562    -240.270        -236.562    -240.270             247             247
  229        -133.926     175.053        -133.926     175.053             229             229
  250        -251.127    -257.947        -251.127    -257.947             250             250
   65        -624.000      -0.005        -624.000      -0.005              65              65
   19        -251.127     257.943        -251.127     257.943              19              19
  152        -133.918    -175.054        -133.918    -175.054             152             152
   91        -236.561     240.268        -236.561     240.268              91              91
  195         243.523     220.105         243.523     220.105             195             195
  237         301.181     698.614         301.181     698.614             237             237
    0        -580.393    -121.101        -580.393    -121.101              -0              -0
   24         117.141    -320.946         117.141    -320.946              24              24
  240         166.002      22.003         166.002      22.003             240             240
   96        -140.466     377.993        -140.466     377.993              96              96
    7        -285.287    -274.775        -285.287    -274.775               7               7
  152         489.554     388.357         489.554     388.357             152             152
   37         -19.512    -239.903         -19.512    -239.903              37              37
   80         322.265     175.986         322.265     175.986              80              80
  113           3.630    -196.735           3.630    -196.735             113             113
  122        -449.974     546.852        -449.974     546.852             122             122
