SINAL     NFT                         FFT                         NFT INVERSA     FFT INVERSA
-----     -----------------------     -----------------------     -----------     -----------
  121        3829.000       0.000            -nan        -nan             121            -nan
  255         232.767    -266.624            -nan        -nan             255            -nan
  142        -137.586    -515.468            -nan        -nan             142            -nan
  170         143.965    -163.802            -nan        -nan             170            -nan
  148         -91.403    -510.555            -nan        -nan             148            -nan
  141         657.181     316.054     3321481840729010064370050444445350614650452364907072731080127619627555959898830331738483882508412826261886751471693027475202519736727984394397329455115596043969025702785391320250460008146234192762057285013525275996125280582396956397554740927015819759905536751736844293113035756666880.000 1795174839006732575951035683332271740668921415681635971070305821297964192919629732440777873118875764271299088542385798002932600197977653479213374262891215552656069890867060442663441018105620091857135627229430418448093078057556108656398459553090477528743633681102394800764006214664192.000             141            -nan
  188          50.825    -340.068            -nan        -nan             188            -1745295807320045382502705210291560718998905834676303384009538961048229445937581729744549527014508732075335137176294215626331721213178205478745147235057323117507593762044887479812751480731661302813844909710477992275763299884540205547569117045918682069409692849275274868555776
  216         -37.450    -254.837            -nan        -nan             216            -nan
   73        -202.004     586.998           0.000       0.000              73            -nan
   50          61.865    -604.769           0.000       0.000              50               0
  116         241.790      26.140            -nan        -nan             116               0
  180         188.179     -23.000           0.000      -0.000             180            -nan
  224        -508.600     141.441           0.000      15.690             224              -0
   13          -1.301     -96.886         -37.879       0.000              13               0
   34         -11.034      34.738           0.000       0.000              34              -0
  115        -389.213     165.410            -nan        -nan             115               0
   14        -353.000      -0.006           0.000       0.000              14               0
   38        -389.206    -165.421           0.000       0.000              38               0
  224         -11.029     -34.739           0.000       0.000             224               0
  217          -1.301      96.884           0.000       0.000             217               0
  142        -508.591    -141.453           0.000       0.000             142               0
    2         188.187      23.004           0.000       0.000               2               0
   93         241.795     -26.133           0.000       0.000              93               0
  206          61.855     604.766           0.000       0.000             206               0
   26        -201.988    -587.005           0.000       0.000              26               0
  172         -37.447     254.838           0.000       0.000             172               0
  166          50.828     340.066           0.000       0.000             166               0
   94         657.193    -316.041           0.000       0.000              94               0
   20         -91.410     510.553           0.000       0.000              20               0
   81         143.969     163.802           0.000       0.000              81               0
    7        -137.583     515.459           0.000       0.000               7               0
  141         232.788     266.618           0.000       0.000             141               0
