SINAL     NFT                         FFT                         NFT INVERSA     FFT INVERSA
-----     -----------------------     -----------------------     -----------     -----------
   91        4381.000       0.000            -nan        -nan              91            -nan
   90        -268.925      98.536            -nan        -nan              90            -nan
   27        -397.263      52.414            -nan        -nan              27            -nan
   34         138.709     429.801            -nan        -nan              34            -nan
   12         281.923     658.689            -nan        -nan              12            -nan
  253        -218.540     399.580     5644551989360672722019892160916114296849640491613574665187005841381749174956257547561789256940635559309666612997073951838304311447457766496393233894674778808200040061378803610032094798657524925341982644106458660398315868343577004146494184937255809925738071881071497324300049976393728.000 3036883551340807163622595214982284154926012726015751251987436475835222990655165994207559807657346213338128420434636308717975066233880289192725166490082901262690069985908473759045273080508987955748204679831598244941866685127840497597583540257144178503928791535457327797403836290695168.000             253            -nan
  152         292.241    -354.712            -nan        -nan             152            -1745313538176122631792011278220076772812204382463178330836900720834677212691998222208749660285593505372845338460515561766975778185144717382832876565939701641033687650455935907659124349148850176570803450440832643752949672071691598815428413817685107211636135009412737478426624
  187          55.386    -155.080            -nan        -nan             187            -nan
  235        -176.004     442.998           0.000       0.000             235            -nan
   35        -146.552    -656.194           0.000       0.000              35               0
  219        -208.364     333.578            -nan        -nan             219               0
  136         -99.072    -292.157           0.000      -0.000             136            -nan
  207         436.070     612.692           0.000      21.430             207              -0
   54         218.597    -136.469         -51.737       0.000              54               0
   30        -330.617    -299.298           0.000       0.000              30              -0
  247        -335.603      82.890            -nan        -nan             247               0
  173          47.000      -0.001           0.000       0.000             173               0
   30        -335.602     -82.898           0.000       0.000              30               0
  224        -330.617     299.289           0.000       0.000             224               0
  160         218.600     136.466           0.000       0.000             160               0
   23         436.083    -612.685           0.000       0.000              23               0
  177         -99.081     292.155           0.000       0.000             177               0
  254        -208.356    -333.583           0.000       0.000             254               0
  236        -146.563     656.188           0.000       0.000             236               0
  190        -175.989    -443.007           0.000       0.000             190               0
   24          55.390     155.080           0.000       0.000              24               0
  116         292.238     354.710           0.000       0.000             116               0
  125        -218.527    -399.594           0.000       0.000             125               0
   88         281.943    -658.686           0.000       0.000              88               0
  199         138.722    -429.795           0.000       0.000             199               0
  173        -397.252     -52.418           0.000       0.000             173               0
  180        -268.894     -98.538           0.000       0.000             180               0
