SINAL     NFT                         FFT                         NFT INVERSA     FFT INVERSA
-----     -----------------------     -----------------------     -----------     -----------
  178        3371.000       0.000            -nan        -nan             178            -nan
   99         230.755    -152.609            -nan        -nan              99            -nan
   41          27.431     485.404            -nan        -nan              41            -nan
   30         389.281     158.476            -nan        -nan              30            -nan
   65         536.341     722.955            -nan        -nan              65            -nan
   72         166.683      45.798     1617906810896394690866421128822840767427450815342124638483263166943052874576348900971796958794558422839714101147751418048723095967964068032553591487279104296070186194644884335836925491471140967272832763258730056945014549157395585502599678230017341431319206508549631794381474695741440.000 884593806765580620539937208942413393806256233438249264421104415988575344943477281281572092214299088611243080160414502324407024429379798896411565613865109047540664322309811828043505603462773505153165356423026257047287996143122970420856470993925344219082985785257503127857550424276992.000              72            -nan
   99        -214.206     154.048            -nan        -nan              99            -1745295808100155179912148698319177780833489687726611534008026274098184163869824593681568952926251267725275866804632364642607981447846937980495183818299614354001156000617574884043725772630388713618487554520771600670077449047939243625550461774351559253681247513597531421409280
  134         -68.310     431.428            -nan        -nan             134            -nan
  172         306.000    -281.001           0.000       0.000             172            -nan
  240        -294.767    -259.476           0.000       0.000             240               0
   14         159.171     490.049            -nan        -nan              14               0
    5         201.695    -387.671           0.000      -0.000               5            -nan
  220        -268.347     242.951           0.000      11.481             220              -0
  205          75.976     -28.506         -27.716       0.000             205               0
    9        -116.404     149.400           0.000       0.000               9              -0
  210         162.682    -117.025            -nan        -nan             210               0
   70        -263.000      -0.005           0.000       0.000              70               0
   43         162.681     117.023           0.000       0.000              43               0
   52        -116.401    -149.408           0.000       0.000              52               0
   13          75.977      28.503           0.000       0.000              13               0
   50        -268.339    -242.959           0.000       0.000              50               0
  112         201.691     387.670           0.000       0.000             112               0
  120         159.182    -490.050           0.000       0.000             120               0
  111        -294.768     259.468           0.000       0.000             111               0
  112         305.999     280.998           0.000       0.000             112               0
  114         -68.298    -431.438           0.000       0.000             114               0
   85        -214.195    -154.057           0.000       0.000              85               0
   23         166.696     -45.802           0.000       0.000              23               0
   63         536.365    -722.947           0.000       0.000              63               0
  164         389.290    -158.467           0.000       0.000             164               0
  204          27.451    -485.401           0.000       0.000             204               0
  242         230.774     152.618           0.000       0.000             242               0
