SINAL     NFT                         FFT                         NFT INVERSA     FFT INVERSA
-----     -----------------------     -----------------------     -----------     -----------
   79        4461.000       0.000        4461.000       0.000              79              79
  105         -55.297    -124.443         -55.297    -124.443             105             105
  223         -63.003     234.334         -63.003     234.334             223             223
   41          -4.685     475.776          -4.685     475.776              41              41
   99         335.116    -350.346         335.116    -350.346              99              99
   76          38.211     191.421          38.211     191.421              76              76
  124        -317.578    -196.820        -317.578    -196.820             124             124
  213         233.001    -300.585         233.001    -300.585             213             213
  232        -412.007    1002.998        -412.007    1002.998             232             232
   86        -211.377     -74.359        -211.377     -74.359              86              86
  242        -613.797    -342.210        -613.797    -342.210             242             242
  220        -161.418      58.579        -161.418      58.579             220             220
  105         132.883     221.654         132.883     221.654             105             105
    8        -132.564     263.501        -132.564     263.501               8               8
  204          42.381    -135.054          42.381    -135.054             204             204
  133          22.121     294.355          22.121     294.355             133             133
  113         403.000       0.001         403.000       0.001             113             113
  112          22.124    -294.358          22.124    -294.358             112             112
  239          42.376     135.051          42.376     135.051             239             239
  255        -132.560    -263.508        -132.560    -263.508             255             255
   67         132.885    -221.652         132.885    -221.652              67              67
   25        -161.422     -58.581        -161.422     -58.581              25              25
   34        -613.804     342.195        -613.804     342.195              34              34
  228        -211.375      74.346        -211.375      74.346             228             228
  198        -411.979   -1003.007        -411.979   -1003.007             198             198
   12         233.002     300.595         233.002     300.595              12              12
  150        -317.576     196.812        -317.576     196.812             150             150
  229          38.226    -191.421          38.226    -191.421             229             229
  117         335.117     350.350         335.117     350.350             117             117
   89          -4.667    -475.780          -4.667    -475.780              89              89
  206         -62.984    -234.333         -62.984    -234.333             206             206
  197         -55.270     124.444         -55.270     124.444             197             197
