SINAL     NFT                         FFT                         NFT INVERSA     FFT INVERSA
-----     -----------------------     -----------------------     -----------     -----------
  162        4328.000       0.000        4328.000       0.000             162             162
   36         201.107    -313.346         201.107    -313.346              36              36
  252        -183.017     626.350        -183.017     626.350             252             252
  147        -265.914    -427.197        -265.914    -427.197             147             147
  188        -137.548    -332.649        -137.548    -332.649             188             188
   80        -276.370     -99.101        -276.370     -99.101              80              80
  148         -32.179      22.452         -32.179      22.452             148             148
  137        -133.706    -190.180        -133.706    -190.180             137             137
   54         145.001     -82.999         145.001     -82.999              54              54
  230        -125.288     439.573        -125.288     439.573             230             230
  185         343.426    -242.708         343.426    -242.708             185             185
  197         410.936     151.321         410.936     151.321             197             197
  146         -48.455     263.351         -48.455     263.351             146             146
  208          88.749     480.677          88.749     480.677             208             208
  140           7.767     501.185           7.767     501.185             140             140
  144         292.482    -290.138         292.482    -290.138             144             144
  138         282.000       0.000         282.000       0.000             138             138
  157         292.474     290.134         292.474     290.134             157             157
   15           7.776    -501.195           7.776    -501.195              15              15
    3          88.758    -480.679          88.758    -480.679               3               3
  159         -48.448    -263.353         -48.448    -263.353             159             159
   10         410.941    -151.311         410.941    -151.311              10              10
   56         343.417     242.713         343.417     242.713              56              56
  103        -125.282    -439.578        -125.282    -439.578             103             103
  212         144.998      83.004         144.998      83.004             212             212
  100        -133.711     190.176        -133.711     190.176             100             100
  237         -32.178     -22.454         -32.178     -22.454             237             237
  166        -276.370      99.095        -276.370      99.095             166             166
  166        -137.549     332.644        -137.549     332.644             166             166
  232        -265.913     427.182        -265.913     427.182             232             232
   47        -182.987    -626.360        -182.987    -626.360              47              47
   73         201.131     313.348         201.131     313.348              73              73
