SINAL     NFT                         FFT                         NFT INVERSA     FFT INVERSA
-----     -----------------------     -----------------------     -----------     -----------
   48        3360.000       0.000            -nan        -nan              48            -nan
  143         253.243     303.633            -nan        -nan             143            -nan
  154         226.196     401.815            -nan        -nan             154            -nan
   84         246.770     -59.074            -nan        -nan              84            -nan
   94        -458.014      98.931            -nan        -nan              94            -nan
   66        -108.129    -248.469     4095834126941545410418229755990179948914646685384018505618713878189597966440239977682933096519353849983810864415027229270099730935701493460073224270664501853895561050730419395514548969961611136307700179247133960226541484848310784682239741697195863373071272910692509642515613472522240.000 2209075308168885424840605439860174662464104757918935381907241142276368284394150160066437128818291809547637570818247127711931838995958281078517788608707821940895662964762019923570827673246888903529977405156853103191102336042703133057952887263774693906108977195358451624403654317965312.000              66            -nan
   53         -84.758    -313.534            -nan        -nan              53            -1745295807320045382502705210291560718998905834676303384009538961048229445937581729744549527014508732075335137176294215626331721213178205478745147235057323117507593762044887479812751480731661302813844909710477992275763299884540205547569117045918682069409692849275274868555776
    2         320.127     170.100            -nan        -nan               2            -nan
  122          -7.003     135.000           0.000       0.000             122            -nan
   60        -216.116     129.074           0.000       0.000              60               0
   36        -289.515    -125.477            -nan        -nan              36               0
  184        -181.522     301.510           0.000      -0.000             184            -nan
   62         440.011      26.936           0.000      17.603              62              -0
  202        -600.101     238.247         -42.498       0.000             202               0
  156        -147.925     145.871           0.000       0.000             156              -0
    8         -10.289     305.956            -nan        -nan               8               0
   85        -590.000      -0.010           0.000       0.000              85               0
   74         -10.280    -305.961           0.000       0.000              74               0
   45        -147.922    -145.877           0.000       0.000              45               0
  158        -600.091    -238.261           0.000       0.000             158               0
   25         440.016     -26.927           0.000       0.000              25               0
  176        -181.516    -301.513           0.000       0.000             176               0
   84        -289.515     125.471           0.000       0.000              84               0
  165        -216.107    -129.080           0.000       0.000             165               0
   85          -6.992    -135.000           0.000       0.000              85               0
    2         320.135    -170.090           0.000       0.000               2               0
   95         -84.763     313.534           0.000       0.000              95               0
  238        -108.131     248.463           0.000       0.000             238               0
  168        -458.002     -98.944           0.000       0.000             168               0
  197         246.783      59.076           0.000       0.000             197               0
   73         226.219    -401.813           0.000       0.000              73               0
  216         253.272    -303.624           0.000       0.000             216               0
