SINAL     NFT                         FFT                         NFT INVERSA     FFT INVERSA
-----     -----------------------     -----------------------     -----------     -----------
  204        4197.000       0.000        4197.000       0.000             204             204
   89          79.085    -492.656          79.085    -492.656              89              89
  134        -434.679     288.481        -434.679     288.481             134             134
   98         434.241     -94.355         434.241     -94.355              98              98
  149          55.652      38.270          55.652      38.270             149             149
  160          18.085     193.683          18.085     193.683             160             160
   71          13.300    -148.445          13.300    -148.445              71              71
  227          80.876     327.502          80.876     327.502             227             227
  162         -32.000     -79.002         -32.000     -79.002             162             162
  203         187.001     -90.095         187.001     -90.095             203             203
  189        -176.780     -73.716        -176.780     -73.716             189             189
  211         -36.953    -256.037         -36.953    -256.037             211             211
  217         184.345     274.271         184.345     274.271             217             217
  164        -144.391     113.773        -144.391     113.773             164             164
  136         486.164    -436.785         486.164    -436.785             136             136
   38         286.057    -244.398         286.057    -244.398              38              38
   91         331.000       0.004         331.000       0.004              91              91
   59         286.052     244.404         286.052     244.404              59              59
  144         486.150     436.789         486.150     436.789             144             144
   58        -144.392    -113.784        -144.392    -113.784              58              58
    0         184.349    -274.270         184.349    -274.270              -0              -0
  203         -36.961     256.033         -36.961     256.033             203             203
  110        -176.781      73.707        -176.781      73.707             110             110
  151         187.001      90.093         187.001      90.093             151             151
  161         -32.000      78.994         -32.000      78.994             161             161
   74          80.886    -327.505          80.886    -327.505              74              74
  166          13.300     148.441          13.300     148.441             166             166
   64          18.094    -193.687          18.094    -193.687              64              64
  132          55.661     -38.272          55.661     -38.272             132             132
   54         434.245      94.360         434.245      94.360              54              54
  198        -434.662    -288.492        -434.662    -288.492             198             198
   80          79.104     492.654          79.104     492.654              80              80
