SINAL     NFT                         FFT                         NFT INVERSA     FFT INVERSA
-----     -----------------------     -----------------------     -----------     -----------
   53        4554.000       0.000        4554.000       0.000              53              53
  158         -28.295     222.679         -28.295     222.679             158             158
   45          64.118    -177.459          64.118    -177.459              45              45
   92        -147.040     857.459        -147.040     857.459              92              92
    0          81.913     560.000          81.913     560.000               0               0
  227          -6.685     204.870          -6.685     204.870             227             227
  254         153.204    -240.091         153.204    -240.091             254             254
  158        -210.703     -64.355        -210.703     -64.355             158             158
  189        -265.000    -263.002        -265.000    -263.002             189             189
   88        -144.034     252.917        -144.034     252.917              88              88
  124        -412.258    -112.898        -412.258    -112.898             124             124
   98         394.472     103.803         394.472     103.803              98              98
   80        -159.919     255.997        -159.919     255.997              80              80
   98        -112.083    -581.398        -112.083    -581.398              98              98
   92        -193.065    -146.265        -193.065    -146.265              92              92
  146        -257.641      90.166        -257.641      90.166             146             146
  117        -372.000      -0.004        -372.000      -0.004             117             117
  245        -257.636     -90.170        -257.636     -90.170             245             245
  237        -193.065     146.263        -193.065     146.263             237             237
   57        -112.092     581.392        -112.092     581.392              57              57
  226        -159.909    -256.006        -159.909    -256.006             226             226
  238         394.476    -103.796         394.476    -103.796             238             238
   81        -412.260     112.887        -412.260     112.887              81              81
  210        -144.025    -252.921        -144.025    -252.921             210             210
   78        -265.001     262.995        -265.001     262.995              78              78
   89        -210.696      64.347        -210.696      64.347              89              89
  107         153.207     240.088         153.207     240.088             107             107
  116          -6.674    -204.879          -6.674    -204.879             116             116
  170          81.932    -560.004          81.932    -560.004             170             170
  220        -147.012    -857.457        -147.012    -857.457             220             220
  238          64.130     177.467          64.130     177.467             238             238
  223         -28.260    -222.676         -28.260    -222.676             223             223
