SINAL     NFT                         FFT                         NFT INVERSA     FFT INVERSA
-----     -----------------------     -----------------------     -----------     -----------
  168        8261.000       0.000        8261.000       0.000             168             168
  159        -659.932    -377.386        -659.932    -377.386             159             159
  102        -371.704     484.403        -371.704     484.403             102             102
   11         120.971     522.943         120.971     522.943              11              11
   33         374.153    -276.074         374.153    -276.074              33              33
  187          30.640     -93.099          30.640     -93.099             187             187
   46         358.090     -44.718         358.090     -44.718              46              46
   44          87.245     717.995          87.245     717.995              44              44
  217        -123.466     -61.795        -123.466     -61.795             217             217
   48         183.185     517.487         183.185     517.487              48              48
   25         160.648    -365.729         160.648    -365.729              25              25
   52         -27.092    -274.246         -27.092    -274.246              52              52
  252          -7.668    -177.427          -7.668    -177.427             252             252
   67        -387.567      31.206        -387.567      31.206              67              67
  182         184.944    -344.718         184.944    -344.718             182             182
  203        -147.703    -888.881        -147.703    -888.881             203             203
  192         952.998     186.009         952.998     186.009             192             192
   70         410.474    -493.760         410.474    -493.760              70              70
  253        -354.803    -757.337        -354.803    -757.337             253             253
  226        -839.714      42.752        -839.714      42.752             226             226
  204        -118.854    -622.373        -118.854    -622.373             204             204
  125         208.459     804.519         208.459     804.519             125             125
  142         537.076    -390.529         537.076    -390.529             142             142
  188          77.785     295.591          77.785     295.591             188             188
  190         685.459     302.219         685.459     302.219             190             190
    2          95.777     489.015          95.777     489.015               2               2
  221          82.305     -85.701          82.305     -85.701             221             221
  209          75.586     247.406          75.586     247.406             209             209
  123        -155.611    -657.031        -155.611    -657.031             123             123
   62         -23.917     139.538         -23.917     139.538              62              62
  138        -492.546    -104.391        -492.546    -104.391             138             138
   36         -52.245     481.944         -52.245     481.944              36              36
  221         765.000       0.008         765.000       0.008             221             221
  241         -52.239    -481.952         -52.239    -481.952             241             241
   48        -492.552     104.370        -492.552     104.370              48              48
  255         -23.904    -139.538         -23.904    -139.538             255             255
  173        -155.630     657.016        -155.630     657.016             173             173
   95          75.607    -247.419          75.607    -247.419              95              95
   44          82.311      85.691          82.311      85.691              44              44
  134          95.810    -489.022          95.810    -489.022             134             134
  144         685.476    -302.191         685.476    -302.191             144             144
   70          77.797    -295.581          77.797    -295.581              70              70
  187         537.057     390.551         537.057     390.551             187             187
  141         208.479    -804.503         208.479    -804.503             141             141
  138        -118.895     622.381        -118.895     622.381             138             138
  113        -839.711     -42.780        -839.711     -42.780             113             113
   88        -354.812     757.326        -354.812     757.326              88              88
   74         410.477     493.766         410.477     493.766              74              74
  184         953.007    -185.973         953.007    -185.973             184             184
   86        -147.747     888.869        -147.747     888.869              86              86
   45         184.927     344.705         184.927     344.705              45              45
  132        -387.563     -31.239        -387.563     -31.239             132             132
  211          -7.665     177.414          -7.665     177.414             211             211
  188         -27.091     274.229         -27.091     274.229             188             188
   64         160.644     365.710         160.644     365.710              64              64
  146         183.215    -517.502         183.215    -517.502             146             146
  191        -123.457      61.772        -123.457      61.772             191             191
   29          87.293    -718.001          87.293    -718.001              29              29
  100         358.104      44.733         358.104      44.733             100             100
   58          30.653      93.094          30.653      93.094              58              58
   92         374.160     276.073         374.160     276.073              92              92
  239         121.011    -522.953         121.011    -522.953             239             239
   95        -371.646    -484.416        -371.646    -484.416              95              95
   58        -659.840     377.360        -659.840     377.360              58              58
