SINAL     NFT                         FFT                         NFT INVERSA     FFT INVERSA
-----     -----------------------     -----------------------     -----------     -----------
  142        8258.000       0.000        8258.000       0.000             142             142
   87          52.404     425.979          52.404     425.979              87              87
   99         208.271    -426.000         208.271    -426.000              99              99
  185        -568.946    -132.579        -568.946    -132.579             185             185
  211         303.446    -689.618         303.446    -689.618             211             211
    4        -179.154     218.965        -179.154     218.965               4               4
  255          15.457    -110.795          15.457    -110.795             255             255
  230        -116.377     -66.623        -116.377     -66.623             230             230
  128         615.400     320.619         615.400     320.619             128             128
   76        -382.418     543.327        -382.418     543.327              76              76
   82         189.804     339.259         189.804     339.259              82              82
  143         310.773    -376.974         310.773    -376.974             143             143
  131        -381.220    -173.313        -381.220    -173.313             131             131
  202        -403.779    -126.066        -403.779    -126.066             202             202
   28          31.397     704.006          31.397     704.006              28              28
  142        -414.697      75.735        -414.697      75.735             142             142
   18           0.001     139.999           0.001     139.999              18              18
  139         210.487     636.715         210.487     636.715             139             139
  193         546.598    -323.372         546.598    -323.372             193             193
  107         258.348     524.735         258.348     524.735             107             107
   77         -77.537    -157.234         -77.537    -157.234              77              77
   26         758.315    -665.312         758.315    -665.312              26              26
  142          27.540     102.974          27.540     102.974             142             142
  160          86.515     -83.200          86.515     -83.200             160             160
    7        -937.398    -357.401        -937.398    -357.401               7               7
  211         448.692      71.514         448.692      71.514             211             211
   52         -21.256    -549.982         -21.256    -549.982              52              52
   51         -44.455     -67.451         -44.455     -67.451              51              51
   77         383.291    1022.477         383.291    1022.477              77              77
   55          58.860     940.699          58.860     940.699              55              55
  151        -325.834     559.695        -325.834     559.695             151             151
  219         -90.604    -467.840         -90.604    -467.840             219             219
  143        -294.000      -0.013        -294.000      -0.013             143             143
  250         -90.620     467.810         -90.620     467.810             250             250
  149        -325.803    -559.741        -325.803    -559.741             149             149
   98          58.912    -940.712          58.912    -940.712              98              98
  255         383.338   -1022.450         383.338   -1022.450             255             255
  148         -44.458      67.470         -44.458      67.470             148             148
   72         -21.275     549.985         -21.275     549.985              72              72
  128         448.688     -71.497         448.688     -71.497             128             128
  225        -937.411     357.358        -937.411     357.358             225             225
  155          86.530      83.195          86.530      83.195             155             155
   15          27.562    -102.976          27.562    -102.976              15              15
  101         758.295     665.335         758.295     665.335             101             101
  101         -77.542     157.206         -77.542     157.206             101             101
   44         258.378    -524.739         258.378    -524.739              44              44
  243         546.584     323.381         546.584     323.381             243             243
  119         210.504    -636.720         210.504    -636.720             119             119
  183          -0.003    -140.003          -0.003    -140.003             183             183
  180        -414.696     -75.762        -414.696     -75.762             180             180
  226          31.428    -704.005          31.428    -704.005             226             226
    5        -403.780     126.057        -403.780     126.057               5               5
  207        -381.210     173.296        -381.210     173.296             207             207
  113         310.775     376.975         310.775     376.975             113             113
  165         189.825    -339.267         189.825    -339.267             165             165
  214        -382.379    -543.348        -382.379    -543.348             214             214
   69         615.428    -320.587         615.428    -320.587              69              69
  217        -116.372      66.626        -116.372      66.626             217             217
   10          15.467     110.797          15.467     110.797              10              10
  146        -179.123    -218.965        -179.123    -218.965             146             146
   17         303.439     689.633         303.439     689.633              17              17
  161        -568.916     132.546        -568.916     132.546             161             161
  109         208.314     425.994         208.314     425.994             109             109
  160          52.531    -425.990          52.531    -425.990             160             160
