SINAL     NFT                         FFT                         NFT INVERSA     FFT INVERSA
-----     -----------------------     -----------------------     -----------     -----------
  157        8018.000       0.000        8018.000       0.000             157             157
  213         199.763     412.750         199.763     412.750             213             213
  113           8.695    -172.047           8.695    -172.047             113             113
  185         511.627     216.703         511.627     216.703             185             185
   66         -39.419     165.691         -39.419     165.691              66              66
   44         161.041    -361.422         161.041    -361.422              44              44
  254        -113.292     340.646        -113.292     340.646             254             254
   51          53.468     502.971          53.468     502.971              51              51
  118          -1.633    -299.940          -1.633    -299.940             118             118
  142         -65.879    -319.605         -65.879    -319.605             142             142
   58        -560.978    -372.963        -560.978    -372.963              58              58
  170         362.495     390.696         362.495     390.696             170             170
  117         253.884    -194.101         253.884    -194.101             117             117
   11        -706.121    -991.319        -706.121    -991.319              11              11
   33         -42.569    -200.709         -42.569    -200.709              33              33
  202        -190.793      56.763        -190.793      56.763             202             202
  161         -94.996    -335.002         -94.996    -335.002             161             161
  242         -16.978     -96.438         -16.978     -96.438             242             242
  124         383.895    -174.278         383.895    -174.278             124             124
   19        -186.733     138.097        -186.733     138.097              19              19
   74          31.412     303.823          31.412     303.823              74              74
  125          45.861     -72.457          45.861     -72.457             125             125
  157         970.236    -344.402         970.236    -344.402             157             157
   98         366.273    -107.875         366.273    -107.875              98              98
   64        -970.358    -781.957        -970.358    -781.957              64              64
   74         537.935    -822.666         537.935    -822.666              74              74
  196        -147.359    -270.130        -147.359    -270.130             196             196
   68         103.827     128.352         103.827     128.352              68              68
  209        -769.879    -148.395        -769.879    -148.395             209             209
  100         381.206     206.793         381.206     206.793             100             100
   48         -82.617     -88.952         -82.617     -88.952              48              48
  110          27.033    -826.071          27.033    -826.071             110             110
   58        1212.000       0.037        1212.000       0.037              58              58
  162          26.982     826.080          26.982     826.080             162             162
   40         -82.627      88.942         -82.627      88.942              40              40
  125         381.202    -206.776         381.202    -206.776             125             125
  206        -769.890     148.368        -769.890     148.368             206             206
   38         103.839    -128.339         103.839    -128.339              38              38
  176        -147.364     270.139        -147.364     270.139             176             176
   68         537.898     822.695         537.898     822.695              68              68
  180        -970.385     781.904        -970.385     781.904             180             180
  235         366.293     107.875         366.293     107.875             235             235
  238         970.223     344.428         970.223     344.428             238             238
   42          45.848      72.441          45.848      72.441              42              42
  246          31.419    -303.833          31.419    -303.833             246             246
   16        -186.725    -138.106        -186.725    -138.106              16              16
  244         383.888     174.294         383.888     174.294             244             244
  151         -16.988      96.435         -16.988      96.435             151             151
    2         -95.013     334.993         -95.013     334.993               2               2
  113        -190.791     -56.776        -190.791     -56.776             113             113
  171         -42.577     200.711         -42.577     200.711             171             171
   77        -706.150     991.278        -706.150     991.278              77              77
  239         253.895     194.085         253.895     194.085             239             239
   73         362.514    -390.694         362.514    -390.694              73              73
  175        -560.986     372.933        -560.986     372.933             175             175
   48         -65.873     319.586         -65.873     319.586              48              48
  147          -1.626     299.914          -1.626     299.914             147             147
  116          53.508    -502.991          53.508    -502.991             116             116
  117        -113.254    -340.656        -113.254    -340.656             117             117
  101         161.054     361.420         161.054     361.420             101             101
  216         -39.378    -165.709         -39.378    -165.709             216             216
  165         511.675    -216.690         511.675    -216.690             165             165
  211           8.739     172.036           8.739     172.036             211             211
   19         199.886    -412.750         199.886    -412.750              19              19
