SINAL     NFT                         FFT                         NFT INVERSA     FFT INVERSA
-----     -----------------------     -----------------------     -----------     -----------
  224        8107.000       0.000        8107.000       0.000             224             224
  144        -321.840     -50.077        -321.840     -50.077             144             144
   57         123.682    -360.868         123.682    -360.868              57              57
  142         329.813     538.214         329.813     538.214             142             142
  240         135.468    -362.369         135.468    -362.369             240             240
  101         374.134    -367.834         374.134    -367.834             101             101
   20        -512.868     682.843        -512.868     682.843              20              20
  128        -475.171     207.545        -475.171     207.545             128             128
  172         363.023     -44.615         363.023     -44.615             172             172
  207        -468.703    -318.359        -468.703    -318.359             207             207
   13        -468.412    -911.273        -468.412    -911.273              13              13
   54        -114.287    -378.350        -114.287    -378.350              54              54
   64         -43.473      68.960         -43.473      68.960              64              64
  102         635.668     365.445         635.668     365.445             102             102
  129         331.024    -450.550         331.024    -450.550             129             129
  249         803.137    1008.324         803.137    1008.324             249             249
  188         397.007    -714.002         397.007    -714.002             188             188
  174         695.588    -282.237         695.588    -282.237             174             174
  125         314.350    -299.568         314.350    -299.568             125             125
  144         633.926    -426.829         633.926    -426.829             144             144
  107         -61.743     563.909         -61.743     563.909             107             107
  190          93.374      49.908          93.374      49.908             190             190
   35          55.297    -482.052          55.297    -482.052              35              35
   42         174.899    -316.001         174.899    -316.001              42              42
  220         198.962     559.389         198.962     559.389             220             220
  136        -408.152    -435.679        -408.152    -435.679             136             136
  101         386.342     306.922         386.342     306.922             101             101
   56         120.681     621.557         120.681     621.557              56              56
  119        -478.263     -31.435        -478.263     -31.435             119             119
  197         164.390    -122.634         164.390    -122.634             197             197
  114         450.593    -191.033         450.593    -191.033             114             114
   88         -13.483      16.093         -13.483      16.093              88              88
   85        -601.000      -0.016        -601.000      -0.016              85              85
  172         -13.470     -16.100         -13.470     -16.100             172             172
  230         450.590     191.043         450.590     191.043             230             230
   69         164.379     122.626         164.379     122.626              69              69
   17        -478.262      31.396        -478.262      31.396              17              17
  251         120.719    -621.563         120.719    -621.563             251             251
  198         386.356    -306.902         386.356    -306.902             198             198
  190        -408.166     435.657        -408.166     435.657             190             190
  202         198.998    -559.383         198.998    -559.383             202             202
  211         174.894     316.014         174.894     316.014             211             211
  244          55.285     482.045          55.285     482.045             244             244
   11          93.387     -49.920          93.387     -49.920              11              11
   58         -61.702    -563.912         -61.702    -563.912              58              58
  117         633.925     426.860         633.925     426.860             117             117
    4         314.348     299.575         314.348     299.575               4               4
  247         695.584     282.258         695.584     282.258             247             247
   36         396.980     713.994         396.980     713.994              36              36
  130         803.177   -1008.306         803.177   -1008.306             130             130
  135         330.996     450.560         330.996     450.560             135             135
  143         635.669    -365.427         635.669    -365.427             143             143
   64         -43.488     -68.958         -43.488     -68.958              64              64
  171        -114.315     378.350        -114.315     378.350             171             171
  185        -468.454     911.242        -468.454     911.242             185             185
   29        -468.704     318.313        -468.704     318.313              29              29
   51         363.031      44.603         363.031      44.603              51              51
   31        -475.155    -207.589        -475.155    -207.589              31              31
   85        -512.812    -682.872        -512.812    -682.872              85              85
  171         374.151     367.848         374.151     367.848             171             171
  228         135.482     362.356         135.482     362.356             228             228
  200         329.869    -538.213         329.869    -538.213             200             200
    3         123.711     360.866         123.711     360.866               3               3
   57        -321.739      50.048        -321.739      50.048              57              57
