SINAL     NFT                         FFT                         NFT INVERSA     FFT INVERSA
-----     -----------------------     -----------------------     -----------     -----------
   40        7714.000       0.000        7714.000       0.000              40              40
   79        -605.772     105.230        -605.772     105.230              79              79
   29        -316.253     604.543        -316.253     604.543              29              29
  236          95.850    -416.264          95.850    -416.264             236             236
  170         112.424    -331.942         112.424    -331.942             170             170
   36        -512.451     134.146        -512.451     134.146              36              36
  104         544.809     413.497         544.809     413.497             104             104
   64        -446.855    -745.481        -446.855    -745.481              64              64
   36        -423.070    -273.211        -423.070    -273.211              36              36
   49        -702.663    -132.380        -702.663    -132.380              49              49
  238        -107.133     605.089        -107.133     605.089             238             238
   86         -29.340    -272.567         -29.340    -272.567              86              86
  150        -466.459     215.546        -466.459     215.546             150             150
   54         725.149     187.714         725.149     187.714              54              54
   46        -391.730    -171.022        -391.730    -171.022              46              46
   25        -415.621      41.768        -415.621      41.768              25              25
  130         547.003      53.007         547.003      53.007             130             130
   10         593.639     165.998         593.639     165.998              10              10
  189        -203.247     946.285        -203.247     946.285             189             189
  255         358.305    -829.303         358.305    -829.303             255             255
  229         931.292     560.130         931.292     560.130             229             229
  175         491.500    -171.955         491.500    -171.955             175             175
   96        -398.707    -126.507        -398.707    -126.507              96              96
  133         -34.587      70.188         -34.587      70.188             133             133
  244         -70.942     370.787         -70.942     370.787             244             244
  188        -246.896     -10.542        -246.896     -10.542             188             188
   12        -264.545     -46.534        -264.545     -46.534              12              12
   30        -595.974      10.485        -595.974      10.485              30              30
  189        -213.257    -563.381        -213.257    -563.381             189             189
  100        -419.831    -462.927        -419.831    -462.927             100             100
  236          40.769     409.428          40.769     409.428             236             236
  230        -494.455     404.422        -494.455     404.422             230             230
  180         684.000       0.008         684.000       0.008             180             180
   10        -494.446    -404.448        -494.446    -404.448              10              10
  210          40.784    -409.415          40.784    -409.415             210             210
   94        -419.854     462.921        -419.854     462.921              94              94
   47        -213.281     563.366        -213.281     563.366              47              47
   59        -595.968     -10.522        -595.968     -10.522              59              59
  158        -264.534      46.514        -264.534      46.514             158             158
   83        -246.882      10.521        -246.882      10.521              83              83
  108         -70.911    -370.796         -70.911    -370.796             108             108
  141         -34.571     -70.187         -34.571     -70.187             141             141
  170        -398.689     126.489        -398.689     126.489             170             170
    3         491.520     171.966         491.520     171.966               3               3
  196         931.324    -560.091         931.324    -560.091             196             196
  217         358.263     829.308         358.263     829.308             217             217
   28        -203.206    -946.306        -203.206    -946.306              28              28
   70         593.650    -165.967         593.650    -165.967              70              70
  227         546.991     -52.980         546.991     -52.980             227             227
  218        -415.633     -41.782        -415.633     -41.782             218             218
   69        -391.731     171.004        -391.731     171.004              69              69
  201         725.154    -187.687         725.154    -187.687             201             201
  137        -466.460    -215.562        -466.460    -215.562             137             137
  166         -29.353     272.565         -29.353     272.565             166             166
   78        -107.114    -605.090        -107.114    -605.090              78              78
  126        -702.667     132.365        -702.667     132.365             126             126
   98        -423.067     273.202        -423.067     273.202              98              98
   91        -446.861     745.454        -446.861     745.454              91              91
  157         544.844    -413.485         544.844    -413.485             157             157
   32        -512.430    -134.164        -512.430    -134.164              32              32
  192         112.437     331.949         112.437     331.949             192             192
  138          95.857     416.255          95.857     416.255             138             138
    6        -316.188    -604.566        -316.188    -604.566               6               6
  116        -605.666    -105.252        -605.666    -105.252             116             116
