SINAL     NFT                         FFT                         NFT INVERSA     FFT INVERSA
-----     -----------------------     -----------------------     -----------     -----------
  235        8065.000       0.000        8065.000       0.000             235             235
  191        -100.439     433.880        -100.439     433.880             191             191
  129         718.243     129.942         718.243     129.942             129             129
   37        -899.776   -1182.271        -899.776   -1182.271              37              37
  172         150.139     245.962         150.139     245.962             172             172
  157         671.170    -631.543         671.170    -631.543             157             157
  100          99.949     -84.179          99.949     -84.179             100             100
  182         364.171     593.334         364.171     593.334             182             182
  182         616.659      20.659         616.659      20.659             182             182
   57         602.431    -210.729         602.431    -210.729              57              57
  249        -266.898    -145.010        -266.898    -145.010             249             249
   78         441.643     -94.731         441.643     -94.731              78              78
   25         475.077     479.704         475.077     479.704              25              25
   49         804.877     124.783         804.877     124.783              49              49
  155         159.925    -342.315         159.925    -342.315             155             155
  153         -10.638     222.374         -10.638     222.374             153             153
  166         235.988     628.998         235.988     628.998             166             166
   29        -465.841    -409.422        -465.841    -409.422              29              29
    3         605.650     110.606         605.650     110.606               3               3
    2         364.978     -72.069         364.978     -72.069               2               2
   33        -673.581    -105.171        -673.581    -105.171              33              33
   49        -151.049    -216.699        -151.049    -216.699              49              49
    0       -1004.377    -148.480       -1004.377    -148.480              -0              -0
   78         127.271    -288.889         127.271    -288.889              78              78
  228         465.327     806.663         465.327     806.663             228             228
  197        -225.502     -92.149        -225.502     -92.149             197             197
   82         425.325     174.307         425.325     174.307              82              82
  250           1.039    -111.549           1.039    -111.549             250             250
  230         -51.658     381.095         -51.658     381.095             230             230
  228        -458.897    -453.830        -458.897    -453.830             228             228
  165          78.168     388.798          78.168     388.798             165             165
  209          86.559      54.119          86.559      54.119             209             209
  163         603.000       0.005         603.000       0.005             163             163
   38          86.552     -54.132          86.552     -54.132              38              38
  246          78.175    -388.803          78.175    -388.803             246             246
   79        -458.918     453.799        -458.918     453.799              79              79
  196         -51.635    -381.111         -51.635    -381.111             196             196
   91           1.043     111.539           1.043     111.539              91              91
    6         425.333    -174.301         425.333    -174.301               6               6
  123        -225.504      92.125        -225.504      92.125             123             123
  149         465.360    -806.648         465.360    -806.648             149             149
    0         127.243     288.899         127.243     288.899              -0              -0
  201       -1004.385     148.433       -1004.385     148.433             201             201
  174        -151.044     216.683        -151.044     216.683             174             174
   49        -673.562     105.130        -673.562     105.130              49              49
  101         365.004      72.070         365.004      72.070             101             101
   72         605.664    -110.592         605.664    -110.592              72              72
  216        -465.847     409.384        -465.847     409.384             216             216
  130         236.035    -629.005         236.035    -629.005             130             130
   75         -10.608    -222.376         -10.608    -222.376              75              75
  219         159.937     342.314         159.937     342.314             219             219
  163         804.902    -124.765         804.902    -124.765             163             163
  125         475.106    -479.690         475.106    -479.690             125             125
  219         441.644      94.750         441.644      94.750             219             219
  242        -266.890     144.994        -266.890     144.994             242             242
   97         602.444     210.743         602.444     210.743              97              97
  160         616.671     -20.649         616.671     -20.649             160             160
   69         364.202    -593.322         364.202    -593.322              69              69
   92          99.959      84.191          99.959      84.191              92              92
  134         671.155     631.566         671.155     631.566             134             134
   42         150.155    -245.960         150.155    -245.960              42              42
    1        -899.790    1182.219        -899.790    1182.219               1               1
   88         718.308    -129.944         718.308    -129.944              88              88
  205        -100.320    -433.900        -100.320    -433.900             205             205
