SINAL     NFT                         FFT                         NFT INVERSA     FFT INVERSA
-----     -----------------------     -----------------------     -----------     -----------
  180        7457.000       0.000        7457.000       0.000             180             180
  125         142.170    -485.307         142.170    -485.307             125             125
  114         362.951     336.717         362.951     336.717             114             114
   29          45.226     157.398          45.226     157.398              29              29
  252         246.715      56.529         246.715      56.529             252             252
  242         -60.968    -604.460         -60.968    -604.460             242             242
   32         286.485     164.577         286.485     164.577              32              32
   79        -650.849    -110.087        -650.849    -110.087              79              79
   87         274.701      81.162         274.701      81.162              87              87
   60        -434.667     231.228        -434.667     231.228              60              60
  173          28.015     522.716          28.015     522.716             173             173
   13         465.789    -440.414         465.789    -440.414              13              13
  165        -191.060     402.431        -191.060     402.431             165             165
  143         700.035      86.576         700.035      86.576             143             143
  200        1077.830     345.010        1077.830     345.010             200             200
   25        -151.039    -235.401        -151.039    -235.401              25              25
  223         519.991     393.001         519.991     393.001             223             223
   36         -72.055    -896.267         -72.055    -896.267              36              36
  227        -388.591     414.484        -388.591     414.484             227             227
  119         174.004    -255.511         174.004    -255.511             119             119
  221         -28.725      23.865         -28.725      23.865             221             221
    2       -1054.561    -312.012       -1054.561    -312.012               2               2
   13         123.519    -503.392         123.519    -503.392              13              13
  247        -192.069     465.445        -192.069     465.445             247             247
  184          75.288     647.159          75.288     647.159             184             184
  125        -330.806     534.624        -330.806     534.624             125             125
    9         -20.750    -389.215         -20.750    -389.215               9               9
  185        -296.420     -95.010        -296.420     -95.010             185             185
   65        1041.069    -354.022        1041.069    -354.022              65              65
  108         296.359    -385.030         296.359    -385.030             108             108
  171        -725.466     318.524        -725.466     318.524             171             171
  246         555.838     682.948         555.838     682.948             246             246
  234         427.000      -0.004         427.000      -0.004             234             234
   29         555.853    -682.938         555.853    -682.938              29              29
   19        -725.456    -318.549        -725.456    -318.549              19              19
  230         296.356     385.046         296.356     385.046             230             230
   16        1041.045     354.056        1041.045     354.056              16              16
   51        -296.443      94.985        -296.443      94.985              51              51
   54         -20.775     389.192         -20.775     389.192              54              54
  103        -330.787    -534.662        -330.787    -534.662             103             103
  112          75.314    -647.162          75.314    -647.162             112             112
  228        -192.051    -465.443        -192.051    -465.443             228             228
  117         123.491     503.405         123.491     503.405             117             117
   22       -1054.569     311.960       -1054.569     311.960              22              22
  115         -28.704     -23.875         -28.704     -23.875             115             115
   61         174.005     255.508         174.005     255.508              61              61
   48        -388.561    -414.503        -388.561    -414.503              48              48
   83         -72.067     896.253         -72.067     896.253              83              83
   98         520.026    -392.998         520.026    -392.998              98              98
   19        -151.027     235.381        -151.027     235.381              19              19
  202        1077.862    -344.980        1077.862    -344.980             202             202
   64         700.032     -86.557         700.032     -86.557              64              64
   21        -191.046    -402.443        -191.046    -402.443              21              21
  216         465.771     440.424         465.771     440.424             216             216
   55          28.031    -522.728          28.031    -522.728              55              55
  206        -434.651    -231.247        -434.651    -231.247             206             206
   85         274.712     -81.149         274.712     -81.149              85              85
   65        -650.837     110.058        -650.837     110.058              65              65
  136         286.517    -164.564         286.517    -164.564             136             136
  151         -60.968     604.452         -60.968     604.452             151             151
  173         246.747     -56.534         246.747     -56.534             173             173
   51          45.270    -157.407          45.270    -157.407              51              51
  141         363.016    -336.702         363.016    -336.702             141             141
  152         142.246     485.310         142.246     485.310             152             152
