SINAL     NFT                         FFT                         NFT INVERSA     FFT INVERSA
-----     -----------------------     -----------------------     -----------     -----------
  242        7654.000       0.000        7654.000       0.000             242             242
  166         177.046     142.716         177.046     142.716             166             166
   60         -95.559     176.039         -95.559     176.039              60              60
  248         642.462      14.173         642.462      14.173             248             248
  158         796.688      46.827         796.688      46.827             158             158
    5         541.149      38.113         541.149      38.113               5               5
   55         129.258      86.539         129.258      86.539              55              55
   52          24.148    -655.909          24.148    -655.909              52              52
   41         430.575     -23.124         430.575     -23.124              41              41
  131         -26.221    -265.705         -26.221    -265.705             131             131
  143         728.429     -19.832         728.429     -19.832             143             143
   74        -206.754     650.943        -206.754     650.943              74              74
   23        -393.397    1005.371        -393.397    1005.371              23              23
  234          32.709    -175.731          32.709    -175.731             234             234
   87         297.405     781.196         297.405     781.196              87              87
  200         274.357     270.140         274.357     270.140             200             200
   66        -722.998    -309.012        -722.998    -309.012              66              66
  109         114.413     388.587         114.413     388.587             109             109
  197         568.917     109.644         568.917     109.644             197             197
   90         -25.187    -211.150         -25.187    -211.150              90              90
   94         753.456     -77.903         753.456     -77.903              94              94
  220         439.675    -350.696         439.675    -350.696             220             220
  135         445.148    -226.309         445.148    -226.309             135             135
   78        -477.160    -135.995        -477.160    -135.995              78              78
   23         375.415     216.876         375.415     216.876              23              23
  191        -247.591     236.783        -247.591     236.783             191             191
  193          42.910   -1136.304          42.910   -1136.304             193             193
   35        -292.338     348.827        -292.338     348.827              35              35
   75          27.242     -80.459          27.242     -80.459              75              75
   65          81.972     309.400          81.972     309.400              65              65
  218         467.471     368.122         467.471     368.122             218             218
   61        -876.730    -245.592        -876.730    -245.592              61              61
  231        -220.000      -0.009        -220.000      -0.009             231             231
   22        -876.726     245.540        -876.726     245.540              22              22
   53         467.503    -368.118         467.503    -368.118              53              53
  133          81.989    -309.402          81.989    -309.402             133             133
   27          27.240      80.457          27.240      80.457              27              27
  109        -292.317    -348.835        -292.317    -348.835             109             109
  186          42.872    1136.297          42.872    1136.297             186             186
   69        -247.568    -236.817        -247.568    -236.817              69              69
  240         375.435    -216.870         375.435    -216.870             240             240
   74        -477.150     135.969        -477.150     135.969              74              74
  143         445.161     226.318         445.161     226.318             143             143
    7         439.675     350.699         439.675     350.699               7               7
   52         753.455      77.915         753.455      77.915              52              52
  231         -25.196     211.127         -25.196     211.127             231             231
  208         568.922    -109.645         568.922    -109.645             208             208
  119         114.419    -388.598         114.419    -388.598             119             119
   84        -723.005     308.963        -723.005     308.963              84              84
  150         274.386    -270.157         274.386    -270.157             150             150
  209         297.445    -781.197         297.445    -781.197             209             209
  178          32.704     175.717          32.704     175.717             178             178
  114        -393.343   -1005.401        -393.343   -1005.401             114             114
   88        -206.698    -650.942        -206.698    -650.942              88              88
    1         728.450      19.876         728.450      19.876               1               1
  137         -26.216     265.708         -26.216     265.708             137             137
   23         430.593      23.143         430.593      23.143              23              23
  194          24.141     655.902          24.141     655.902             194             194
  172         129.291     -86.550         129.291     -86.550             172             172
   98         541.184     -38.102         541.184     -38.102              98              98
    4         796.717     -46.804         796.717     -46.804               4               4
  134         642.484     -14.157         642.484     -14.157             134             134
  160         -95.511    -176.052         -95.511    -176.052             160             160
  235         177.151    -142.713         177.151    -142.713             235             235
