SINAL     NFT                         FFT                         NFT INVERSA     FFT INVERSA
-----     -----------------------     -----------------------     -----------     -----------
  230        8769.000       0.000        8769.000       0.000             230             230
  135           2.504      50.659           2.504      50.659             135             135
  244         904.175     -73.519         904.175     -73.519             244             244
   59         417.173     -70.179         417.173     -70.179              59              59
  171         139.077     -10.947         139.077     -10.947             171             171
   88        -342.696    1067.292        -342.696    1067.292              88              88
   10         142.767      47.156         142.767      47.156              10              10
  234         843.711    -162.971         843.711    -162.971             234             234
  204         351.638      83.950         351.638      83.950             204             204
  184          39.306    -309.835          39.306    -309.835             184             184
  239         -23.604    -494.477         -23.604    -494.477             239             239
   83        -565.152     -20.873        -565.152     -20.873              83              83
    7         129.582     140.297         129.582     140.297               7               7
   88         297.405      -3.208         297.405      -3.208              88              88
   89         177.990     423.225         177.990     423.225              89              89
  104          66.037     111.899          66.037     111.899             104             104
    0         175.997     -63.000         175.997     -63.000              -0              -0
  204        -472.969     367.671        -472.969     367.671             204             204
   30         407.007      64.226         407.007      64.226              30              30
  122          76.322    -201.983          76.322    -201.983             122             122
  204         -61.955    -576.590         -61.955    -576.590             204             204
  168        -123.157      -9.249        -123.157      -9.249             168             168
  221         -54.935     244.610         -54.935     244.610             221             221
   59        -126.813    1405.529        -126.813    1405.529              59              59
  114       -1069.641     -74.077       -1069.641     -74.077             114             114
  226        -493.812     361.704        -493.812     361.704             226             226
   49         962.969     154.163         962.969     154.163              49              49
  212        -256.714    -495.406        -256.714    -495.406             212             212
   96         361.298      92.170         361.298      92.170              96              96
  109         184.484      32.446         184.484      32.446             109             109
  178         731.615     103.406         731.615     103.406             178             178
   71         214.332    -112.539         214.332    -112.539              71              71
  245        -117.000      -0.008        -117.000      -0.008             245             245
  166         214.335     112.533         214.335     112.533             166             166
  131         731.618    -103.391         731.618    -103.391             131             131
  160         184.476     -32.451         184.476     -32.451             160             160
  255         361.291     -92.165         361.291     -92.165             255             255
  141        -256.739     495.377        -256.739     495.377             141             141
  139         962.960    -154.150         962.960    -154.150             139             139
  204        -493.826    -361.744        -493.826    -361.744             204             204
   70       -1069.645      74.006       -1069.645      74.006              70              70
  122        -126.740   -1405.546        -126.740   -1405.546             122             122
   31         -54.916    -244.600         -54.916    -244.600              31              31
   78        -123.148       9.254        -123.148       9.254              78              78
  211         -61.967     576.585         -61.967     576.585             211             211
  120          76.326     201.971          76.326     201.971             120             120
  182         407.014     -64.227         407.014     -64.227             182             182
  211        -472.946    -367.701        -472.946    -367.701             211             211
   69         176.010      63.000         176.010      63.000              69              69
  213          66.055    -111.909          66.055    -111.909             213             213
   78         178.020    -423.223         178.020    -423.223              78              78
   17         297.414       3.219         297.414       3.219              17              17
  125         129.590    -140.293         129.590    -140.293             125             125
   44        -565.140      20.852        -565.140      20.852              44              44
   76         -23.599     494.472         -23.599     494.472              76              76
  240          39.322     309.821          39.322     309.821             240             240
   14         351.672     -83.951         351.672     -83.951              14              14
  126         843.722     162.989         843.722     162.989             126             126
  196         142.779     -47.176         142.779     -47.176             196             196
  111        -342.626   -1067.315        -342.626   -1067.315             111             111
  236         139.120      10.959         139.120      10.959             236             236
  119         417.222      70.195         417.222      70.195             119             119
  182         904.227      73.552         904.227      73.552             182             182
  225           2.613     -50.665           2.613     -50.665             225             225
