SINAL     NFT                         FFT                         NFT INVERSA     FFT INVERSA
-----     -----------------------     -----------------------     -----------     -----------
  241        8219.000       0.000        8219.000       0.000             241             241
  252        -770.003     -87.764        -770.003     -87.764             252             252
    0         -33.762      -3.137         -33.762      -3.137               0               0
   15         913.111     596.386         913.111     596.386              15              15
   31        -289.181     401.298        -289.181     401.298              31              31
   84        -202.820     710.041        -202.820     710.041              84              84
   33         591.627     299.598         591.627     299.598              33              33
   54        -218.128    -183.127        -218.128    -183.127              54              54
  237         515.645    -356.465         515.645    -356.465             237             237
  112         978.314    -354.979         978.314    -354.979             112             112
  171        -409.161    -476.986        -409.161    -476.986             171             171
   61         432.003     -76.982         432.003     -76.982              61              61
  183         341.139     245.256         341.139     245.256             183             183
   15         491.847    -381.853         491.847    -381.853              15              15
   77          98.848    -328.979          98.848    -328.979              77              77
  164           4.172    -169.054           4.172    -169.054             164             164
  254        1271.997      63.009        1271.997      63.009             254             254
   24         154.872    -695.952         154.872    -695.952              24              24
   55         243.296    -762.946         243.296    -762.946              55              55
  160         -60.586     511.628         -60.586     511.628             160             160
  244         136.252     115.132         136.252     115.132             244             244
  211        -657.893    -364.026        -657.893    -364.026             211             211
  188         840.988    -340.511         840.988    -340.511             188             188
  245        -281.669     175.324        -281.669     175.324             245             245
  205         248.349     363.534         248.349     363.534             205             205
   40         -49.577    -627.369         -49.577    -627.369              40              40
  148         540.955     -44.169         540.955     -44.169             148             148
   68          73.361     169.393          73.361     169.393              68              68
   92        -308.225    -288.829        -308.225    -288.829              92              92
  226        -335.938      86.042        -335.938      86.042             226             226
   75        -576.796     314.642        -576.796     314.642              75              75
   77        -183.103     556.578        -183.103     556.578              77              77
  223         205.000      -0.008         205.000      -0.008             223             223
   76        -183.087    -556.600        -183.087    -556.600              76              76
   92        -576.781    -314.667        -576.781    -314.667              92              92
  254        -335.923     -86.053        -335.923     -86.053             254             254
  160        -308.219     288.814        -308.219     288.814             160             160
  126          73.391    -169.394          73.391    -169.394             126             126
   52         540.964      44.193         540.964      44.193              52              52
  141         -49.597     627.357         -49.597     627.357             141             141
  238         248.370    -363.537         248.370    -363.537             238             238
  224        -281.649    -175.335        -281.649    -175.335             224             224
  203         840.978     340.547         840.978     340.547             203             203
  166        -657.905     363.988        -657.905     363.988             166             166
  240         136.274    -115.139         136.274    -115.139             240             240
   24         -60.546    -511.626         -60.546    -511.626              24              24
   74         243.285     762.963         243.285     762.963              74              74
  238         154.868     695.944         154.868     695.944             238             238
   48        1272.009     -62.973        1272.009     -62.973              48              48
  129           4.162     169.045           4.162     169.045             129             129
  143          98.845     328.972          98.845     328.972             143             143
   37         491.842     381.854         491.842     381.854              37              37
   85         341.156    -245.258         341.156    -245.258              85              85
   76         432.001      76.993         432.001      76.993              76              76
   27        -409.166     476.957        -409.166     476.957              27              27
   34         978.315     355.000         978.315     355.000              34              34
  116         515.628     356.461         515.628     356.461             116             116
  175        -218.129     183.084        -218.129     183.084             175             175
  103         591.648    -299.608         591.648    -299.608             103             103
  208        -202.782    -710.072        -202.782    -710.072             208             208
  145        -289.134    -401.321        -289.134    -401.321             145             145
  178         913.166    -596.350         913.166    -596.350             178             178
   29         -33.732       3.139         -33.732       3.139              29              29
  113        -769.906      87.729        -769.906      87.729             113             113
