SINAL     NFT                         FFT                         NFT INVERSA     FFT INVERSA
-----     -----------------------     -----------------------     -----------     -----------
  156        7496.000       0.000        7496.000       0.000             156             156
    2        -113.616     247.459        -113.616     247.459               2               2
    2        -292.862      11.278        -292.862      11.278               2               2
  155        -274.486    -295.012        -274.486    -295.012             155             155
  151        -129.260     684.655        -129.260     684.655             151             151
   75         285.321     318.194         285.321     318.194              75              75
   28        -585.893      31.002        -585.893      31.002              28              28
  120         -60.160     121.921         -60.160     121.921             120             120
  230        -259.373    -353.435        -259.373    -353.435             230             230
   43         446.001     144.507         446.001     144.507              43              43
  221        -184.699     -75.729        -184.699     -75.729             221             221
   75        -149.281     176.528        -149.281     176.528              75              75
   87         -52.185     372.662         -52.185     372.662              87              87
  209        -241.610     151.228        -241.610     151.228             209             209
  195         425.443     820.676         425.443     820.676             195             195
   15         352.610     298.465         352.610     298.465              15              15
  134         -92.002     205.993         -92.002     205.993             134             134
  165        -143.153    -720.108        -143.153    -720.108             165             165
   20        1153.406     716.267        1153.406     716.267              20              20
   85         272.481     165.229         272.481     165.229              85              85
   23         189.579    -606.007         189.579    -606.007              23              23
  185        -343.978     -29.690        -343.978     -29.690             185             185
   44        -118.547     230.598        -118.547     230.598              44              44
   93        -328.776     544.892        -328.776     544.892              93              93
  147         173.377     -11.442         173.377     -11.442             147             147
   55          73.535    -633.115          73.535    -633.115              55              55
  239        -155.043    -546.499        -155.043    -546.499             239             239
  164         800.289     -49.150         800.289     -49.150             164             164
  217        -528.126    -738.024        -528.126    -738.024             217             217
   93        -377.857     -60.040        -377.857     -60.040              93              93
   69         334.207    -368.960         334.207    -368.960              69              69
  117         762.695    -136.406         762.695    -136.406             117             117
   96         812.000       0.021         812.000       0.021              96              96
   71         762.676     136.446         762.676     136.446              71              71
   17         334.167     368.976         334.167     368.976              17              17
  247        -377.877      60.028        -377.877      60.028             247             247
  147        -528.151     737.998        -528.151     737.998             147             147
   45         800.289      49.175         800.289      49.175              45              45
  112        -155.075     546.485        -155.075     546.485             112             112
  121          73.506     633.095          73.506     633.095             121             121
   89         173.370      11.419         173.370      11.419              89              89
   78        -328.758    -544.924        -328.758    -544.924              78              78
  197        -118.534    -230.609        -118.534    -230.609             197             197
  176        -343.968      29.674        -343.968      29.674             176             176
   31         189.570     606.000         189.570     606.000              31              31
  136         272.504    -165.242         272.504    -165.242             136             136
  192        1153.433    -716.225        1153.433    -716.225             192             192
  166        -143.197     720.093        -143.197     720.093             166             166
   46         -91.993    -206.022         -91.993    -206.022              46              46
  212         352.625    -298.472         352.625    -298.472             212             212
  252         425.468    -820.667         425.468    -820.667             252             252
   69        -241.613    -151.239        -241.613    -151.239              69              69
  142         -52.171    -372.665         -52.171    -372.665             142             142
   41        -149.272    -176.531        -149.272    -176.531              41              41
  162        -184.694      75.722        -184.694      75.722             162             162
   34         446.010    -144.487         446.010    -144.487              34              34
   96        -259.389     353.420        -259.389     353.420              96              96
  146         -60.151    -121.934         -60.151    -121.934             146             146
  199        -585.877     -31.037        -585.877     -31.037             199             199
   57         285.354    -318.192         285.354    -318.192              57              57
  239        -129.215    -684.655        -129.215    -684.655             239             239
   12        -274.471     295.008        -274.471     295.008              12              12
  174        -292.812     -11.293        -292.812     -11.293             174             174
   80        -113.503    -247.462        -113.503    -247.462              80              80
