SINAL     NFT                         FFT                         NFT INVERSA     FFT INVERSA
-----     -----------------------     -----------------------     -----------     -----------
   84        8387.000       0.000        8387.000       0.000              84              84
  192         139.837     210.173         139.837     210.173             192             192
   72         -18.899    -431.621         -18.899    -431.621              72              72
  231        -201.889     827.595        -201.889     827.595             231             231
  237         395.066    -274.381         395.066    -274.381             237             237
  184        -422.887    -526.063        -422.887    -526.063             184             184
   96         210.075    -959.467         210.075    -959.467              96              96
   70        -747.897    -240.157        -747.897    -240.157              70              70
    6        -438.864       3.850        -438.864       3.850               6               6
   37        -142.265      32.208        -142.265      32.208              37              37
  247        -102.004    -182.886        -102.004    -182.886             247             247
   38        -551.094     167.513        -551.094     167.513              38              38
  173         686.432     255.466         686.432     255.466             173             173
  183         688.798    -300.387         688.798    -300.387             183             183
  205         104.630     459.055         104.630     459.055             205             205
  220         -34.959     -15.724         -34.959     -15.724             220             220
  140         285.998    -110.999         285.998    -110.999             140             140
  201        -565.066      42.523        -565.066      42.523             201             201
   33         140.966     147.529         140.966     147.529              33              33
   26         394.126     334.590         394.126     334.590              26              26
  242         -63.447   -1014.811         -63.447   -1014.811             242             242
  196        -234.841     -39.734        -234.841     -39.734             196             196
   61         374.382    -684.473         374.382    -684.473              61              61
   82        -119.829    -383.203        -119.829    -383.203              82              82
   86         150.852     503.859         150.852     503.859              86              86
    4        -215.033     512.835        -215.033     512.835               4               4
  140         483.927    -191.793         483.927    -191.793             140             140
   70        -281.065     161.196        -281.065     161.196              70              70
   16        -762.031    -808.663        -762.031    -808.663              16              16
   58        -193.086     171.871        -193.086     171.871              58              58
  150        -369.078      -9.890        -369.078      -9.890             150             150
  101        -168.889      35.611        -168.889      35.611             101             101
  250         145.000       0.003         145.000       0.003             250             250
  222        -168.893     -35.616        -168.893     -35.616             222             222
   76        -369.080       9.876        -369.080       9.876              76              76
  232        -193.080    -171.870        -193.080    -171.870             232             232
  151        -762.057     808.630        -762.057     808.630             151             151
  173        -281.035    -161.219        -281.035    -161.219             173             173
   46         483.932     191.803         483.932     191.803              46              46
  158        -215.005    -512.850        -215.005    -512.850             158             158
  211         150.882    -503.839         150.882    -503.839             211             211
   38        -119.836     383.216        -119.836     383.216              38              38
  196         374.358     684.490         374.358     684.490             196             196
  129        -234.840      39.723        -234.840      39.723             129             129
  221         -63.478    1014.795         -63.478    1014.795             221             221
  146         394.148    -334.595         394.148    -334.595             146             146
   93         140.969    -147.531         140.969    -147.531              93              93
  105        -565.057     -42.551        -565.057     -42.551             105             105
   91         286.007     111.004         286.007     111.004              91              91
  126         -34.949      15.712         -34.949      15.712             126             126
  132         104.665    -459.053         104.665    -459.053             132             132
   77         688.794     300.414         688.794     300.414              77              77
   67         686.430    -255.442         686.430    -255.442              67              67
  193        -551.098    -167.533        -551.098    -167.533             193             193
  160        -102.010     182.885        -102.010     182.885             160             160
  154        -142.263     -32.213        -142.263     -32.213             154             154
  198        -438.859      -3.862        -438.859      -3.862             198             198
   44        -747.885     240.136        -747.885     240.136              44              44
  224         210.061     959.473         210.061     959.473             224             224
  214        -422.879     526.026        -422.879     526.026             214             214
  103         395.088     274.369         395.088     274.369             103             103
  119        -201.818    -827.617        -201.818    -827.617             119             119
   59         -18.857     431.615         -18.857     431.615              59              59
   98         139.959    -210.179         139.959    -210.179              98              98
