SINAL     NFT                         FFT                         NFT INVERSA     FFT INVERSA
-----     -----------------------     -----------------------     -----------     -----------
  240        7565.000       0.000        7565.000       0.000             240             240
   36        -540.085     -11.075        -540.085     -11.075              36              36
   66         248.297     422.254         248.297     422.254              66              66
   43         514.821    -843.685         514.821    -843.685              43              43
   11          79.638    -292.416          79.638    -292.416              11              11
  208         117.850     508.938         117.850     508.938             208             208
  122         136.938    1157.730         136.938    1157.730             122             122
  231         158.153     560.125         158.153     560.125             231             231
  160         353.316     370.415         353.316     370.415             160             160
   71         327.969     754.610         327.969     754.610              71              71
   77         272.757     604.345         272.757     604.345              77              77
   17        -216.933    -164.797        -216.933    -164.797              17              17
  102          31.657    -508.899          31.657    -508.899             102             102
   58        -110.634    -156.836        -110.634    -156.836              58              58
   39         382.872     826.155         382.872     826.155              39              39
    0        -733.133    -420.667        -733.133    -420.667              -0              -0
   92         286.004    -233.000         286.004    -233.000              92              92
   68         212.236     220.234         212.236     220.234              68              68
  200        -396.141    -372.865        -396.141    -372.865             200             200
  165          44.868     -27.963          44.868     -27.963             165             165
  148         125.799    -113.684         125.799    -113.684             148             148
  111         339.561    -344.564         339.561    -344.564             111             111
  177         169.635     265.785         169.635     265.785             177             177
  235         582.963     397.136         582.963     397.136             235             235
   72        -287.326     448.405        -287.326     448.405              72              72
  153         700.802     381.817         700.802     381.817             153             153
  215        -111.322    -483.608        -111.322    -483.608             215             215
  144         601.057     178.251         601.057     178.251             144             144
  238         306.922    -645.206         306.922    -645.206             238             238
   46         480.183    -124.057         480.183    -124.057              46              46
  135        -327.055      56.473        -327.055      56.473             135             135
  223          32.297      78.640          32.297      78.640             223             223
   83         227.000      -0.001         227.000      -0.001              83              83
  202          32.297     -78.648          32.297     -78.648             202             202
   11        -327.044     -56.492        -327.044     -56.492              11              11
   95         480.190     124.074         480.190     124.074              95              95
  154         306.901     645.204         306.901     645.204             154             154
  134         601.062    -178.244         601.062    -178.244             134             134
   70        -111.342     483.581        -111.342     483.581              70              70
   59         700.816    -381.815         700.816    -381.815              59              59
  205        -287.309    -448.432        -287.309    -448.432             205             205
  147         582.982    -397.118         582.982    -397.118             147             147
   76         169.641    -265.775         169.641    -265.775              76              76
   52         339.541     344.576         339.541     344.576              52              52
  206         125.785     113.679         125.785     113.679             206             206
  116          44.858      27.956          44.858      27.956             116             116
   52        -396.156     372.835        -396.156     372.835              52              52
   42         212.251    -220.239         212.251    -220.239              42              42
  184         285.988     233.001         285.988     233.001             184             184
  252        -733.146     420.611        -733.146     420.611             252             252
  208         382.918    -826.157         382.918    -826.157             208             208
   76        -110.634     156.828        -110.634     156.828              76              76
  108          31.645     508.882          31.645     508.882             108             108
  129        -216.924     164.753        -216.924     164.753             129             129
   56         272.802    -604.366         272.802    -604.366              56              56
  181         328.015    -754.613         328.015    -754.613             181             181
   26         353.343    -370.412         353.343    -370.412              26              26
   15         158.187    -560.131         158.187    -560.131              15              15
   69         137.000   -1157.721         137.000   -1157.721              69              69
    9         117.890    -508.909         117.890    -508.909               9               9
   62          79.652     292.441          79.652     292.441              62              62
  205         514.815     843.703         514.815     843.703             205             205
  232         248.349    -422.253         248.349    -422.253             232             232
  146        -539.993      11.053        -539.993      11.053             146             146
