SINAL     NFT                         FFT                         NFT INVERSA     FFT INVERSA
-----     -----------------------     -----------------------     -----------     -----------
  221        7314.000       0.000        7314.000       0.000             221             221
  189         215.580     -64.859         215.580     -64.859             189             189
  118        -241.039    -784.968        -241.039    -784.968             118             118
  148        -309.319    -330.546        -309.319    -330.546             148             148
  155         390.853   -1017.785         390.853   -1017.785             155             155
   74        -904.029     176.451        -904.029     176.451              74              74
  228         355.387    -265.788         355.387    -265.788             228             228
  250         214.050     361.860         214.050     361.860             250             250
   46         749.864    -585.396         749.864    -585.396              46              46
  238        -205.979   -1006.374        -205.979   -1006.374             238             238
  214         107.523     408.576         107.523     408.576             214             214
   97         399.907    -163.510         399.907    -163.510              97              97
   73         707.116    -103.399         707.116    -103.399              73              73
   46         -31.985    -595.222         -31.985    -595.222              46              46
   13         342.609     115.758         342.609     115.758              13              13
   44        -131.434     360.495        -131.434     360.495              44              44
  245          57.998     -80.003          57.998     -80.003             245             245
  224        -837.816    -221.662        -837.816    -221.662             224             224
  190         332.876     463.083         332.876     463.083             190             190
   44         481.779    -304.838         481.779    -304.838              44              44
   65         333.198    -420.584         333.198    -420.584              65              65
  198         968.605    -707.985         968.605    -707.985             198             198
   13         642.018    -205.762         642.018    -205.762              13              13
  127        -252.753      30.309        -252.753      30.309             127             127
  160        -177.874     466.599        -177.874     466.599             160             160
   94        -168.934      63.893        -168.934      63.893              94              94
    0        -931.293     156.050        -931.293     156.050              -0              -0
    1          94.312    -230.974          94.312    -230.974               1               1
   24         428.850    -298.963         428.850    -298.963              24              24
   29         465.112    -582.490         465.112    -582.490              29              29
   19         287.896     398.579         287.896     398.579              19              19
  246          34.927     -69.057          34.927     -69.057             246             246
  219          -6.000      -0.001          -6.000      -0.001             219             219
  138          34.929      69.053          34.929      69.053             138             138
  138         287.918    -398.563         287.918    -398.563             138             138
  118         465.086     582.514         465.086     582.514             118             118
  213         428.825     298.972         428.825     298.972             213             213
  110          94.281     230.964          94.281     230.964             110             110
  113        -931.291    -156.102        -931.291    -156.102             113             113
    3        -168.919     -63.910        -168.919     -63.910               3               3
   93        -177.841    -466.609        -177.841    -466.609              93              93
   71        -252.727     -30.311        -252.727     -30.311              71              71
  100         642.035     205.798         642.035     205.798             100             100
  167         968.581     708.024         968.581     708.024             167             167
  117         333.176     420.584         333.176     420.584             117             117
  114         481.759     304.837         481.759     304.837             114             114
  212         332.878    -463.083         332.878    -463.083             212             212
  107        -837.830     221.620        -837.830     221.620             107             107
   83          58.006      79.992          58.006      79.992              83              83
  146        -131.406    -360.508        -131.406    -360.508             146             146
  151         342.626    -115.739         342.626    -115.739             151             151
  148         -31.995     595.218         -31.995     595.218             148             148
   89         707.124     103.418         707.124     103.418              89              89
  165         399.900     163.516         399.900     163.516             165             165
   19         107.539    -408.569         107.539    -408.569              19              19
  249        -206.010    1006.366        -206.010    1006.366             249             249
    4         749.849     585.403         749.849     585.403               4               4
   20         214.065    -361.869         214.065    -361.869              20              20
  251         355.370     265.794         355.370     265.794             251             251
   29        -904.011    -176.491        -904.011    -176.491              29              29
   49         390.835    1017.793         390.835    1017.793              49              49
   14        -309.307     330.511        -309.307     330.511              14              14
   19        -241.018     784.928        -241.018     784.928              19              19
   12         215.678      64.830         215.678      64.830              12              12
