SINAL     NFT                         FFT                         NFT INVERSA     FFT INVERSA
-----     -----------------------     -----------------------     -----------     -----------
  137        7325.000       0.000        7325.000       0.000             137             137
  217         267.517    -566.593         267.517    -566.593             217             217
   18        -167.735    -146.979        -167.735    -146.979              18              18
   25         -60.807     324.866         -60.807     324.866              25              25
  218         323.367    -329.537         323.367    -329.537             218             218
  158         523.463    -263.491         523.463    -263.491             158             158
  210        -240.790      -3.568        -240.790      -3.568             210             210
   66         -86.030      40.225         -86.030      40.225              66              66
   57          44.689     897.862          44.689     897.862              57              57
  158         395.711     -17.879         395.711     -17.879             158             158
   91         392.913     313.459         392.913     313.459              91              91
   12          80.694     519.648          80.694     519.648              12              12
  196         373.818     113.977         373.818     113.977             196             196
  254          15.333     142.842          15.333     142.842             254             254
   71         -21.539    -325.733         -21.539    -325.733              71              71
  255         667.937      67.921         667.937      67.921             255             255
  234         267.007   -1219.999         267.007   -1219.999             234             234
   29         -89.903     481.522         -89.903     481.522              29              29
  254         109.783    -269.311         109.783    -269.311             254             254
    9       -1056.631    -111.641       -1056.631    -111.641               9               9
   75         417.499     713.781         417.499     713.781              75              75
  190         329.674    -770.836         329.674    -770.836             190             190
  219        -354.877    -777.510        -354.877    -777.510             219             219
   25        -710.561    -953.039        -710.561    -953.039              25              25
   21         941.305      29.888         941.305      29.888              21              21
  254         107.960    1062.284         107.960    1062.284             254             254
   36        -323.561    -281.738        -323.561    -281.738              36              36
   10       -1155.911     454.277       -1155.911     454.277              10              10
  131        -114.691      66.260        -114.691      66.260             131             131
  209         347.407    -142.268         347.407    -142.268             209             209
   84        -226.212     290.233        -226.212     290.233              84              84
   12        -103.905     495.271        -103.905     495.271              12              12
  170        -343.000      -0.018        -343.000      -0.018             170             170
  102        -103.881    -495.289        -103.881    -495.289             102             102
   38        -226.194    -290.243        -226.194    -290.243              38              38
  133         347.400     142.280         347.400     142.280             133             133
    5        -114.702     -66.274        -114.702     -66.274               5               5
  248       -1155.889    -454.327       -1155.889    -454.327             248             248
  200        -323.548     281.720        -323.548     281.720             200             200
   63         108.028   -1062.274         108.028   -1062.274              63              63
  150         941.307     -29.819         941.307     -29.819             150             150
   35        -710.606     953.025        -710.606     953.025              35              35
   76        -354.893     777.490        -354.893     777.490              76              76
   91         329.657     770.825         329.657     770.825              91              91
   33         417.525    -713.781         417.525    -713.781              33              33
  147       -1056.628     111.596       -1056.628     111.596             147             147
   90         109.796     269.307         109.796     269.307              90              90
   12         -89.861    -481.523         -89.861    -481.523              12              12
  177         266.979    1220.004         266.979    1220.004             177             177
   88         667.950     -67.915         667.950     -67.915              88              88
   21         -21.547     325.712         -21.547     325.712              21              21
  253          15.353    -142.864          15.353    -142.864             253             253
   23         373.836    -113.982         373.836    -113.982              23              23
  241          80.728    -519.659          80.728    -519.659             241             241
   22         392.939    -313.449         392.939    -313.449              22              22
   44         395.715      17.885         395.715      17.885              44              44
  240          44.731    -897.862          44.731    -897.862             240             240
   58         -86.018     -40.218         -86.018     -40.218              58              58
   55        -240.766       3.565        -240.766       3.565              55              55
  115         523.478     263.516         523.478     263.516             115             115
   12         323.371     329.542         323.371     329.542              12              12
  139         -60.768    -324.873         -60.768    -324.873             139             139
  127        -167.691     146.974        -167.691     146.974             127             127
  182         267.593     566.595         267.593     566.595             182             182
