SINAL     NFT                         FFT                         NFT INVERSA     FFT INVERSA
-----     -----------------------     -----------------------     -----------     -----------
   22        8118.000       0.000        8118.000       0.000              22              22
  163         -86.944     -46.231         -86.944     -46.231             163             163
  251         276.618     472.711         276.618     472.711             251             251
   37        -655.488    -131.087        -655.488    -131.087              37              37
  242        -138.869    -420.628        -138.869    -420.628             242             242
  161        -279.438     233.309        -279.438     233.309             161             161
  111          17.653    -989.354          17.653    -989.354             111             111
   23         -16.764    -702.778         -16.764    -702.778              23              23
   91          59.951    -625.775          59.951    -625.775              91              91
  107        -403.312     754.616        -403.312     754.616             107             107
  134        -490.394     -94.843        -490.394     -94.843             134             134
  251         175.135      44.786         175.135      44.786             251             251
  131         -79.884     642.851         -79.884     642.851             131             131
  145         -32.890   -1001.922         -32.890   -1001.922             145             145
   21        -395.702    -276.149        -395.702    -276.149              21              21
   80        -368.928    -405.027        -368.928    -405.027              80              80
  204        1005.002    -332.988        1005.002    -332.988             204             204
    1        -397.588    -552.103        -397.588    -552.103               1               1
  119          20.438     285.345          20.438     285.345             119             119
   77        -548.266    -356.733        -548.266    -356.733              77              77
  186        -465.421    -202.044        -465.421    -202.044             186             186
  252         178.991    -185.903         178.991    -185.903             252             252
   39         251.739      16.833         251.739      16.833              39              39
   59        -571.435     800.923        -571.435     800.923              59              59
  254          50.042     610.220          50.042     610.220             254             254
  139        -151.630    -644.830        -151.630    -644.830             139             139
  147        -133.357     153.024        -133.357     153.024             147             147
  144        -113.350     796.608        -113.350     796.608             144             144
  135          12.157     882.471          12.157     882.471             135             135
   89         -86.211     132.557         -86.211     132.557              89              89
   79         292.992     144.910         292.992     144.910              79              79
  158        -337.901     450.788        -337.901     450.788             158             158
  253         116.000      -0.010         116.000      -0.010             253             253
   74        -337.880    -450.819        -337.880    -450.819              74              74
  195         293.000    -144.908         293.000    -144.908             195             195
  239         -86.209    -132.577         -86.209    -132.577             239             239
  236          12.191    -882.481          12.191    -882.481             236             236
   51        -113.319    -796.602        -113.319    -796.602              51              51
    7        -133.352    -153.010        -133.352    -153.010               7               7
   72        -151.656     644.825        -151.656     644.825              72              72
  158          50.065    -610.226          50.065    -610.226             158             158
  141        -571.397    -800.932        -571.397    -800.932             141             141
   67         251.747     -16.798         251.747     -16.798              67              67
   34         178.977     185.928         178.977     185.928              34              34
   30        -465.435     202.037        -465.435     202.037              30              30
   89        -548.272     356.716        -548.272     356.716              89              89
  115          20.462    -285.334          20.462    -285.334             115             115
  235        -397.594     552.100        -397.594     552.100             235             235
   91        1004.993     333.035        1004.993     333.035              91              91
  234        -368.955     405.013        -368.955     405.013             234             234
   56        -395.709     276.133        -395.709     276.133              56              56
   22         -32.923    1001.904         -32.923    1001.904              22              22
  231         -79.850    -642.872         -79.850    -642.872             231             231
   95         175.139     -44.779         175.139     -44.779              95              95
   81        -490.395      94.818        -490.395      94.818              81              81
  230        -403.264    -754.622        -403.264    -754.622             230             230
  235          59.943     625.798          59.943     625.798             235             235
  229         -16.779     702.782         -16.779     702.782             229             229
  118          17.624     989.338          17.624     989.338             118             118
  114        -279.411    -233.339        -279.411    -233.339             114             114
   62        -138.863     420.610        -138.863     420.610              62              62
  197        -655.451     131.038        -655.451     131.038             197             197
   16         276.700    -472.712         276.700    -472.712              16              16
   59         -86.838      46.223         -86.838      46.223              59              59
