SINAL     NFT                         FFT                         NFT INVERSA     FFT INVERSA
-----     -----------------------     -----------------------     -----------     -----------
  198        8172.000       0.000        8172.000       0.000             198             198
   59         160.809      24.313         160.809      24.313              59              59
  207         234.004    -178.042         234.004    -178.042             207             207
   65         299.431    -106.441         299.431    -106.441              65              65
   94         321.365     441.057         321.365     441.057              94              94
  184         598.200      -5.461         598.200      -5.461             184             184
  181          56.929     795.444          56.929     795.444             181             181
  101         -59.704    -164.261         -59.704    -164.261             101             101
   27        -475.775     146.330        -475.775     146.330              27              27
   83          16.152     672.747          16.152     672.747              83              83
  239        -215.082     -60.691        -215.082     -60.691             239             239
  116         487.525     219.544         487.525     219.544             116             116
  160         202.957     -30.021         202.957     -30.021             160             160
  127         256.297      55.067         256.297      55.067             127             127
  212        -346.767    -158.270        -346.767    -158.270             212             212
   34         -41.692     -68.346         -41.692     -68.346              34              34
   43        -625.990   -1044.006        -625.990   -1044.006              43              43
  221         153.975     165.504         153.975     165.504             221             221
  106         102.941    1255.809         102.941    1255.809             106             106
   47         481.809      -7.547         481.809      -7.547              47              47
  150        -271.783      34.010        -271.783      34.010             150             150
  223        -668.540     739.169        -668.540     739.169             223             223
   50         524.261    -583.709         524.261    -583.709              50              50
   24         -80.842     619.337         -80.842     619.337              24              24
  178          75.768     238.328          75.768     238.328             178             178
   37        -390.625     187.808        -390.625     187.808              37              37
  123         294.971      99.749         294.971      99.749             123             123
  220         893.755    -189.837         893.755    -189.837             220             220
  106          11.444     145.087          11.444     145.087             106             106
  249         228.056     118.046         228.056     118.046             249             249
  183         -19.278     639.356         -19.278     639.356             183             183
   49           1.341     294.752           1.341     294.752              49              49
   52          88.000      -0.014          88.000      -0.014              52              52
  134           1.355    -294.781           1.355    -294.781             134             134
  114         -19.247    -639.372         -19.247    -639.372             114             114
  147         228.067    -118.044         228.067    -118.044             147             147
   63          11.459    -145.095          11.459    -145.095              63              63
   40         893.748     189.862         893.748     189.862              40              40
  249         294.958     -99.755         294.958     -99.755             249             249
   90        -390.625    -187.840        -390.625    -187.840              90              90
  124          75.778    -238.341          75.778    -238.341             124             124
  232         -80.814    -619.344         -80.814    -619.344             232             232
  206         524.229     583.720         524.229     583.720             206             206
   29        -668.515    -739.212        -668.515    -739.212              29              29
  103        -271.767     -34.026        -271.767     -34.026             103             103
  163         481.817       7.550         481.817       7.550             163             163
   63         102.992   -1255.806         102.992   -1255.806              63              63
  147         153.976    -165.473         153.976    -165.473             147             147
  128        -626.031    1043.983        -626.031    1043.983             128             128
  169         -41.683      68.330         -41.683      68.330             169             169
  194        -346.757     158.242        -346.757     158.242             194             194
   23         256.319     -55.070         256.319     -55.070              23              23
  136         202.970      30.015         202.970      30.015             136             136
  244         487.539    -219.537         487.539    -219.537             244             244
   47        -215.081      60.666        -215.081      60.666              47              47
   58          16.189    -672.757          16.189    -672.757              58              58
   26        -475.751    -146.351        -475.751    -146.351              26              26
  171         -59.681     164.247         -59.681     164.247             171             171
   23          56.997    -795.447          56.997    -795.447              23              23
  132         598.232       5.489         598.232       5.489             132             132
  164         321.412    -441.040         321.412    -441.040             164             164
  207         299.462     106.461         299.462     106.461             207             207
  181         234.048     178.051         234.048     178.051             181             181
  217         160.915     -24.309         160.915     -24.309             217             217
