SINAL     NFT                         FFT                         NFT INVERSA     FFT INVERSA
-----     -----------------------     -----------------------     -----------     -----------
  203        7899.000       0.000        7899.000       0.000             203             203
  164        -220.456    -296.334        -220.456    -296.334             164             164
  214         525.658     391.125         525.658     391.125             214             214
   18         823.475     504.976         823.475     504.976              18              18
  142         543.398    -397.993         543.398    -397.993             142             142
  189         434.200     265.799         434.200     265.799             189             189
   29         128.726    -221.218         128.726    -221.218              29              29
   24         431.702     242.703         431.702     242.703              24              24
  136        -649.447     115.644        -649.447     115.644             136             136
   44         385.801     173.955         385.801     173.955              44              44
   43         771.078    -222.833         771.078    -222.833              43              43
   14        -116.816     604.248        -116.816     604.248              14              14
  231        -473.371     111.142        -473.371     111.142             231             231
   29         -83.431     -21.541         -83.431     -21.541              29              29
  180         445.091    -704.450         445.091    -704.450             180             180
  159         476.333      28.315         476.333      28.315             159             159
  114         617.991     215.005         617.991     215.005             114             114
    7          -5.800     137.228          -5.800     137.228               7               7
  234        -217.044    -291.630        -217.044    -291.630             234             234
  162        -858.480    -238.834        -858.480    -238.834             162             162
  239        -690.056     448.727        -690.056     448.727             239             239
  130         296.524     395.303         296.524     395.303             130             130
  238        -428.991      26.187        -428.991      26.187             238             238
   17        -241.057     254.845        -241.057     254.845              17              17
  189         135.446     -46.352         135.446     -46.352             189             189
  161        -348.549     886.797        -348.549     886.797             161             161
   53         129.271    -189.509         129.271    -189.509              53              53
  227         553.825     -39.674         553.825     -39.674             227             227
  145        -747.988     415.567        -747.988     415.567             145             145
  141         389.664   -1052.251         389.664   -1052.251             141             141
   26        -249.786      42.632        -249.786      42.632              26              26
   93         531.017     940.391         531.017     940.391              93              93
   50         517.000      -0.005         517.000      -0.005              50              50
  240         531.044    -940.381         531.044    -940.381             240             240
  112        -249.793     -42.634        -249.793     -42.634             112             112
  193         389.610    1052.254         389.610    1052.254             193             193
  174        -747.971    -415.623        -747.971    -415.623             174             174
  141         553.828      39.683         553.828      39.683             141             141
  217         129.253     189.490         129.253     189.490             217             217
   54        -348.517    -886.827        -348.517    -886.827              54              54
  185         135.441      46.352         135.441      46.352             185             185
    4        -241.052    -254.864        -241.052    -254.864               4               4
   69        -428.985     -26.215        -428.985     -26.215              69              69
  160         296.539    -395.299         296.539    -395.299             160             160
   34        -690.041    -448.752        -690.041    -448.752              34              34
  249        -858.473     238.802        -858.473     238.802             249             249
   63        -217.026     291.613        -217.026     291.613              63              63
  149          -5.762    -137.239          -5.762    -137.239             149             149
    1         618.026    -214.984         618.026    -214.984               1               1
   42         476.346     -28.292         476.346     -28.292              42              42
   55         445.064     704.460         445.064     704.460              55              55
  240         -83.431      21.516         -83.431      21.516             240             240
  172        -473.352    -111.182        -473.352    -111.182             172             172
   38        -116.760    -604.261        -116.760    -604.261              38              38
    2         771.092     222.861         771.092     222.861               2               2
  105         385.814    -173.949         385.814    -173.949             105             105
  200        -649.423    -115.679        -649.423    -115.679             200             200
   56         431.744    -242.688         431.744    -242.688              56              56
   77         128.746     221.218         128.746     221.218              77              77
   89         434.245    -265.786         434.245    -265.786              89              89
  198         543.416     398.005         543.416     398.005             198             198
  103         823.529    -504.954         823.529    -504.954             103             103
  183         525.712    -391.099         525.712    -391.099             183             183
  249        -220.374     296.327        -220.374     296.327             249             249
