SINAL     NFT                         FFT                         NFT INVERSA     FFT INVERSA
-----     -----------------------     -----------------------     -----------     -----------
  221        8799.000       0.000        8799.000       0.000             221             221
  142        -451.226      75.054        -451.226      75.054             142             142
   58         -46.415    -205.076         -46.415    -205.076              58              58
   35        -322.551      81.300        -322.551      81.300              35              35
  222         124.974    -177.716         124.974    -177.716             222             222
   79         249.683    -134.277         249.683    -134.277              79              79
  105         226.613     111.267         226.613     111.267             105             105
  236        -350.563     522.962        -350.563     522.962             236             236
  135        -309.192      48.593        -309.192      48.593             135             135
  148         406.390     495.618         406.390     495.618             148             148
   39         654.323    -888.555         654.323    -888.555              39              39
   13         325.207    -281.491         325.207    -281.491              13              13
  252         -99.828     249.671         -99.828     249.671             252             252
  183        -607.704     200.575        -607.704     200.575             183             183
  230         419.195     -15.598         419.195     -15.598             230             230
  135         541.709    -778.376         541.709    -778.376             135             135
  113         929.996     281.009         929.996     281.009             113             113
   39         506.201    -255.697         506.201    -255.697              39              39
  147         648.710    -176.296         648.710    -176.296             147             147
  244         319.794     203.559         319.794     203.559             244             244
   11        -339.330     552.340        -339.330     552.340              11              11
  245         545.817    -389.049         545.817    -389.049             245             245
   79        -493.897    -327.120        -493.897    -327.120              79              79
  140        -226.438    -163.740        -226.438    -163.740             140             140
   89        -290.816     368.591        -290.816     368.591              89              89
  101        -348.091      96.225        -348.091      96.225             101             101
  157        -807.444     123.370        -807.444     123.370             157             157
  190         993.798      88.480         993.798      88.480             190             190
  239         618.164    -107.032         618.164    -107.032             239             239
   17        -495.624      17.682        -495.624      17.682              17              17
   98         390.909     556.896         390.909     556.896              98              98
  205        -110.413     -62.534        -110.413     -62.534             205             205
  160         141.000      -0.005         141.000      -0.005             160             160
  156        -110.413      62.510        -110.413      62.510             156             156
  240         390.931    -556.892         390.931    -556.892             240             240
  126        -495.617     -17.706        -495.617     -17.706             126             126
  236         618.171     107.049         618.171     107.049             236             236
   89         993.783     -88.449         993.783     -88.449              89              89
  107        -807.458    -123.413        -807.458    -123.413             107             107
  116        -348.086     -96.248        -348.086     -96.248             116             116
  238        -290.794    -368.605        -290.794    -368.605             238             238
  146        -226.435     163.733        -226.435     163.733             146             146
  129        -493.890     327.094        -493.890     327.094             129             129
  235         545.819     389.053         545.819     389.053             235             235
   73        -339.290    -552.369        -339.290    -552.369              73              73
  104         319.829    -203.545         319.829    -203.545             104             104
  114         648.721     176.323         648.721     176.323             114             114
  186         506.203     255.711         506.203     255.711             186             186
  144         930.012    -280.973         930.012    -280.973             144             144
    6         541.668     778.392         541.668     778.392               6               6
  175         419.179      15.594         419.179      15.594             175             175
  156        -607.701    -200.614        -607.701    -200.614             156             156
  252         -99.803    -249.679         -99.803    -249.679             252             252
  254         325.211     281.505         325.211     281.505             254             254
   40         654.292     888.562         654.292     888.562              40              40
   86         406.403    -495.627         406.403    -495.627              86              86
  100        -309.193     -48.622        -309.193     -48.622             100             100
  197        -350.527    -522.986        -350.527    -522.986             197             197
   20         226.638    -111.258         226.638    -111.258              20              20
   83         249.694     134.284         249.694     134.284              83              83
  215         124.982     177.712         124.982     177.712             215             215
  118        -322.519     -81.323        -322.519     -81.323             118             118
   32         -46.372     205.063         -46.372     205.063              32              32
  119        -451.108     -75.085        -451.108     -75.085             119             119
