SINAL     NFT                         FFT                         NFT INVERSA     FFT INVERSA
-----     -----------------------     -----------------------     -----------     -----------
    0        8587.000       0.000        8587.000       0.000               0               0
  196        -580.971    -185.046        -580.971    -185.046             196             196
  227         874.599     456.879         874.599     456.879             227             227
  227        -190.633    -581.612        -190.633    -581.612             227             227
  132         429.378    -179.142         429.378    -179.142             132             132
  121        -425.899     163.828        -425.899     163.828             121             121
   37        -352.167    -206.962        -352.167    -206.962              37              37
  191        -248.932    -811.902        -248.932    -811.902             191             191
  226          28.975      42.810          28.975      42.810             226             226
   51         138.972    -600.440         138.972    -600.440              51              51
   57         252.469     231.510         252.469     231.510              57              57
   34        -550.183    -659.784        -550.183    -659.784              34              34
  102        -475.824    -737.080        -475.824    -737.080             102             102
  230        -817.435     549.457        -817.435     549.457             230             230
  107        -239.211     350.790        -239.211     350.790             107             107
   12         419.728     246.920         419.728     246.920              12              12
   14        -519.987   -1139.004        -519.987   -1139.004              14              14
  217         975.768     326.118         975.768     326.118             217             217
  115         205.715     321.564         205.715     321.564             115             115
  134        -320.115     410.333        -320.115     410.333             134             134
  106         194.740    -205.591         194.740    -205.591             106             106
  111        -502.797    -198.674        -502.797    -198.674             111             111
  215        -348.701    1234.286        -348.701    1234.286             215             215
  248         -77.158       8.089         -77.158       8.089             248             248
   11        -622.985     416.797        -622.985     416.797              11              11
  221         -46.560     391.165         -46.560     391.165             221             221
  238        -492.311    -649.976        -492.311    -649.976             238             238
    4         129.672    -336.249         129.672    -336.249               4               4
  218        -136.294    -215.655        -136.294    -215.655             218             218
  242        -430.432     186.953        -430.432     186.953             242             242
  255         107.577      85.864         107.577      85.864             255             255
  219        -385.061     -90.450        -385.061     -90.450             219             219
  182        -575.000      -0.011        -575.000      -0.011             182             182
  226        -385.056      90.433        -385.056      90.433             226             226
  190         107.584     -85.861         107.584     -85.861             190             190
   59        -430.423    -186.967        -430.423    -186.967              59              59
   92        -136.296     215.656        -136.296     215.656              92              92
  227         129.658     336.255         129.658     336.255             227             227
  250        -492.338     649.940        -492.338     649.940             250             250
   63         -46.542    -391.188         -46.542    -391.188              63              63
   23        -622.962    -416.831        -622.962    -416.831              23              23
   51         -77.149      -8.103         -77.149      -8.103              51              51
   98        -348.643   -1234.296        -348.643   -1234.296              98              98
  126        -502.788     198.672        -502.788     198.672             126             126
   26         194.747     205.600         194.747     205.600              26              26
  205        -320.082    -410.345        -320.082    -410.345             205             205
  138         205.750    -321.544         205.750    -321.544             138             138
   41         975.781    -326.054         975.781    -326.054              41              41
  167        -520.040    1138.989        -520.040    1138.989             167             167
  254         419.737    -246.912         419.737    -246.912             254             254
  175        -239.209    -350.797        -239.209    -350.797             175             175
   17        -817.411    -549.470        -817.411    -549.470              17              17
  109        -475.841     737.082        -475.841     737.082             109             109
  135        -550.185     659.760        -550.185     659.760             135             135
   10         252.504    -231.498         252.504    -231.498              10              10
  121         138.961     600.449         138.961     600.449             121             121
  100          28.987     -42.807          28.987     -42.807             100             100
  248        -248.953     811.889        -248.953     811.889             248             248
  125        -352.154     206.933        -352.154     206.933             125             125
   63        -425.856    -163.853        -425.856    -163.853              63              63
  235         429.410     179.158         429.410     179.158             235             235
  125        -190.611     581.590        -190.611     581.590             125             125
   26         874.670    -456.855         874.670    -456.855              26              26
  162        -580.875     185.016        -580.875     185.016             162             162
