SINAL     NFT                         FFT                         NFT INVERSA     FFT INVERSA
-----     -----------------------     -----------------------     -----------     -----------
  152        7953.000       0.000        7953.000       0.000             152             152
  158         360.872    -204.095         360.872    -204.095             158             158
  131         192.094     430.120         192.094     430.120             131             131
  109         290.134     -56.406         290.134     -56.406             109             109
   13         -30.533     304.000         -30.533     304.000              13              13
  244         590.598    -409.846         590.598    -409.846             244             244
  113         378.242     668.051         378.242     668.051             113             113
  107         -56.340     527.819         -56.340     527.819             107             107
   59        -109.897      49.361        -109.897      49.361              59              59
  214         283.309     642.625         283.309     642.625             214             214
   18        -615.608     395.774        -615.608     395.774              18              18
  177        -160.173    -326.446        -160.173    -326.446             177             177
   73         221.267    -520.430         221.267    -520.430              73              73
  230         195.420     145.636         195.420     145.636             230             230
   28        -175.655    -309.778        -175.655    -309.778              28              28
  156         412.217      -9.239         412.217      -9.239             156             156
  121        -459.000    -342.007        -459.000    -342.007             121             121
  180         189.004    -328.812         189.004    -328.812             180             180
   48        -791.741     170.518        -791.741     170.518              48              48
  210        -358.681    -207.266        -358.681    -207.266             210             210
   90         320.351     699.660         320.351     699.660              90              90
   68         -78.262    -516.062         -78.262    -516.062              68              68
  204         -26.866     163.033         -26.866     163.033             204             204
   94        1022.628     297.339        1022.628     297.339              94              94
   89         107.882     301.361         107.882     301.361              89              89
  199        -319.397     204.742        -319.397     204.742             199             199
  124         -59.932      22.679         -59.932      22.679             124             124
  138        -174.610    -440.753        -174.610    -440.753             138             138
  214         328.905     136.092         328.905     136.092             214             214
  143         198.511     317.244         198.511     317.244             143             143
  151          83.448    -470.200          83.448    -470.200             151             151
  111        -699.236   -1261.614        -699.236   -1261.614             111             111
   46        -343.000       0.008        -343.000       0.008              46              46
   26        -699.277    1261.591        -699.277    1261.591              26              26
  221          83.447     470.181          83.447     470.181             221             221
   59         198.535    -317.254         198.535    -317.254              59              59
   14         328.912    -136.082         328.912    -136.082              14              14
   78        -174.629     440.736        -174.629     440.736              78              78
  166         -59.927     -22.699         -59.927     -22.699             166             166
   74        -319.378    -204.770        -319.378    -204.770              74              74
   37         107.915    -301.366         107.915    -301.366              37              37
  185        1022.643    -297.299        1022.643    -297.299             185             185
  251         -26.870    -163.031         -26.870    -163.031             251             251
  110         -78.285     516.050         -78.285     516.050             110             110
  160         320.374    -699.653         320.374    -699.653             160             160
   24        -358.700     207.254        -358.700     207.254              24              24
   10        -791.725    -170.549        -791.725    -170.549              10              10
   25         189.003     328.822         189.003     328.822              25              25
  204        -459.000     341.980        -459.000     341.980             204             204
   59         412.231       9.247         412.231       9.247              59              59
  236        -175.658     309.760        -175.658     309.760             236             236
   38         195.439    -145.636         195.439    -145.636              38              38
  128         221.251     520.428         221.251     520.428             128             128
  185        -160.183     326.413        -160.183     326.413             185             185
  133        -615.572    -395.827        -615.572    -395.827             133             133
  217         283.361    -642.625         283.361    -642.625             217             217
  128        -109.874     -49.374        -109.874     -49.374             128             128
    1         -56.288    -527.831         -56.288    -527.831               1               1
  100         378.302    -668.028         378.302    -668.028             100             100
   87         590.604     409.875         590.604     409.875              87              87
  145         -30.494    -304.005         -30.494    -304.005             145             145
  251         290.171      56.416         290.171      56.416             251             251
  198         192.167    -430.110         192.167    -430.110             198             198
  191         360.968     204.115         360.968     204.115             191             191
