SINAL     NFT                         FFT                         NFT INVERSA     FFT INVERSA
-----     -----------------------     -----------------------     -----------     -----------
  160        8748.000       0.000        8748.000       0.000             160             160
   38        -334.538    -588.754        -334.538    -588.754              38              38
  238        -180.945    -123.832        -180.945    -123.832             238             238
  161         459.528     259.102         459.528     259.102             161             161
  221         342.926    -691.690         342.926    -691.690             221             221
  219         149.744      26.313         149.744      26.313             219             219
   42        -585.558   -1104.879        -585.558   -1104.879              42              42
  157         233.535    -316.559         233.535    -316.559             157             157
   35         348.082    -100.217         348.082    -100.217              35              35
   14        -164.467     706.534        -164.467     706.534              14              14
  223          62.280      77.411          62.280      77.411             223             223
  126        -201.137     732.183        -201.137     732.183             126             126
   33        -206.994     -35.042        -206.994     -35.042              33              33
  232         249.361     562.713         249.361     562.713             232             232
  194         205.626    -214.699         205.626    -214.699             194             194
  178        -520.126    -157.171        -520.126    -157.171             178             178
  202         451.999      44.006         451.999      44.006             202             202
  106        -476.531     643.859        -476.531     643.859             106             106
  237         683.829      -5.368         683.829      -5.368             237             237
  209         382.683     307.882         382.683     307.882             209             209
  104        -326.609    -200.403        -326.609    -200.403             104             104
  224         342.266     127.976         342.266     127.976             224             224
  124        -645.150     -46.038        -645.150     -46.038             124             124
  129        -352.181    1249.925        -352.181    1249.925             129             129
  250         251.905     931.772         251.905     931.772             250             250
  183         -86.835    -362.022         -86.835    -362.022             183             183
   43         855.115     362.847         855.115     362.847              43              43
  243        -244.902     552.885        -244.902     552.885             243             243
  100         158.673      78.943         158.673      78.943             100             100
  133         188.621      46.298         188.621      46.298             133             133
    2        -603.212     236.624        -603.212     236.624               2               2
    4         198.928    -713.338         198.928    -713.338               4               4
  171         220.000       0.003         220.000       0.003             171             171
  241         198.890     713.328         198.890     713.328             241             241
  166        -603.201    -236.677        -603.201    -236.677             166             166
  137         188.633     -46.312         188.633     -46.312             137             137
  204         158.679     -78.962         158.679     -78.962             204             204
  209        -244.870    -552.916        -244.870    -552.916             209             209
   38         855.132    -362.821         855.132    -362.821              38              38
  240         -86.859     361.996         -86.859     361.996             240             240
  223         251.936    -931.789         251.936    -931.789             223             223
    5        -352.137   -1249.938        -352.137   -1249.938               5               5
  111        -645.143      46.022        -645.143      46.022             111             111
    1         342.283    -127.959         342.283    -127.959               1               1
  238        -326.607     200.385        -326.607     200.385             238             238
   49         382.711    -307.874         382.711    -307.874              49              49
  180         683.826       5.388         683.826       5.388             180             180
  184        -476.506    -643.882        -476.506    -643.882             184             184
  155         452.003     -43.981         452.003     -43.981             155             155
  161        -520.129     157.148        -520.129     157.148             161             161
  137         205.629     214.695         205.629     214.695             137             137
    4         249.387    -562.711         249.387    -562.711               4               4
  130        -206.993      35.027        -206.993      35.027             130             130
    5        -201.095    -732.193        -201.095    -732.193               5               5
  133          62.297     -77.403          62.297     -77.403             133             133
  124        -164.420    -706.529        -164.420    -706.529             124             124
  188         348.095     100.254         348.095     100.254             188             188
  177         233.530     316.588         233.530     316.588             177             177
  111        -585.585    1104.855        -585.585    1104.855             111             111
   32         149.779     -26.316         149.779     -26.316              32              32
   54         342.930     691.693         342.930     691.693              54              54
  114         459.568    -259.097         459.568    -259.097             114             114
   37        -180.905     123.820        -180.905     123.820              37              37
  225        -334.449     588.725        -334.449     588.725             225             225
