SINAL     NFT                         FFT                         NFT INVERSA     FFT INVERSA
-----     -----------------------     -----------------------     -----------     -----------
  149        8155.000       0.000        8155.000       0.000             149             149
  159        -414.057     322.179        -414.057     322.179             159             159
   28        -136.798      39.435        -136.798      39.435              28              28
  139         -21.498      79.624         -21.498      79.624             139             139
   18         458.442     100.440         458.442     100.440              18              18
  131         194.453     115.952         194.453     115.952             131             131
   49         -74.917     572.087         -74.917     572.087              49              49
  116        -214.034     125.249        -214.034     125.249             116             116
  159         861.231      55.044         861.231      55.044             159             159
  140        -242.166    -105.991        -242.166    -105.991             140             140
  103         128.774    -461.523         128.774    -461.523             103             103
   94         143.107     181.248         143.107     181.248              94              94
   79        -224.776     543.705        -224.776     543.705              79              79
   35         382.650      95.441         382.650      95.441              35              35
  227        -504.164    -302.025        -504.164    -302.025             227             227
   70        -136.983      59.217        -136.983      59.217              70              70
  247        1295.994     151.011        1295.994     151.011             247             247
  189       -1142.582     -21.569       -1142.582     -21.569             189             189
   13        -200.690     131.320        -200.690     131.320              13              13
   95         244.637    -718.036         244.637    -718.036              95              95
  250         289.114     -63.711         289.114     -63.711             250             250
   87        -606.919    -146.363        -606.919    -146.363              87              87
   22         377.464     111.595         377.464     111.595              22              22
   98         675.521     486.999         675.521     486.999              98              98
  182        -359.225    -822.970        -359.225    -822.970             182             182
  246         -57.227     130.390         -57.227     130.390             246             246
    9         143.922    -405.567         143.922    -405.567               9               9
   57        -259.814     197.214        -259.814     197.214              57              57
  240         293.232   -1206.982         293.232   -1206.982             240             240
   71          36.716    -322.698          36.716    -322.698              71              71
  157        -421.581    -357.988        -421.581    -357.988             157             157
  133         106.174     103.848         106.174     103.848             133             133
  231         153.000       0.007         153.000       0.007             231             231
  186         106.173    -103.830         106.173    -103.830             186             186
   17        -421.596     357.984        -421.596     357.984              17              17
  249          36.711     322.712          36.711     322.712             249             249
   61         293.182    1206.987         293.182    1206.987              61              61
   67        -259.805    -197.240        -259.805    -197.240              67              67
  110         143.909     405.565         143.909     405.565             110             110
  220         -57.221    -130.399         -57.221    -130.399             220             220
  207        -359.247     822.940        -359.247     822.940             207             207
  214         675.551    -486.990         675.551    -486.990             214             214
   58         377.459    -111.582         377.459    -111.582              58              58
   31        -606.926     146.335        -606.926     146.335              31              31
  250         289.120      63.721         289.120      63.721             250             250
   29         244.604     718.034         244.604     718.034              29              29
  101        -200.692    -131.348        -200.692    -131.348             101             101
  241       -1142.562      21.507       -1142.562      21.507             241             241
  219        1296.018    -150.968        1296.018    -150.968             219             219
  115        -136.989     -59.229        -136.989     -59.229             115             115
   81        -504.166     301.992        -504.166     301.992              81              81
  214         382.667     -95.444         382.667     -95.444             214             214
  202        -224.743    -543.723        -224.743    -543.723             202             202
  104         143.129    -181.239         143.129    -181.239             104             104
   56         128.765     461.525         128.765     461.525              56              56
  128        -242.151     105.966        -242.151     105.966             128             128
   94         861.247     -55.023         861.247     -55.023              94              94
   65        -214.024    -125.274        -214.024    -125.274              65              65
  186         -74.873    -572.098         -74.873    -572.098             186             186
   79         194.482    -115.944         194.482    -115.944              79              79
  137         458.466    -100.423         458.466    -100.423             137             137
   87         -21.472     -79.627         -21.472     -79.627              87              87
  212        -136.752     -39.445        -136.752     -39.445             212             212
  112        -413.937    -322.195        -413.937    -322.195             112             112
