SINAL     NFT                         FFT                         NFT INVERSA     FFT INVERSA
-----     -----------------------     -----------------------     -----------     -----------
   58       16877.000       0.000       16877.000       0.000              58              58
  109        -750.925    -394.121        -750.925    -394.121             109             109
   18         -86.962    -518.490         -86.962    -518.490              18              18
  155        -584.437     -91.942        -584.437     -91.942             155             155
  219        -971.322    -438.306        -971.322    -438.306             219             219
  118          17.166   -1385.670          17.166   -1385.670             118             118
   52        -153.217     569.353        -153.217     569.353              52              52
  158        -920.914    -444.007        -920.914    -444.007             158             158
  119        -615.562    -920.896        -615.562    -920.896             119             119
  192         -46.545     658.949         -46.545     658.949             192             192
  255        1136.149    -623.550        1136.149    -623.550             255             255
  168         485.397     785.429         485.397     785.429             168             168
  237         -61.755    -491.273         -61.755    -491.273             237             237
  117         398.978     988.577         398.978     988.577             117             117
  154         626.635    -525.949         626.635    -525.949             154             154
   40         140.778    -615.204         140.778    -615.204              40              40
   74       -1068.753     635.697       -1068.753     635.697              74              74
  198        -528.909     -22.528        -528.909     -22.528             198             198
  102        -658.047    -160.442        -658.047    -160.442             102             102
  169        -176.371    -199.712        -176.371    -199.712             169             169
  110         289.875     268.722         289.875     268.722             110             110
  124        -707.836     773.472        -707.836     773.472             124             124
  175         -36.686     544.038         -36.686     544.038             175             175
  132          76.198    -984.288          76.198    -984.288             132             132
   94         119.080     145.882         119.080     145.882              94              94
  205         408.885     -30.853         408.885     -30.853             205             205
  100        -382.383     438.111        -382.383     438.111             100             100
  169         924.190     512.043         924.190     512.043             169             169
  211          18.762     687.849          18.762     687.849             211             211
  201        -453.025    -908.765        -453.025    -908.765             201             201
  118        1170.155     659.731        1170.155     659.731             118             118
   13         728.490     -30.869         728.490     -30.869              13              13
   54         839.970     529.016         839.970     529.016              54              54
  136       -1184.594     402.218       -1184.594     402.218             136             136
  169        -567.901     497.803        -567.901     497.803             169             169
   18         732.413    -493.517         732.413    -493.517              18              18
  255         -44.607    -226.023         -44.607    -226.023             255             255
  221          78.298    -439.540          78.298    -439.540             221             221
  176         842.830       0.620         842.830       0.620             176             176
  118         353.160      66.187         353.160      66.187             118             118
  157         -42.388    -129.761         -42.388    -129.761             157             157
  175          53.856     -94.556          53.856     -94.556             175             175
   31        -238.561     -70.038        -238.561     -70.038              31              31
  139         131.592   -1098.182         131.592   -1098.182             139             139
   37        -568.800     578.519        -568.800     578.519              37              37
  186         601.710     -67.933         601.710     -67.933             186             186
  179          23.127      90.219          23.127      90.219             179             179
  111         410.036     -81.869         410.036     -81.869             111             111
  129        -623.302     519.690        -623.302     519.690             129             129
   26       -1073.427      72.040       -1073.427      72.040              26              26
   25        -638.929     494.127        -638.929     494.127              25              25
  239         473.172    -143.749         473.172    -143.749             239             239
  151        -604.456    1162.760        -604.456    1162.760             151             151
  200         -65.213    -167.705         -65.213    -167.705             200             200
  115         551.342    -754.021         551.342    -754.021             115             115
  245        -916.764     357.021        -916.764     357.021             245             245
  149         154.886    -492.536         154.886    -492.536             149             149
  216        -303.562    -912.009        -303.562    -912.009             216             216
  158         302.757    -650.804         302.757    -650.804             158             158
  104        -394.509     553.813        -394.509     553.813             104             104
  161         742.174     856.112         742.174     856.112             161             161
   20        -330.253     418.902        -330.253     418.902              20              20
  118        -674.385     902.766        -674.385     902.766             118             118
  216        -745.114    -192.559        -745.114    -192.559             216             216
  157        -677.000      -0.045        -677.000      -0.045             157             157
   31        -745.115     192.447        -745.115     192.447              31              31
  234        -674.273    -902.860        -674.273    -902.860             234             234
  157        -330.162    -418.939        -330.162    -418.939             157             157
  253         742.270    -856.038         742.270    -856.038             253             253
  154        -394.457    -553.791        -394.457    -553.791             154             154
   19         302.710     650.881         302.710     650.881              19              19
  154        -303.638     911.986        -303.638     911.986             154             154
   74         154.840     492.515         154.840     492.515              74              74
   51        -916.717    -357.115        -916.717    -357.115              51              51
   37         551.301     754.045         551.301     754.045              37              37
  111         -65.239     167.635         -65.239     167.635             111             111
  237        -604.349   -1162.838        -604.349   -1162.838             237             237
  217         473.158     143.786         473.158     143.786             217             217
  223        -638.909    -494.189        -638.909    -494.189             223             223
  110       -1073.399     -72.132       -1073.399     -72.132             110             110
  243        -623.194    -519.734        -623.194    -519.734             243             243
  248         410.085      81.918         410.085      81.918             248             248
   94          23.171     -90.209          23.171     -90.209              94              94
  138         601.716      67.987         601.716      67.987             138             138
  193        -568.740    -578.537        -568.740    -578.537             193             193
  210         131.528    1098.210         131.528    1098.210             210             210
  128        -238.539      69.998        -238.539      69.998             128             128
   86          53.884      94.549          53.884      94.549              86              86
  170         -42.358     129.745         -42.358     129.745             170             170
   30         353.210     -66.167         353.210     -66.167              30              30
  191         842.843      -0.549         842.843      -0.549             191             191
   76          78.255     439.539          78.255     439.539              76              76
   51         -44.613     225.997         -44.613     225.997              51              51
   53         732.363     493.532         732.363     493.532              53              53
   36        -567.881    -497.900        -567.881    -497.900              36              36
  209       -1184.507    -402.342       -1184.507    -402.342             209             209
   85         840.089    -528.951         840.089    -528.951              85              85
   14         728.518      30.925         728.518      30.925              14              14
  110        1170.193    -659.623        1170.193    -659.623             110             110
   82        -453.123     908.716        -453.123     908.716              82              82
  169          18.840    -687.884          18.840    -687.884             169             169
  130         924.226    -511.967         924.226    -511.967             130             130
  237        -382.360    -438.125        -382.360    -438.125             237             237
  243         408.883      30.906         408.883      30.906             243             243
  181         119.077    -145.850         119.077    -145.850             181             181
   19          76.098     984.280          76.098     984.280              19              19
   98         -36.664    -544.082         -36.664    -544.082              98              98
  163        -707.771    -773.528        -707.771    -773.528             163             163
  236         289.904    -268.668         289.904    -268.668             236             236
   65        -176.403     199.720        -176.403     199.720              65              65
   18        -658.062     160.391        -658.062     160.391              18              18
  224        -528.893      22.477        -528.893      22.477             224             224
   58       -1068.641    -635.767       -1068.641    -635.767              58              58
  112         140.812     615.240         140.812     615.240             112             112
  107         626.645     525.974         626.645     525.974             107             107
  251         399.087    -988.548         399.087    -988.548             251             251
   67         -61.762     491.277         -61.762     491.277              67              67
  235         485.506    -785.373         485.506    -785.373             235             235
   81        1136.095     623.665        1136.095     623.665              81              81
  237         -46.523    -658.926         -46.523    -658.926             237             237
   10        -615.646     920.876        -615.646     920.876              10              10
   17        -920.911     443.917        -920.911     443.917              17              17
   57        -153.102    -569.344        -153.102    -569.344              57              57
   62          17.106    1385.687          17.106    1385.687              62              62
   71        -971.274     438.190        -971.274     438.190              71              71
   94        -584.290      91.869        -584.290      91.869              94              94
   15         -86.785     518.457         -86.785     518.457              15              15
  156        -750.509     394.010        -750.509     394.010             156             156
