SINAL     NFT                         FFT                         NFT INVERSA     FFT INVERSA
-----     -----------------------     -----------------------     -----------     -----------
  221       16450.000       0.000       16450.000       0.000             221             221
   88        -282.300     570.540        -282.300     570.540              88              88
   62          30.558    1273.157          30.558    1273.157              62              62
   75        -133.480    -419.757        -133.480    -419.757              75              75
   21        -171.801    -236.807        -171.801    -236.807              21              21
  186        -411.587    -517.297        -411.587    -517.297             186             186
  202        -118.446     242.001        -118.446     242.001             202             202
  224        -328.967     420.161        -328.967     420.161             224             224
  114        -283.025    -432.161        -283.025    -432.161             114             114
   39        -356.189    -499.330        -356.189    -499.330              39              39
   99        -454.911     -54.664        -454.911     -54.664              99              99
  157         413.973     344.996         413.973     344.996             157             157
  182         388.181     -25.054         388.181     -25.054             182             182
  100         -67.324     458.760         -67.324     458.760             100             100
   41        -576.419     536.497        -576.419     536.497              41              41
  128          79.935     170.898          79.935     170.898             128             128
   44         778.500     275.439         778.500     275.439              44              44
  202       -1209.768     331.056       -1209.768     331.056             202             202
  133         614.746    -397.303         614.746    -397.303             133             133
   59         -29.495     469.247         -29.495     469.247              59              59
   57         676.745    -218.669         676.745    -218.669              57              57
  120        -267.184     373.100        -267.184     373.100             120             120
  127        1317.269   -1335.209        1317.269   -1335.209             127             127
  107        1773.099      33.728        1773.099      33.728             107             107
   21        -814.700    -413.519        -814.700    -413.519              21              21
  162        1458.997    -492.989        1458.997    -492.989             162             162
   72        -812.455    -843.145        -812.455    -843.145              72              72
   23        -451.820     114.174        -451.820     114.174              23              23
  103         666.733    -620.073         666.733    -620.073             103             103
   25        -405.112     509.504        -405.112     509.504              25              25
  187         223.059    -326.864         223.059    -326.864             187             187
   69        1231.393    -188.943        1231.393    -188.943              69              69
  114           6.984     221.004           6.984     221.004             114             114
  250        -705.799     220.438        -705.799     220.438             250             250
  144         868.559     374.016         868.559     374.016             144             144
  136         572.015     358.562         572.015     358.562             136             136
  181         416.488    -384.972         416.488    -384.972             181             181
   91         501.037     957.271         501.037     957.271              91              91
  104        -277.560    -309.903        -277.560    -309.903             104             104
   40        -484.445     759.537        -484.445     759.537              40              40
  131         193.574    -443.707         193.574    -443.707             131             131
  204        -282.420    -244.575        -282.420    -244.575             204             204
  197        1063.187     855.720        1063.187     855.720             197             197
   58         233.563      96.959         233.563      96.959              58              58
   48        -197.090     -23.330        -197.090     -23.330              48              48
  238         740.877     700.447         740.877     700.447             238             238
  186        -305.924     878.973        -305.924     878.973             186             186
   92        -442.140    -615.994        -442.140    -615.994              92              92
  185        -416.495    -248.587        -416.495    -248.587             185             185
   64        -196.335      73.021        -196.335      73.021              64              64
  152         305.465     888.186         305.465     888.186             152             152
  243         654.901    -125.311         654.901    -125.311             243             243
  184        -173.358   -1077.842        -173.358   -1077.842             184             184
   23         262.711     180.388         262.711     180.388              23              23
   94        -193.345    -514.167        -193.345    -514.167              94              94
  205         493.720    -360.607         493.720    -360.607             205             205
  186        -111.827    -362.370        -111.827    -362.370             186             186
  167          77.833    -646.765          77.833    -646.765             167             167
  228         376.868     -11.933         376.868     -11.933             228             228
   34         201.698     420.472         201.698     420.472              34              34
  193         490.135      30.198         490.135      30.198             193             193
  160         -91.410    -123.245         -91.410    -123.245             160             160
  104         419.331    -655.384         419.331    -655.384             104             104
   51        -438.131     596.212        -438.131     596.212              51              51
  155        -244.000      -0.023        -244.000      -0.023             155             155
  248        -438.058    -596.245        -438.058    -596.245             248             248
  188         419.299     655.424         419.299     655.424             188             188
   80         -91.404     123.213         -91.404     123.213              80              80
   84         490.152     -30.181         490.152     -30.181              84              84
   37         201.735    -420.459         201.735    -420.459              37              37
  120         376.862      11.984         376.862      11.984             120             120
  215          77.770     646.776          77.770     646.776             215             215
  241        -111.852     362.344        -111.852     362.344             241             241
   62         493.689     360.628         493.689     360.628              62              62
   17        -193.392     514.116        -193.392     514.116              17              17
   33         262.729    -180.390         262.729    -180.390              33              33
   45        -173.438    1077.787        -173.438    1077.787              45              45
  204         654.895     125.282         654.895     125.282             204             204
  126         305.513    -888.208         305.513    -888.208             126             126
  230        -196.355     -73.050        -196.355     -73.050             230             230
   12        -416.522     248.529        -416.522     248.529              12              12
   22        -442.174     615.893        -442.174     615.893              22              22
  217        -305.806    -879.064        -305.806    -879.064             217             217
  197         740.964    -700.402         740.964    -700.402             197             197
   46        -197.077      23.303        -197.077      23.303              46              46
   56         233.607     -96.971         233.607     -96.971              56              56
  146        1063.257    -855.637        1063.257    -855.637             146             146
  232        -282.457     244.560        -282.457     244.560             232             232
  224         193.533     443.690         193.533     443.690             224             224
  119        -484.373    -759.603        -484.373    -759.603             119             119
   10        -277.542     309.858        -277.542     309.858              10              10
  161         501.161    -957.240         501.161    -957.240             161             161
   24         416.483     385.005         416.483     385.005              24              24
  114         572.062    -358.534         572.062    -358.534             114             114
  213         868.571    -373.946         868.571    -373.946             213             213
  179        -705.788    -220.491        -705.788    -220.491             179             179
  107           7.048    -220.988           7.048    -220.988             107             107
  145        1231.390     189.062        1231.390     189.062             145             145
    3         223.005     326.876         223.005     326.876               3               3
  192        -405.066    -509.529        -405.066    -509.529             192             192
  182         666.683     620.143         666.683     620.143             182             182
  124        -451.817    -114.202        -451.817    -114.202             124             124
  151        -812.467     843.084        -812.467     843.084             151             151
  167        1458.996     493.089        1458.996     493.089             167             167
  187        -814.692     413.421        -814.692     413.421             187             187
  169        1773.154     -33.595        1773.154     -33.595             169             169
  201        1317.123    1335.274        1317.123    1335.274             201             201
  232        -267.183    -373.189        -267.183    -373.189             232             232
  118         676.712     218.677         676.712     218.677             118             118
   72         -29.476    -469.287         -29.476    -469.287              72              72
  207         614.678     397.316         614.678     397.316             207             207
  130       -1209.742    -331.207       -1209.742    -331.207             130             130
   94         778.544    -275.408         778.544    -275.408              94              94
  169          79.931    -170.925          79.931    -170.925             169             169
   71        -576.369    -536.571        -576.369    -536.571              71              71
  140         -67.251    -458.768         -67.251    -458.768             140             140
  226         388.204      25.085         388.204      25.085             226             226
  218         413.998    -344.961         413.998    -344.961             218             218
  117        -454.918      54.639        -454.918      54.639             117             117
  194        -356.206     499.296        -356.206     499.296             194             194
   82        -283.022     432.101        -283.022     432.101              82              82
  128        -328.878    -420.220        -328.878    -420.220             128             128
   99        -118.362    -242.011        -118.362    -242.011              99              99
  106        -411.547     517.254        -411.547     517.254             106             106
  243        -171.706     236.759        -171.706     236.759             243             243
   57        -133.365     419.683        -133.365     419.683              57              57
   30          30.881   -1273.196          30.881   -1273.196              30              30
   95        -281.815    -570.544        -281.815    -570.544              95              95
