SINAL     NFT                         FFT                         NFT INVERSA     FFT INVERSA
-----     -----------------------     -----------------------     -----------     -----------
   78       16975.000       0.000       16975.000       0.000              78              78
  210         520.214     724.984         520.214     724.984             210             210
  179       -1421.606    -254.654       -1421.606    -254.654             179             179
   17        -161.448      72.515        -161.448      72.515              17              17
   69         476.575    -133.361         476.575    -133.361              69              69
  187         608.424     559.768         608.424     559.768             187             187
  231         576.629     361.085         576.629     361.085             231             231
   25        -266.306     934.765        -266.306     934.765              25              25
    8        -740.444    -144.290        -740.444    -144.290               8               8
  254        -637.684    -953.344        -637.684    -953.344             254             254
  108         195.069     320.386         195.069     320.386             108             108
   52        -564.567     -90.414        -564.567     -90.414              52              52
   30        -557.660    -838.023        -557.660    -838.023              30              30
   68         514.004    -652.802         514.004    -652.802              68              68
  197        -818.520    -395.204        -818.520    -395.204             197             197
  236         846.903    -222.508         846.903    -222.508             236             236
  126         500.581     551.090         500.581     551.090             126             126
  125        1200.011    -138.399        1200.011    -138.399             125             125
   97        1156.034     645.357        1156.034     645.357              97              97
   30        -708.730    -643.805        -708.730    -643.805              30              30
  216        -235.775      87.471        -235.775      87.471             216             216
  183        -524.364    -509.299        -524.364    -509.299             183             183
  218        -140.998      -1.338        -140.998      -1.338             218             218
  181         434.781     358.294         434.781     358.294             181             181
  179         619.223     288.269         619.223     288.269             179             179
   19         590.842    -372.378         590.842    -372.378              19              19
  234         977.029    -149.700         977.029    -149.700             234             234
  134        1201.661    -538.870        1201.661    -538.870             134             134
   11        -567.230     110.401        -567.230     110.401              11              11
  205         419.903    -155.116         419.903    -155.116             205             205
  226        -308.815    -994.881        -308.815    -994.881             226             226
   90         527.597    -783.800         527.597    -783.800              90              90
  160       -1505.027     407.976       -1505.027     407.976             160             160
  150        -582.788    -269.733        -582.788    -269.733             150             150
  107        -470.257     228.428        -470.257     228.428             107             107
  230        -567.139    -444.308        -567.139    -444.308             230             230
   82       -1263.619    -129.635       -1263.619    -129.635              82              82
   83          64.231     214.609          64.231     214.609              83              83
  255        -364.751     -10.558        -364.751     -10.558             255             255
   90         -67.424     181.945         -67.424     181.945              90              90
   82         692.280    -383.872         692.280    -383.872              82              82
  107        -132.527    -341.235        -132.527    -341.235             107             107
  143          90.235    1604.084          90.235    1604.084             143             143
  112         262.615     746.937         262.615     746.937             112             112
  176        1027.335     -96.783        1027.335     -96.783             176             176
   84         -24.854    -826.968         -24.854    -826.968              84              84
   92        -767.674     116.447        -767.674     116.447              92              92
   47        -100.655     134.440        -100.655     134.440              47              47
  210         503.417    -454.892         503.417    -454.892             210             210
  189        -323.106     660.754        -323.106     660.754             189             189
   77        -936.003     641.580        -936.003     641.580              77              77
  170          59.814    -466.207          59.814    -466.207             170             170
  117         -98.797    1164.112         -98.797    1164.112             117             117
   39        -348.307    -162.746        -348.307    -162.746              39              39
   96         -23.575     476.014         -23.575     476.014              96              96
   41          28.498     197.281          28.498     197.281              41              41
   59        -355.087     615.544        -355.087     615.544              59              59
   74        -407.910     913.602        -407.910     913.602              74              74
  175          77.342     151.732          77.342     151.732             175             175
   70        -128.847    -328.160        -128.847    -328.160              70              70
   24        -252.893    -331.004        -252.893    -331.004              24              24
  146        -223.192     310.269        -223.192     310.269             146             146
  160        -748.279     -60.392        -748.279     -60.392             160             160
  184        -325.791     469.870        -325.791     469.870             184             184
   41          11.000      -0.023          11.000      -0.023              41              41
   12        -325.764    -469.927        -325.764    -469.927              12              12
  158        -748.277      60.310        -748.277      60.310             158             158
  123        -223.145    -310.301        -223.145    -310.301             123             123
   96        -252.903     330.968        -252.903     330.968              96              96
  157        -128.856     328.104        -128.856     328.104             157             157
  214          77.359    -151.789          77.359    -151.789             214             214
  178        -407.831    -913.677        -407.831    -913.677             178             178
    9        -355.015    -615.580        -355.015    -615.580               9               9
  101          28.534    -197.283          28.534    -197.283             101             101
   35         -23.530    -476.017         -23.530    -476.017              35              35
  185        -348.312     162.701        -348.312     162.701             185             185
  185         -98.685   -1164.116         -98.685   -1164.116             185             185
  127          59.772     466.222          59.772     466.222             127             127
  232        -935.936    -641.668        -935.936    -641.668             232             232
  139        -323.000    -660.751        -323.000    -660.751             139             139
   61         503.409     454.958         503.409     454.958              61              61
   54        -100.642    -134.445        -100.642    -134.445              54              54
   54        -767.632    -116.491        -767.632    -116.491              54              54
  179         -24.857     826.960         -24.857     826.960             179             179
   94        1027.359      96.819        1027.359      96.819              94              94
  150         262.672    -746.957         262.672    -746.957             150             150
  220          90.365   -1604.046          90.365   -1604.046             220             220
  154        -132.546     341.285        -132.546     341.285             154             154
  224         692.241     383.945         692.241     383.945             224             224
  139         -67.441    -181.944         -67.441    -181.944             139             139
  225        -364.770      10.540        -364.770      10.540             225             225
  248          64.219    -214.584          64.219    -214.584             248             248
   30       -1263.642     129.557       -1263.642     129.557              30              30
  130        -567.150     444.268        -567.150     444.268             130             130
  177        -470.214    -228.460        -470.214    -228.460             177             177
   71        -582.787     269.697        -582.787     269.697              71              71
  142       -1504.918    -408.071       -1504.918    -408.071             142             142
   80         527.620     783.882         527.620     783.882              80              80
  194        -308.832     994.845        -308.832     994.845             194             194
  239         419.953     155.121         419.953     155.121             239             239
  238        -567.138    -110.455        -567.138    -110.455             238             238
  152        1201.701     538.963        1201.701     538.963             152             152
  162         977.047     149.762         977.047     149.762             162             162
  247         590.823     372.398         590.823     372.398             247             247
  253         619.249    -288.247         619.249    -288.247             253             253
  197         434.794    -358.260         434.794    -358.260             197             197
  177        -141.015       1.340        -141.015       1.340             177             177
  183        -524.395     509.252        -524.395     509.252             183             183
   69        -235.733     -87.500        -235.733     -87.500              69              69
  153        -708.706     643.720        -708.706     643.720             153             153
   67        1156.170    -645.283        1156.170    -645.283              67              67
  130        1200.018     138.495        1200.018     138.495             130             130
  208         500.621    -551.039         500.621    -551.039             208             208
  121         846.853     222.608         846.853     222.608             121             121
   53        -818.567     395.153        -818.567     395.153              53              53
   46         513.952     652.847         513.952     652.847              46              46
   15        -557.736     837.944        -557.736     837.944              15              15
   18        -564.541      90.319        -564.541      90.319              18              18
  200         195.127    -320.386         195.127    -320.386             200             200
  240        -637.732     953.261        -637.732     953.261             240             240
  158        -740.382     144.153        -740.382     144.153             158             158
  169        -266.117    -934.835        -266.117    -934.835             169             169
  232         576.769    -361.050         576.769    -361.050             232             232
  188         608.558    -559.713         608.558    -559.713             188             188
   44         476.641     133.408         476.641     133.408              44              44
  154        -161.343     -72.531        -161.343     -72.531             154             154
    4       -1421.396     254.518       -1421.396     254.518               4               4
  186         520.757    -724.945         520.757    -724.945             186             186
