SINAL     NFT                         FFT                         NFT INVERSA     FFT INVERSA
-----     -----------------------     -----------------------     -----------     -----------
   47       16572.000       0.000       16572.000       0.000              47              47
   50         359.910     502.242         359.910     502.242              50              50
  132         623.214    -170.955         623.214    -170.955             132             132
   22        -455.255    -838.225        -455.255    -838.225              22              22
  204       -1853.663     121.394       -1853.663     121.394             204             204
    5         397.748     228.768         397.748     228.768               5               5
  186        -171.413     935.279        -171.413     935.279             186             186
  216        -529.187    -499.151        -529.187    -499.151             216             216
  159          87.817     136.796          87.817     136.796             159             159
   36         822.778     243.250         822.778     243.250              36              36
  204         -15.294    -455.932         -15.294    -455.932             204             204
   39         134.284     641.183         134.284     641.183              39              39
  232        -608.886     -84.965        -608.886     -84.965             232             232
  231         596.268    -163.239         596.268    -163.239             231             231
  143        -291.382     317.246        -291.382     317.246             143             143
  250          98.225    1669.989          98.225    1669.989             250             250
  232        -194.972     206.668        -194.972     206.668             232             232
  101          92.741      25.640          92.741      25.640             101             101
  206         486.935     543.083         486.935     543.083             206             206
   88         521.408     530.290         521.408     530.290              88              88
  149        -184.897    -425.777        -184.897    -425.777             149             149
  186        -103.635     927.026        -103.635     927.026             186             186
  131        -371.679    -356.766        -371.679    -356.766             131             131
  132       -1001.940     -46.700       -1001.940     -46.700             132             132
  134         849.165    -538.445         849.165    -538.445             134             134
   62         -92.578     303.380         -92.578     303.380              62              62
  144        -776.124     145.701        -776.124     145.701             144             144
  170        -328.024   -1135.428        -328.024   -1135.428             170             170
   15         419.586     685.172         419.586     685.172              15              15
   62         530.226    1089.504         530.226    1089.504              62              62
  140         -82.154     536.307         -82.154     536.307             140             140
   63       -1029.738     935.768       -1029.738     935.768              63              63
  112        -276.999     -13.016        -276.999     -13.016             112             112
   16        -210.778     358.932        -210.778     358.932              16              16
   85          42.425     326.968          42.425     326.968              85              85
   60        -146.390    -930.938        -146.390    -930.938              60              60
   22        -150.202     826.025        -150.202     826.025              22              22
   16        -313.303     167.641        -313.303     167.641              16              16
   21         429.815    -439.028         429.815    -439.028              21              21
  182        -371.499     586.885        -371.499     586.885             182             182
   52         197.804    -314.118         197.804    -314.118              52              52
  225        -446.807    -503.351        -446.807    -503.351             225             225
  222        -151.131    -325.219        -151.131    -325.219             222             222
   28         956.874     -82.191         956.874     -82.191              28              28
  200        -891.528   -1200.367        -891.528   -1200.367             200             200
  109        -450.331    -529.712        -450.331    -529.712             109             109
   22        -734.499     571.372        -734.499     571.372              22              22
  177        -764.991     195.149        -764.991     195.149             177             177
  211        -301.030     504.670        -301.030     504.670             211             211
  229         372.696     184.713         372.696     184.713             229             229
    9         867.971     -69.807         867.971     -69.807               9               9
  104        -439.976     566.867        -439.976     566.867             104             104
  160        1011.962    1174.646        1011.962    1174.646             160             160
  141        -750.615    -204.143        -750.615    -204.143             141             141
  236       -1196.812     317.098       -1196.812     317.098             236             236
   38         129.002     262.303         129.002     262.303              38              38
  203        -146.781     181.135        -146.781     181.135             203             203
  125        -259.108     864.492        -259.108     864.492             125             125
  209       -1044.588    -345.009       -1044.588    -345.009             209             209
  219         313.807     417.297         313.807     417.297             219             219
  187         -22.441     168.414         -22.441     168.414             187             187
   93        -170.076     380.957        -170.076     380.957              93              93
   26         496.681     279.308         496.681     279.308              26              26
   44         522.115     -28.976         522.115     -28.976              44              44
  110        1382.000       0.037        1382.000       0.037             110             110
  112         522.075      28.974         522.075      28.974             112             112
  105         496.656    -279.311         496.656    -279.311             105             105
  132        -170.089    -381.002        -170.089    -381.002             132             132
  128         -22.456    -168.442         -22.456    -168.442             128             128
  126         313.792    -417.287         313.792    -417.287             126             126
   59       -1044.652     344.889       -1044.652     344.889              59              59
  180        -259.034    -864.545        -259.034    -864.545             180             180
   96        -146.769    -181.156        -146.769    -181.156              96              96
   25         128.997    -262.306         128.997    -262.306              25              25
  209       -1196.794    -317.207       -1196.794    -317.207             209             209
   40        -750.576     204.050        -750.576     204.050              40              40
  135        1012.090   -1174.581        1012.090   -1174.581             135             135
  232        -439.919    -566.879        -439.919    -566.879             232             232
  218         867.971      69.898         867.971      69.898             218             218
   90         372.669    -184.681         372.669    -184.681              90              90
  205        -301.038    -504.683        -301.038    -504.683             205             205
  227        -765.001    -195.190        -765.001    -195.190             227             227
  195        -734.448    -571.387        -734.448    -571.387             195             195
  110        -450.359     529.733        -450.359     529.733             110             110
  113        -891.578    1200.298        -891.578    1200.298             113             113
  176         956.900      82.251         956.900      82.251             176             176
  148        -151.169     325.197        -151.169     325.197             148             148
   60        -446.836     503.290        -446.836     503.290              60              60
   46         197.792     314.088         197.792     314.088              46              46
  102        -371.435    -586.943        -371.435    -586.943             102             102
   24         429.786     439.043         429.786     439.043              24              24
  233        -313.293    -167.710        -313.293    -167.710             233             233
  195        -150.125    -826.040        -150.125    -826.040             195             195
   51        -146.458     930.911        -146.458     930.911              51              51
   22          42.457    -327.014          42.457    -327.014              22              22
   49        -210.751    -358.979        -210.751    -358.979              49              49
  163        -277.003      12.953        -277.003      12.953             163             163
  127       -1029.631    -935.886       -1029.631    -935.886             127             127
  182         -82.048    -536.324         -82.048    -536.324             182             182
   36         530.353   -1089.444         530.353   -1089.444              36              36
  254         419.639    -685.072         419.639    -685.072             254             254
  242        -328.131    1135.432        -328.131    1135.432             242             242
  217        -776.089    -145.780        -776.089    -145.780             217             217
   94         -92.502    -303.376         -92.502    -303.376              94              94
   11         849.124     538.520         849.124     538.520              11              11
  170       -1001.944      46.599       -1001.944      46.599             170             170
  135        -371.664     356.699        -371.664     356.699             135             135
  147        -103.509    -927.053        -103.509    -927.053             147             147
  146        -184.875     425.750        -184.875     425.750             146             146
   97         521.503    -530.276         521.503    -530.276              97              97
  237         487.002    -543.047         487.002    -543.047             237             237
   96          92.752     -25.639          92.752     -25.639              96              96
   69        -194.933    -206.719        -194.933    -206.719              69              69
  177          98.391   -1669.973          98.391   -1669.973             177             177
  206        -291.318    -317.213        -291.318    -317.213             206             206
  182         596.280     163.325         596.280     163.325             182             182
   97        -608.865      84.923        -608.865      84.923              97              97
   99         134.392    -641.147         134.392    -641.147              99              99
  243         -15.275     455.954         -15.275     455.954             243             243
  143         822.836    -243.174         822.836    -243.174             143             143
  201          87.838    -136.767          87.838    -136.767             201             201
   11        -529.193     499.102        -529.193     499.102              11              11
  121        -171.268    -935.291        -171.268    -935.291             121             121
  141         397.812    -228.695         397.812    -228.695             141             141
   62       -1853.553    -121.501       -1853.553    -121.501              62              62
  143        -455.113     838.210        -455.113     838.210             143             143
  190         623.463     170.993         623.463     170.993             190             190
  226         360.397    -502.207         360.397    -502.207             226             226
