SINAL     NFT                         FFT                         NFT INVERSA     FFT INVERSA
-----     -----------------------     -----------------------     -----------     -----------
   21       16313.000       0.000            -nan        -nan              21            -nan
   58         -56.386    1279.909            -nan        -nan              58            -nan
  203           4.387     852.710            -nan        -nan             203            -nan
  223        -283.942    -872.668            -nan        -nan             223            -nan
  142         445.936     116.315            -nan        -nan             142            -nan
   32         173.769    -329.125            -nan        -nan              32            -nan
  117        -304.278     597.513            -nan        -nan             117            -nan
  119        -691.404    -373.723            -nan        -nan             119            -nan
  198        -413.681    -389.353           0.000      -0.000             198            -nan
    0         488.354     151.472            -nan        -nan               0               0
  152         636.595    -553.732            -nan        -nan             152            -nan
   45         434.998     296.841       -1169.757   -1995.379              45            -nan
  254         179.164    -579.059        1242.854    -777.234             254               0
  191        -610.309    -301.674         -83.149       0.000             191               0
   98         285.898    -839.819           0.000      -0.000              98               0
   83         204.977    -151.067            -nan        -nan              83               0
   16        -181.662    1343.847           0.000       0.000              16            -nan
  166         245.939    -605.859     -304854060850104909311224385471569580799332494188497236369050973015295143396050254276073635226219883822530516463061109206935754444482262987670598203037314787283552783881483988447903966906862636317325353083942465448004157011075167827479889711562992243978924204274279705153039988602102545483992495334359040.000 29532596493198199841820628790321597610205031878176457073500762265088500302956324189992073345392417290054973509048884648189807010289868083410057746294159584240884267713891795425806251216568431584753877051521404992127836664126610023610719006921618542209189363332457582724731908295061308550385612466683904.000             166               0
   24        -383.188     336.337            -nan       0.000              24            -1916870695072106841131251353435414437091973051825936242079141763336842774570394194613039258430796551873575023239120466032211865850878713732012794173194240
   88        -261.951    -301.462          13.829      -6.868              88            -nan
  123         436.138    1124.762     -29680244476962599353798882699696099123530433505147682796408870897661847563979061288922260978149202747810651742087340758513005595389015623322054428968768883250256413961040224892163058480157365516131716052583835303422928889275807932258298561403615013112475392825320684796172196758803605094400.000 -71654531540065393575560901402531653024925657064213791536455032993958979587971287174841508576492610920582920518012518180906533174226922780068378774341181396246881626012217682910010383229771116623392376521450797082214476654062210237046350630861723944924505616465161778630561701074748177383424.000             123               0
    0         310.387    -584.802           0.000      -0.000               0            -221230374293018511950946354590385821679001168759686964694266734407961045815299457107486891384504441819012851161811691067400833717290959336594657872095774944179299287040
   44         102.642     776.766           0.000       0.000              44               0
  236        -533.273    -576.829           0.000      -0.000             236              -0
  187        -880.053     -36.589           0.000       0.000             187               0
   72        -858.759     463.047           0.000      -0.000              72              -0
   12       -1291.151     -85.338           0.000      -0.000              12               0
  179        -242.993    1223.986        -406.113     316.934             179              -0
   64         -37.095      29.477           0.000       0.000              64              -0
  110        -770.590    -252.163         -28.641     -51.437             110              -0
  118        -397.907     454.579            -nan        -nan             118               0
   86         211.931     595.638            -nan        -nan              86            -nan
  168         248.007     -80.994           0.000      -0.000             168            -nan
   65         837.032     840.446           0.000      -0.000              65              -0
   53        -439.390    -633.140          -0.000      -0.000              53              -0
   55        -104.571     358.632           0.000      -0.000              55              -0
   97        -306.648     394.683           0.000      -0.000              97              -0
  171         418.021     553.236          -0.000      -0.000             171              -0
  174         649.451    1554.478           0.000      -0.000             174              -0
   40        -645.663    -159.788           0.000      -0.000              40              -0
  171         -55.542    -428.456          -0.000      -0.000             171              -0
   71        -656.581    -196.748          -0.000      -0.000              71              -0
   86         429.893     387.361           0.000      -0.000              86              -0
  170        -338.750     370.136          -0.000      -0.000             170              -0
    7        -155.282      40.828           0.000      -0.000               7              -0
  184        1170.175     126.861           0.000      -0.000             184              -0
  253       -1059.181     628.640           0.000      -0.000             253              -0
   23       -1198.538     235.686          -0.000      -0.000              23              -0
   95        1239.665    -638.115          -0.000      -0.000              95              -0
   21        -411.995     562.357          -0.000      -0.000              21              -0
  112        -685.591    1664.238          -0.000      -0.000             112              -0
  219         227.891      62.955          -0.000      -0.000             219              -0
   22        -678.322      13.745          -0.000      -0.000              22              -0
  156        -143.543    -879.243           0.000      -0.000             156              -0
  199        -111.502   -1630.869          -0.000      -0.000             199              -0
  209         235.527     270.384           0.000      -0.000             209              -0
  229        -722.720    -249.231           0.000      -0.000             229              -0
  211         629.604     406.280          -0.000      -0.000             211              -0
  132       -1252.380     886.597          -0.000      -0.000             132              -0
   38        -545.081     544.563          -0.000      -0.000              38              -0
   66       -1219.928     790.215     -4019498648994490801874365320022458368.000      -0.000              66              -0
  251         435.621    -944.370          -0.000      -0.000             251               0
  124         391.573    -494.173          -0.000      -0.000             124               0
  235        1049.992      46.228          -0.000      -0.000             235              -0
   61         -13.000      -0.003           0.000       0.000              61               0
  178        1049.984     -46.138           0.000       0.000             178               0
   35         391.482     494.201           0.000       0.000              35               0
  159         435.465     944.348           0.000       0.000             159               0
   94       -1219.920    -790.384           0.000       0.000              94               0
  209        -545.052    -544.638           0.000       0.000             209               0
  199       -1252.282    -886.701           0.000       0.000             199               0
   10         629.658    -406.195           0.000       0.000              10               0
   25        -722.737     249.197           0.000       0.000              25               0
   29         235.563    -270.325           0.000       0.000              29               0
  180        -111.645    1630.871           0.000       0.000             180               0
   32        -143.627     879.165           0.000       0.000              32               0
  214        -678.313     -13.881           0.000       0.000             214               0
  178         227.902     -63.020           0.000       0.000             178               0
   56        -685.447   -1664.334           0.000       0.000              56               0
   53        -411.905    -562.363           0.000       0.000              53               0
  200        1239.604     638.218           0.000       0.000             200               0
  168       -1198.547    -235.822           0.000       0.000             168               0
   16       -1059.070    -628.742           0.000       0.000              16               0
  222        1170.224    -126.763           0.000       0.000             222               0
   69        -155.290     -40.853           0.000       0.000              69               0
  216        -338.707    -370.176           0.000       0.000             216               0
  176         429.925    -387.318           0.000       0.000             176               0
   42        -656.598     196.699           0.000       0.000              42               0
  172         -55.562     428.427           0.000       0.000             172               0
   53        -645.640     159.667           0.000       0.000              53               0
   80         649.618   -1554.458           0.000       0.000              80               0
  238         418.060    -553.184           0.000       0.000             238               0
   48        -306.622    -394.691           0.000       0.000              48               0
  205        -104.534    -358.614           0.000       0.000             205               0
  218        -439.413     633.099           0.000       0.000             218               0
  109         837.121    -840.387           0.000       0.000             109               0
  128         247.980      81.017           0.000       0.000             128               0
  253         211.947    -595.623           0.000       0.000             253               0
   12        -397.906    -454.590           0.000       0.000              12               0
  222        -770.618     252.111           0.000       0.000             222               0
  207         -37.093     -29.501           0.000       0.000             207               0
  211        -242.918   -1223.996           0.000       0.000             211               0
  232       -1291.164      85.263           0.000       0.000             232               0
  233        -858.687    -463.093           0.000       0.000             233               0
  241        -880.000      36.552           0.000       0.000             241               0
  156        -533.242     576.786           0.000       0.000             156               0
    9         102.784    -776.751           0.000       0.000               9               0
  199         310.394     584.830           0.000       0.000             199               0
   78         436.259   -1124.715           0.000       0.000              78               0
   66        -261.957     301.473           0.000       0.000              66               0
  253        -383.114    -336.345           0.000       0.000             253               0
   22         245.934     605.881           0.000       0.000              22               0
  234        -181.506   -1343.839           0.000       0.000             234               0
   14         205.012     151.159           0.000       0.000              14               0
  245         285.856     839.880           0.000       0.000             245               0
   47        -610.289     301.634           0.000       0.000              47               0
  230         179.187     579.069           0.000       0.000             230               0
  165         435.083    -296.803           0.000       0.000             165               0
   90         636.587     553.790           0.000       0.000              90               0
  146         488.377    -151.432           0.000       0.000             146               0
  218        -413.700     389.322           0.000       0.000             218               0
  170        -691.377     373.642           0.000       0.000             170               0
  129        -304.132    -597.545           0.000       0.000             129               0
   11         173.851     329.146           0.000       0.000              11               0
  120         446.050    -116.275           0.000       0.000             120               0
   92        -283.881     872.614           0.000       0.000              92               0
  120           4.677    -852.754           0.000       0.000             120               0
  248         -55.844   -1279.883           0.000       0.000             248               0
