SINAL     NFT                         FFT                         NFT INVERSA     FFT INVERSA
-----     -----------------------     -----------------------     -----------     -----------
  174       17516.000       0.000       17516.000       0.000             174             174
   70        -302.017   -1396.746        -302.017   -1396.746              70              70
   62         922.490    -673.715         922.490    -673.715              62              62
   63          28.666    -451.804          28.666    -451.804              63              63
  165          -1.811    -185.288          -1.811    -185.288             165             165
  208        -393.682     -35.196        -393.682     -35.196             208             208
  252        -905.976    -240.787        -905.976    -240.787             252             252
  231        -399.300     101.269        -399.300     101.269             231             231
  249         222.625    -301.101         222.625    -301.101             249             249
  203        -724.373     251.722        -724.373     251.722             203             203
  202        -545.980     166.249        -545.980     166.249             202             202
   52         246.736     -42.622         246.736     -42.622              52              52
   77        -387.282       2.547        -387.282       2.547              77              77
  189       -1382.447     825.024       -1382.447     825.024             189             189
  237        -937.251     202.537        -937.251     202.537             237             237
  228        1576.678     790.952        1576.678     790.952             228             228
  174         596.977    1176.810         596.977    1176.810             174             174
  204        1033.900    -265.016        1033.900    -265.016             204             204
  185        -143.058    -285.581        -143.058    -285.581             185             185
   83         101.314     445.907         101.314     445.907              83              83
    2          -0.926      60.981          -0.926      60.981               2               2
   67          22.220     199.075          22.220     199.075              67              67
  241        -588.291     498.242        -588.291     498.242             241             241
  189         -65.206     -98.933         -65.206     -98.933             189             189
  222        -201.943    -948.782        -201.943    -948.782             222             222
   55         868.205     361.875         868.205     361.875              55              55
  253        -161.619     116.956        -161.619     116.956             253             253
  123         230.253    1067.960         230.253    1067.960             123             123
   16         132.832     826.024         132.832     826.024              16              16
   98        -396.068   -1022.624        -396.068   -1022.624              98              98
  118         994.677   -1194.433         994.677   -1194.433             118             118
  190        -248.284     -43.803        -248.284     -43.803             190             190
  168        -633.992    -466.012        -633.992    -466.012             168             168
  180          29.659      17.163          29.659      17.163             180             180
  254         758.683    1224.452         758.683    1224.452             254             254
   78        -196.565    -300.051        -196.565    -300.051              78              78
  133        -459.114     284.169        -459.114     284.169             133             133
  250        -748.843     239.917        -748.843     239.917             250             250
   53        -808.398    -623.587        -808.398    -623.587              53              53
  127        1053.264    -593.412        1053.264    -593.412             127             127
  197        -507.844   -1331.043        -507.844   -1331.043             197             197
    0         638.572     681.268         638.572     681.268              -0              -0
  179         459.956    -461.909         459.956    -461.909             179             179
   19        -428.424    -196.367        -428.424    -196.367              19              19
  190         684.027    -203.840         684.027    -203.840             190             190
  161          36.675     587.853          36.675     587.853             161             161
  247          -5.143     -20.187          -5.143     -20.187             247             247
  108       -1476.360     133.509       -1476.360     133.509             108             108
  109         201.029      98.798         201.029      98.798             109             109
  177         424.126    -605.898         424.126    -605.898             177             177
  191        -237.770   -1265.599        -237.770   -1265.599             191             191
  112         -78.296    -124.641         -78.296    -124.641             112             112
  244        1308.487     196.983        1308.487     196.983             244             244
  176         -59.793      62.350         -59.793      62.350             176             176
   45           8.914    -825.907           8.914    -825.907              45              45
  210         531.172    -432.617         531.172    -432.617             210             210
  231         111.238    -487.339         111.238    -487.339             231             231
   43          14.514     670.305          14.514     670.305              43              43
   78         611.995     161.639         611.995     161.639              78              78
  247         994.665    -182.018         994.665    -182.018             247             247
  141        -596.282     652.068        -596.282     652.068             141             141
  196         371.237    -446.674         371.237    -446.674             196             196
  182          32.881    -269.466          32.881    -269.466             182             182
   54         393.816     275.130         393.816     275.130              54              54
  121        1516.000       0.058        1516.000       0.058             121             121
  180         393.799    -275.094         393.799    -275.094             180             180
  132          32.835     269.476          32.835     269.476             132             132
  255         371.179     446.682         371.179     446.682             255             255
  175        -596.218    -652.131        -596.218    -652.131             175             175
  186         994.667     182.105         994.667     182.105             186             186
  126         611.983    -161.596         611.983    -161.596             126             126
  117          14.546    -670.278          14.546    -670.278             117             117
  187         111.192     487.387         111.192     487.387             187             187
   49         531.122     432.678         531.122     432.678              49              49
  137           8.826     825.895           8.826     825.895             137             137
  121         -59.778     -62.382         -59.778     -62.382             121             121
  210        1308.482    -196.872        1308.482    -196.872             210             210
  129         -78.361     124.661         -78.361     124.661             129             129
  229        -237.899    1265.575        -237.899    1265.575             229             229
   64         424.051     605.880         424.051     605.880              64              64
   50         200.978     -98.832         200.978     -98.832              50              50
  165       -1476.365    -133.664       -1476.365    -133.664             165             165
  177          -5.112      20.158          -5.112      20.158             177             177
   38          36.749    -587.858          36.749    -587.858              38              38
   85         684.008     203.907         684.008     203.907              85              85
  222        -428.442     196.331        -428.442     196.331             222             222
  249         459.930     461.928         459.930     461.928             249             249
   61         638.605    -681.203         638.605    -681.203              61              61
   10        -507.969    1331.011        -507.969    1331.011              10              10
   71        1053.183     593.459        1053.183     593.459              71              71
   53        -808.502     623.458        -808.502     623.458              53              53
  152        -748.824    -240.043        -748.824    -240.043             152             152
   12        -459.065    -284.243        -459.065    -284.243              12              12
  236        -196.548     299.986        -196.548     299.986             236             236
  206         758.802   -1224.411         758.802   -1224.411             206             206
  133          29.643     -17.136          29.643     -17.136             133             133
  161        -634.024     465.963        -634.024     465.963             161             161
   83        -248.243      43.785        -248.243      43.785              83              83
  133         994.592    1194.497         994.592    1194.497             133             133
   81        -396.156    1022.498        -396.156    1022.498              81              81
   14         132.921    -826.109         132.921    -826.109              14              14
    3         230.352   -1067.969         230.352   -1067.969               3               3
  198        -161.589    -116.971        -161.589    -116.971             198             198
  201         868.237    -361.795         868.237    -361.795             201             201
   53        -202.042     948.749        -202.042     948.749              53              53
   80         -65.221      98.868         -65.221      98.868              80              80
   67        -588.235    -498.335        -588.235    -498.335              67              67
    8          22.269    -199.097          22.269    -199.097               8               8
  209          -0.892     -61.010          -0.892     -61.010             209             209
   41         101.382    -445.918         101.382    -445.918              41              41
   73        -143.033     285.548        -143.033     285.548              73              73
    3        1033.915     265.040        1033.915     265.040               3               3
  206         597.082   -1176.811         597.082   -1176.811             206             206
  250        1576.687    -790.821        1576.687    -790.821             250             250
   42        -937.314    -202.615        -937.314    -202.615              42              42
   36       -1382.375    -825.128       -1382.375    -825.128              36              36
  217        -387.233      -2.554        -387.233      -2.554             217             217
   36         246.761      42.650         246.761      42.650              36              36
   97        -545.947    -166.291        -545.947    -166.291              97              97
  227        -724.295    -251.766        -724.295    -251.766             227             227
  108         222.658     301.132         222.658     301.132             108             108
  151        -399.245    -101.296        -399.245    -101.296             151             151
  123        -905.910     240.719        -905.910     240.719             123             123
  120        -393.555      35.168        -393.555      35.168             120             120
  131          -1.673     185.299          -1.673     185.299             131             131
   74          28.820     451.814          28.820     451.814              74              74
  254         922.668     673.787         922.668     673.787             254             254
   36        -301.684    1396.659        -301.684    1396.659              36              36
