SINAL     NFT                         FFT                         NFT INVERSA     FFT INVERSA
-----     -----------------------     -----------------------     -----------     -----------
   50       15038.000       0.000            -nan        -nan              50            -nan
   88         686.576    -738.232            -nan        -nan              88            -nan
  128        -591.589    -253.871            -nan        -nan             128            -nan
  225         599.639    -574.143            -nan        -nan             225            -nan
  189        -188.694    -382.338            -nan        -nan             189            -nan
  235         694.010    -651.033            -nan        -nan             235            -nan
  212          55.705     544.967            -nan        -nan             212            -nan
   92        -910.114    -723.023            -nan        -nan              92            -nan
  243        -681.012    -459.861           0.000      -0.000             243            -nan
  211        -221.027   -1010.541            -nan        -nan             211               0
    0        -325.323     208.713            -nan        -nan               0            -nan
   92        -842.679    -247.665       -1405.525   -2392.942              92            -nan
  162         -78.564    -993.791        1490.394    -940.830             162               0
  160        -448.206     488.699         -83.149       0.000             160               0
   19         466.841     200.588           0.000      -0.000              19               0
  219         -64.084    -552.933            -nan        -nan             219               0
   24        -590.688    1129.273           0.000       0.000              24            -nan
  202        -132.406     377.142     -304854060850104909311224385471569580799332494188497236369050973015295143396050254276073635226219883822530516463061109206935754444482262987670598203037314787283552783881483988447903966906862636317325353083942465448004157011075167827479889711562992243978924204274279705153039988602102545483992495334359040.000 29532596493198199841820628790321597610205031878176457073500762265088500302956324189992073345392417290054973509048884648189807010289868083410057746294159584240884267713891795425806251216568431584753877051521404992127836664126610023610719006921618542209189363332457582724731908295061308550385612466683904.000             202               0
  151         490.237     -90.568            -nan       0.000             151            -55788279716859887154169012601353881097514329356663401764792557902891502441209571977758292878011606862814370054958867433952745802551470514503680
   69        -823.515      54.172          15.159      -7.537              69            -nan
   81        -221.770      39.808     -29680244476962599353798882699696099123530433505147682796408870897661847563979061288922260978149202747810651742087340758513005595389015623322054428968768883250256413961040224892163058480157365516131716052583835303422928889275807932258298561403615013112475392825320684796172196758803605094400.000 -71654531540065393575560901402531653024925657064213791536455032993958979587971287174841508576492610920582920518012518180906533174226922780068378774341181396246881626012217682910010383229771116623392376521450797082214476654062210237046350630861723944924505616465161778630561701074748177383424.000              81               0
  248        -319.502     459.150           0.000       0.000             248            -6438651305303749161276103538414050757390248145666176124192621046908928716302018644855325441589359014149896426877579973876733382852135672484136241025284833280
  172          39.160     143.008           0.000       0.000             172               0
    4        -855.629    -520.075           0.000       0.000               4               0
  175        -587.930     237.909           0.000       0.000             175               0
  212         199.442     192.216           0.000      -0.000             212              -0
   42        -943.229     226.928           0.000      -0.000              42               0
  139         -49.849   -1066.878        -445.163     347.408             139              -0
  137        -712.546     761.354           0.000       0.000             137              -0
  182         461.317    1042.031         -22.907     -56.383             182              -0
  137         371.568    -765.731            -nan        -nan             137               0
  188         389.354    -545.716            -nan        -nan             188            -nan
   15         395.999    -129.995           0.000      -0.000              15            -nan
    9          70.246    -466.686           0.000      -0.000               9              -0
  158        -522.707   -1236.676          -0.000      -0.000             158              -0
  205         246.743    1315.965           0.000      -0.000             205              -0
  245         312.619     -34.126           0.000      -0.000             245              -0
  114        -289.064    -458.069          -0.000      -0.000             114              -0
   41       -1128.648      33.050           0.000      -0.000              41              -0
  233        -402.289    -437.952           0.000      -0.000             233              -0
   70       -1300.866     771.184          -0.000      -0.000              70              -0
   42         668.644     736.275          -0.000      -0.000              42              -0
   70         639.391     -53.018           0.000      -0.000              70              -0
  233         804.688     189.997          -0.000      -0.000             233              -0
  202        -518.824    -573.164           0.000      -0.000             202              -0
   89         249.570    -158.423           0.000      -0.000              89              -0
  196         -50.454    -589.187           0.000      -0.000             196              -0
  227         494.586    -828.418          -0.000      -0.000             227              -0
   36         458.677    -198.696          -0.000      -0.000              36              -0
   92         293.653     547.347          -0.000      -0.000              92              -0
   40         208.627    -150.222          -0.000      -0.000              40              -0
  117        -816.895      13.980          -0.000      -0.000             117              -0
   84         337.546    -328.489          -0.000      -0.000              84              -0
  213         682.294    -487.303           0.000      -0.000             213              -0
  122        -511.789    -831.910          -0.000      -0.000             122              -0
    4        -292.190     589.120           0.000      -0.000               4              -0
  169        -970.180    -178.599           0.000      -0.000             169              -0
  165        -205.905     182.432          -0.000      -0.000             165              -0
  143         247.374    -818.096          -0.000      -0.000             143              -0
   51         859.017    -130.150          -0.000      -0.000              51              -0
   91        1470.240     140.495     -4019498648994490801874365320022458368.000      -0.000              91              -0
   25        -349.014     570.411          -0.000      -0.000              25               0
  240         290.965    -693.629          -0.000      -0.000             240               0
  106         102.555    -198.815          -0.000      -0.000             106               0
   35       -1318.000      -0.040           0.000       0.000              35               0
  143         102.581     198.851           0.000       0.000             143               0
   56         290.928     693.648           0.000       0.000              56               0
   24        -348.924    -570.447           0.000       0.000              24               0
    1        1470.276    -140.344           0.000       0.000               1               0
   97         858.966     130.256           0.000       0.000              97               0
    2         247.246     818.122           0.000       0.000               2               0
   72        -205.948    -182.458           0.000       0.000              72               0
  139        -970.215     178.518           0.000       0.000             139               0
   72        -292.129    -589.118           0.000       0.000              72               0
   49        -511.827     831.898           0.000       0.000              49               0
   86         682.277     487.354           0.000       0.000              86               0
  161         337.497     328.500           0.000       0.000             161               0
  246        -816.891     -14.063           0.000       0.000             246               0
   57         208.646     150.226           0.000       0.000              57               0
  197         293.717    -547.315           0.000       0.000             197               0
   82         458.666     198.770           0.000       0.000              82               0
   98         494.501     828.471           0.000       0.000              98               0
   59         -50.522     589.162           0.000       0.000              59               0
  166         249.540     158.420           0.000       0.000             166               0
   56        -518.867     573.085           0.000       0.000              56               0
  181         804.714    -189.972           0.000       0.000             181               0
  170         639.354      53.031           0.000       0.000             170               0
  226         668.626    -736.246           0.000       0.000             226               0
   90       -1300.862    -771.271           0.000       0.000              90               0
   58        -402.343     437.943           0.000       0.000              58               0
   22       -1128.636     -33.137           0.000       0.000              22               0
  182        -289.059     458.040           0.000       0.000             182               0
   83         312.644      34.124           0.000       0.000              83               0
    6         246.850   -1315.914           0.000       0.000               6               0
   33        -522.803    1236.675           0.000       0.000              33               0
  118          70.236     466.677           0.000       0.000             118               0
  149         396.004     130.016           0.000       0.000             149               0
   89         389.305     545.734           0.000       0.000              89               0
  143         371.486     765.702           0.000       0.000             143               0
  151         461.357   -1042.042           0.000       0.000             151               0
  186        -712.521    -761.388           0.000       0.000             186               0
  145         -49.962    1066.878           0.000       0.000             145               0
  223        -943.216    -227.040           0.000       0.000             223               0
   70         199.458    -192.212           0.000       0.000              70               0
  217        -587.926    -237.955           0.000       0.000             217               0
   17        -855.654     519.993           0.000       0.000              17               0
  156          39.197    -143.036           0.000       0.000             156               0
  123        -319.452    -459.187           0.000       0.000             123               0
    7        -221.755     -39.826           0.000       0.000               7               0
  214        -823.473     -54.245           0.000       0.000             214               0
   65         490.265      90.593           0.000       0.000              65               0
   89        -132.370    -377.175           0.000       0.000              89               0
   57        -590.568   -1129.297           0.000       0.000              57               0
  124         -64.087     552.962           0.000       0.000             124               0
    0         466.874    -200.541           0.000       0.000               0               0
  113        -448.158    -488.692           0.000       0.000             113               0
   50         -78.635     993.818           0.000       0.000              50               0
  171        -842.673     247.592           0.000       0.000             171               0
   83        -325.255    -208.717           0.000       0.000              83               0
  141        -221.067    1010.540           0.000       0.000             141               0
  230        -680.995     459.791           0.000       0.000             230               0
  105        -910.072     722.913           0.000       0.000             105               0
   67          55.881    -544.979           0.000       0.000              67               0
   57         694.063     651.094           0.000       0.000              57               0
  112        -188.612     382.305           0.000       0.000             112               0
  101         599.729     574.163           0.000       0.000             101               0
  176        -591.398     253.785           0.000       0.000             176               0
    5         686.932     738.232           0.000       0.000               5               0
