SINAL     NFT                         FFT                         NFT INVERSA     FFT INVERSA
-----     -----------------------     -----------------------     -----------     -----------
  136       15608.000       0.000       15608.000       0.000             136             136
    8        -563.360   -1334.161        -563.360   -1334.161               8               8
  249        -819.213    -158.592        -819.213    -158.592             249             249
  211        -431.258     -79.890        -431.258     -79.890             211             211
   31         205.264     942.852         205.264     942.852              31              31
  103          87.141     454.524          87.141     454.524             103             103
   45        1234.890     -55.071        1234.890     -55.071              45              45
   99        1295.895   -1017.740        1295.895   -1017.740              99              99
   27        -230.938     185.792        -230.938     185.792              27              27
  178        -512.978    -581.450        -512.978    -581.450             178             178
   41         753.538     614.059         753.538     614.059              41              41
   10          -1.030      45.834          -1.030      45.834              10              10
   33        -393.238    -284.592        -393.238    -284.592              33              33
  179        -526.405     313.814        -526.405     313.814             179             179
   92        -136.506    -898.445        -136.506    -898.445              92              92
   23         839.864    -617.219         839.864    -617.219              23              23
  238         115.418       9.799         115.418       9.799             238             238
   44          30.193      57.494          30.193      57.494              44              44
  249        -649.396    -826.187        -649.396    -826.187             249             249
  193         390.365     -76.120         390.365     -76.120             193             193
  211         307.819     399.591         307.819     399.591             211             211
  237         112.763   -1333.981         112.763   -1333.981             237             237
  135         336.976    -282.751         336.976    -282.751             135             135
  223        -721.444     193.286        -721.444     193.286             223             223
  195         910.616    1095.011         910.616    1095.011             195             195
  222        -544.100     152.342        -544.100     152.342             222             222
  243         -52.760    1099.071         -52.760    1099.071             243             243
  180        -197.430     121.633        -197.430     121.633             180             180
   31        -634.999     781.409        -634.999     781.409              31              31
   84         -64.743     220.942         -64.743     220.942              84              84
  102         332.290      50.053         332.290      50.053             102             102
  168        -132.088    -631.660        -132.088    -631.660             168             168
   93        -234.024     961.999        -234.024     961.999              93              93
   96        -218.460    -173.622        -218.460    -173.622              96              96
  124           0.230     234.393           0.230     234.393             124             124
  125        -738.162    -128.924        -738.162    -128.924             125             125
  199         344.919    1020.889         344.919    1020.889             199             199
  169         132.965     888.135         132.965     888.135             169             169
  224        -579.178    1721.742        -579.178    1721.742             224             224
  227         139.453     890.823         139.453     890.823             227             227
   91        -497.523     -45.597        -497.523     -45.597              91              91
    9          45.757     460.413          45.757     460.413               9               9
  237          11.752    -274.273          11.752    -274.273             237             237
  125         112.080     409.625         112.080     409.625             125             125
  189         -17.314    -410.187         -17.314    -410.187             189             189
   74        -964.136     435.177        -964.136     435.177              74              74
  149         411.889     163.308         411.889     163.308             149             149
  172        -650.033      56.441        -650.033      56.441             172             172
  118         508.570     705.793         508.570     705.793             118             118
  142         311.911    -166.378         311.911    -166.378             142             142
  109         330.198    -922.211         330.198    -922.211             109             109
   74         327.438    -494.962         327.438    -494.962              74              74
  123        -366.366     107.310        -366.366     107.310             123             123
  245        1124.660    -485.340        1124.660    -485.340             245             245
   42         247.304    1832.510         247.304    1832.510              42              42
   63          73.495     516.750          73.495     516.750              63              63
  212         581.843    -534.762         581.843    -534.762             212             212
   29         947.706     200.306         947.706     200.306              29              29
  244         719.759    -674.008         719.759    -674.008             244             244
  244         -71.333    -518.170         -71.333    -518.170             244             244
  113          73.837     551.979          73.837     551.979             113             113
   90          26.789     577.012          26.789     577.012              90              90
  157        -541.917     592.866        -541.917     592.866             157             157
  207       -1293.616    -168.593       -1293.616    -168.593             207             207
  187         516.000       0.001         516.000       0.001             187             187
   25       -1293.632     168.431       -1293.632     168.431              25              25
   76        -541.817    -592.962        -541.817    -592.962              76              76
  131          26.889    -577.030          26.889    -577.030             131             131
  195          73.925    -551.960          73.925    -551.960             195             195
   45         -71.323     518.175         -71.323     518.175              45              45
  102         719.754     674.033         719.754     674.033             102             102
   30         947.737    -200.269         947.737    -200.269              30              30
   54         581.785     534.755         581.785     534.755              54              54
   83          73.530    -516.822          73.530    -516.822              83              83
  156         247.469   -1832.490         247.469   -1832.490             156             156
  244        1124.598     485.466        1124.598     485.466             244             244
  158        -366.385    -107.334        -366.385    -107.334             158             158
   49         327.393     494.995         327.393     494.995              49              49
  160         330.106     922.200         330.106     922.200             160             160
   21         311.876     166.330         311.876     166.330              21              21
  191         508.585    -705.801         508.585    -705.801             191             191
   14        -650.061     -56.523        -650.061     -56.523              14              14
   95         411.874    -163.309         411.874    -163.309              95              95
   59        -964.117    -435.278        -964.117    -435.278              59              59
    3         -17.334     410.154         -17.334     410.154               3               3
  137         112.115    -409.655         112.115    -409.655             137             137
  122          11.721     274.228          11.721     274.228             122             122
  215          45.779    -460.465          45.779    -460.465             215             215
  166        -497.532      45.490        -497.532      45.490             166             166
  110         139.526    -890.889         139.526    -890.889             110             110
  203        -579.029   -1721.817        -579.029   -1721.817             203             203
   24         133.058    -888.108         133.058    -888.108              24              24
  201         344.991   -1020.822         344.991   -1020.822             201             201
  104        -738.177     128.898        -738.177     128.898             104             104
  231           0.264    -234.378           0.264    -234.378             231             231
  133        -218.466     173.600        -218.466     173.600             133             133
  130        -233.927    -962.004        -233.927    -962.004             130             130
   52        -132.116     631.666        -132.116     631.666              52              52
    8         332.306     -50.047         332.306     -50.047               8               8
   69         -64.733    -220.973         -64.733    -220.973              69              69
   97        -634.923    -781.471        -634.923    -781.471              97              97
  110        -197.389    -121.655        -197.389    -121.655             110             110
  100         -52.642   -1099.066         -52.642   -1099.066             100             100
  152        -544.040    -152.364        -544.040    -152.364             152             152
  194         910.736   -1094.894         910.736   -1094.894             194             194
    0        -721.408    -193.271        -721.408    -193.271              -0              -0
  140         336.996     282.851         336.996     282.851             140             140
   96         112.681    1334.006         112.681    1334.006              96              96
   49         307.877    -399.571         307.877    -399.571              49              49
   44         390.360      76.184         390.360      76.184              44              44
  118        -649.448     826.140        -649.448     826.140             118             118
  241          30.243     -57.500          30.243     -57.500             241             241
   59         115.466      -9.773         115.466      -9.773              59              59
  213         839.830     617.304         839.830     617.304             213             213
   44        -136.587     898.405        -136.587     898.405              44              44
   62        -526.356    -313.890        -526.356    -313.890              62              62
   94        -393.207     284.542        -393.207     284.542              94              94
  167          -0.953     -45.862          -0.953     -45.862             167             167
   21         753.635    -613.993         753.635    -613.993              21              21
    5        -512.980     581.414        -512.980     581.414               5               5
   22        -230.819    -185.810        -230.819    -185.810              22              22
  225        1295.903    1017.831        1295.903    1017.831             225             225
   30        1234.917      55.118        1234.917      55.118              30              30
  223          87.202    -454.559          87.202    -454.559             223             223
   74         205.389    -942.832         205.389    -942.832              74              74
    5        -431.183      79.883        -431.183      79.883               5               5
  100        -819.044     158.548        -819.044     158.548             100             100
  205        -563.050    1334.091        -563.050    1334.091             205             205
