SINAL     NFT                         FFT                         NFT INVERSA     FFT INVERSA
-----     -----------------------     -----------------------     -----------     -----------
   28       15695.000       0.000       15695.000       0.000              28              28
   52         352.578    -165.919         352.578    -165.919              52              52
  240         128.307     227.307         128.307     227.307             240             240
  107         -26.322     280.723         -26.322     280.723             107             107
   92        -437.099     303.220        -437.099     303.220              92              92
   48       -1083.823     787.388       -1083.823     787.388              48              48
   64          62.486     123.306          62.486     123.306              64              64
  255         160.928    -118.151         160.928    -118.151             255             255
   33         284.667    -184.103         284.667    -184.103              33              33
  191        -426.875     514.067        -426.875     514.067             191             191
   91        -175.073       9.591        -175.073       9.591              91              91
   64        -717.515    -974.183        -717.515    -974.183              64              64
  178        -787.900     648.164        -787.900     648.164             178             178
   80         147.347     263.296         147.347     263.296              80              80
   72         223.265    -484.241         223.265    -484.241              72              72
  238        -145.664    -425.708        -145.664    -425.708             238             238
  146         827.619    -253.672         827.619    -253.672             146             146
  176        -817.232    -529.590        -817.232    -529.590             176             176
  195         735.760     202.443         735.760     202.443             195             195
  165         860.222    -952.461         860.222    -952.461             165             165
  173        -620.128     537.145        -620.128     537.145             173             173
   12        -198.174     938.340        -198.174     938.340              12              12
  217        -145.814    -199.307        -145.814    -199.307             217             217
   84       -1400.320     354.291       -1400.320     354.291              84              84
   83         -23.527   -1419.208         -23.527   -1419.208              83              83
   73          41.596     495.227          41.596     495.227              73              73
  105       -1100.503     188.018       -1100.503     188.018             105             105
  232        -179.111    -126.190        -179.111    -126.190             232             232
   19        -303.805     397.229        -303.805     397.229              19              19
  255        -843.492     348.882        -843.492     348.882             255             255
   58       -1134.718     129.734       -1134.718     129.734              58              58
   48        -336.929    -304.462        -336.929    -304.462              48              48
   52       -1141.985    -183.024       -1141.985    -183.024              52              52
   43         341.582      47.675         341.582      47.675              43              43
  155         296.621     232.987         296.621     232.987             155             155
  145         114.185    -376.053         114.185    -376.053             145             145
   91        -754.587    -678.164        -754.587    -678.164              91              91
  220         111.696     169.820         111.696     169.820             220             220
  145          59.317     516.580          59.317     516.580             145             145
  125        -349.635     787.125        -349.635     787.125             125             125
  155        -308.877    -127.938        -308.877    -127.938             155             155
  236         377.399     182.042         377.399     182.042             236             236
  189        -811.587    -856.590        -811.587    -856.590             189             189
   78         587.056      -3.433         587.056      -3.433              78              78
   60        -257.964    -155.401        -257.964    -155.401              60              60
    5        -541.489   -1060.341        -541.489   -1060.341               5               5
   60        -147.551    -726.156        -147.551    -726.156              60              60
  207        -584.101     145.960        -584.101     145.960             207             207
  182         246.403    -259.658         246.403    -259.658             182             182
  255        -192.653     171.369        -192.653     171.369             255             255
  116        -176.547     537.622        -176.547     537.622             116             116
  100        -220.326     626.084        -220.326     626.084             100             100
   12        1683.943    1351.960        1683.943    1351.960              12              12
   78         393.703    -540.016         393.703    -540.016              78              78
  184        -215.292     318.492        -215.292     318.492             184             184
   95        -674.057    -679.929        -674.057    -679.929              95              95
  151         703.794      15.216         703.794      15.216             151             151
   33        1121.578     330.412        1121.578     330.412              33              33
   72        1062.874     -11.294        1062.874     -11.294              72              72
  171        -469.516    -608.684        -469.516    -608.684             171             171
   33         557.517    -759.851         557.517    -759.851              33              33
  131         125.569     329.458         125.569     329.458             131             131
  220         474.426     259.660         474.426     259.660             220             220
   86        -200.152    -206.956        -200.152    -206.956              86              86
  174        -375.000      -0.011        -375.000      -0.011             174             174
  119        -200.143     206.939        -200.143     206.939             119             119
  232         474.469    -259.621         474.469    -259.621             232             232
   10         125.608    -329.417         125.608    -329.417              10              10
   83         557.454     759.922         557.454     759.922              83              83
  121        -469.545     608.626        -469.545     608.626             121             121
  136        1062.906      11.351        1062.906      11.351             136             136
  239        1121.584    -330.329        1121.584    -330.329             239             239
  101         703.732     -15.149         703.732     -15.149             101             101
   70        -674.157     679.856        -674.157     679.856              70              70
   62        -215.257    -318.538        -215.257    -318.538              62              62
  162         393.680     540.004         393.680     540.004             162             162
   75        1684.017   -1351.855        1684.017   -1351.855              75              75
  122        -220.351    -626.084        -220.351    -626.084             122             122
  114        -176.548    -537.602        -176.548    -537.602             114             114
    2        -192.670    -171.338        -192.670    -171.338               2               2
  122         246.340     259.716         246.340     259.716             122             122
  231        -584.126    -145.967        -584.126    -145.967             231             231
  102        -147.635     726.186        -147.635     726.186             102             102
  134        -541.591    1060.290        -541.591    1060.290             134             134
   53        -257.968     155.353        -257.968     155.353              53              53
   31         587.037       3.477         587.037       3.477              31              31
  230        -811.676     856.498        -811.676     856.498             230             230
  204         377.407    -182.051         377.407    -182.051             204             204
   64        -308.912     127.874        -308.912     127.874              64              64
   46        -349.574    -787.178        -349.574    -787.178              46              46
  120          59.355    -516.559          59.355    -516.559             120             120
   98         111.685    -169.775         111.685    -169.775              98              98
  178        -754.654     678.118        -754.654     678.118             178             178
   84         114.161     376.043         114.161     376.043              84              84
  185         296.623    -232.978         296.623    -232.978             185             185
   97         341.528     -47.646         341.528     -47.646              97              97
  204       -1142.046     182.928       -1142.046     182.928             204             204
  161        -336.978     304.415        -336.978     304.415             161             161
  107       -1134.720    -129.856       -1134.720    -129.856             107             107
   31        -843.439    -348.966        -843.439    -348.966              31              31
   26        -303.745    -397.247        -303.745    -397.247              26              26
  244        -179.116     126.183        -179.116     126.183             244             244
   15       -1100.462    -188.108       -1100.462    -188.108              15              15
  128          41.677    -495.186          41.677    -495.186             128             128
   58         -23.645    1419.209         -23.645    1419.209              58              58
   77       -1400.261    -354.442       -1400.261    -354.442              77              77
   34        -145.767     199.269        -145.767     199.269              34              34
  134        -198.048    -938.365        -198.048    -938.365             134             134
  200        -620.009    -537.149        -620.009    -537.149             200             200
  148         860.210     952.560         860.210     952.560             148             148
  136         735.783    -202.376         735.783    -202.376             136             136
   66        -817.252     529.533        -817.252     529.533              66              66
  123         827.631     253.737         827.631     253.737             123             123
  239        -145.691     425.686        -145.691     425.686             239             239
  201         223.238     484.226         223.238     484.226             201             201
  176         147.360    -263.320         147.360    -263.320             176             176
   14        -787.844    -648.221        -787.844    -648.221              14              14
  175        -717.553     974.121        -717.553     974.121             175             175
  125        -175.016      -9.648        -175.016      -9.648             125             125
   79        -426.765    -514.119        -426.765    -514.119              79              79
  222         284.721     184.122         284.721     184.122             222             222
  246         160.968     118.141         160.968     118.141             246             246
  178          62.534    -123.336          62.534    -123.336             178             178
  144       -1083.682    -787.493       -1083.682    -787.493             144             144
   74        -436.936    -303.247        -436.936    -303.247              74              74
  107         -26.126    -280.712         -26.126    -280.712             107             107
  241         128.560    -227.274         128.560    -227.274             241             241
   22         352.989     165.967         352.989     165.967              22              22
