SINAL     NFT                         FFT                         NFT INVERSA     FFT INVERSA
-----     -----------------------     -----------------------     -----------     -----------
  171       17029.000       0.000       17029.000       0.000             171             171
  234         275.494     332.773         275.494     332.773             234             234
  137        -123.410     316.573        -123.410     316.573             137             137
   86        1579.449     -33.797        1579.449     -33.797              86              86
  218         286.106    -460.788         286.106    -460.788             218             218
  113         -17.475     642.848         -17.475     642.848             113             113
  207        -300.979    -672.969        -300.979    -672.969             207             207
   46       -1128.962     496.289       -1128.962     496.289              46              46
  138         482.690    -891.365         482.690    -891.365             138             138
  207         -94.901     502.955         -94.901     502.955             207             207
  137        -294.400     -39.191        -294.400     -39.191             137             137
  246         795.364     103.943         795.364     103.943             246             246
  203         523.263     618.167         523.263     618.167             203             203
   33        1192.488    -957.508        1192.488    -957.508              33              33
  113        -372.671     -60.920        -372.671     -60.920             113             113
   38       -1187.368     281.010       -1187.368     281.010              38              38
  134         857.928    -141.307         857.928    -141.307             134             134
  105        -375.770    -337.911        -375.770    -337.911             105             105
   15        -116.292      37.586        -116.292      37.586              15              15
    0        -111.280    -129.248        -111.280    -129.248               0               0
  153         585.479     418.342         585.479     418.342             153             153
  229        -922.522     343.910        -922.522     343.910             229             229
  143         240.903     948.232         240.903     948.232             143             143
    6       -1002.746     -16.694       -1002.746     -16.694               6               6
  155         810.489    -164.606         810.489    -164.606             155             155
  141        -466.552   -1524.512        -466.552   -1524.512             141             141
    1        1443.845    -565.265        1443.845    -565.265               1               1
   84        -224.337   -1040.222        -224.337   -1040.222              84              84
   69         624.454    -740.665         624.454    -740.665              69              69
  194         526.344    1275.274         526.344    1275.274             194             194
   77         120.030     655.029         120.030     655.029              77              77
  240         811.658    -321.815         811.658    -321.815             240             240
  173         497.968     555.004         497.968     555.004             173             173
  215        -289.534      54.405        -289.534      54.405             215             215
   71       -1405.512    -816.760       -1405.512    -816.760              71              71
  135        -586.159     485.778        -586.159     485.778             135             135
   72         401.125     -76.751         401.125     -76.751              72              72
   22          60.308    -853.124          60.308    -853.124              22              22
  182        -641.879    -240.172        -641.879    -240.172             182             182
  211         -12.679    -115.714         -12.679    -115.714             211             211
  230        -774.847     -97.348        -774.847     -97.348             230             230
   63        -805.085     -66.048        -805.085     -66.048              63              63
  201         725.638    -853.640         725.638    -853.640             201             201
  177         366.280     -80.500         366.280     -80.500             177             177
   97         564.704     658.103         564.704     658.103              97              97
   58       -1145.552    -852.233       -1145.552    -852.233              58              58
  215         494.646    -943.022         494.646    -943.022             215             215
  232        1059.849    -766.458        1059.849    -766.458             232             232
  164          56.061    -219.300          56.061    -219.300             164             164
  231          64.184    -357.254          64.184    -357.254             231             231
  233        -808.856    -265.029        -808.856    -265.029             233             233
   61        -125.214     263.822        -125.214     263.822              61              61
  204        -337.674    -108.322        -337.674    -108.322             204             204
  120         414.480     627.540         414.480     627.540             120             120
   68        -157.632     876.060        -157.632     876.060              68              68
  104        -403.026    -817.135        -403.026    -817.135             104             104
    6         381.645     927.938         381.645     927.938               6               6
   69        -461.150    1039.524        -461.150    1039.524              69              69
  188         194.844    -477.144         194.844    -477.144             188             188
   75        -442.120    -463.345        -442.120    -463.345              75              75
    8        -575.464     -75.115        -575.464     -75.115               8               8
   10         656.243     465.540         656.243     465.540              10              10
   60         729.753     -89.090         729.753     -89.090              60              60
  181         240.263     314.337         240.263     314.337             181             181
  226         155.000      -0.009         155.000      -0.009             226             226
  131         240.297    -314.334         240.297    -314.334             131             131
   61         729.737      89.136         729.737      89.136              61              61
   42         656.232    -465.491         656.232    -465.491              42              42
  154        -575.516      75.077        -575.516      75.077             154             154
  244        -442.163     463.297        -442.163     463.297             244             244
  254         194.799     477.106         194.799     477.106             254             254
  128        -461.063   -1039.607        -461.063   -1039.607             128             128
   52         381.720    -927.883         381.720    -927.883              52              52
  199        -403.102     817.103        -403.102     817.103             199             199
   50        -157.545    -876.092        -157.545    -876.092              50              50
  149         414.529    -627.476         414.529    -627.476             149             149
    2        -337.696     108.327        -337.696     108.327               2               2
    9        -125.196    -263.799        -125.196    -263.799               9               9
  126        -808.858     265.001        -808.858     265.001             126             126
  167          64.197     357.286          64.197     357.286             167             167
  240          56.086     219.333          56.086     219.333             240             240
  103        1059.799     766.569        1059.799     766.569             103             103
  229         494.527     943.054         494.527     943.054             229             229
  189       -1145.624     852.086       -1145.624     852.086             189             189
  224         564.789    -658.089         564.789    -658.089             224             224
   41         366.272      80.543         366.272      80.543              41              41
   37         725.526     853.689         725.526     853.689              37              37
  230        -805.134      65.950        -805.134      65.950             230             230
  111        -774.848      97.265        -774.848      97.265             111             111
  226         -12.675     115.702         -12.675     115.702             226             226
   49        -641.879     240.113        -641.879     240.113              49              49
  119          60.270     853.099          60.270     853.099             119             119
  237         401.118      76.732         401.118      76.732             237             237
  109        -586.134    -485.846        -586.134    -485.846             109             109
   45       -1405.537     816.618       -1405.537     816.618              45              45
  207        -289.435     -54.484        -289.435     -54.484             207             207
  241         498.096    -554.988         498.096    -554.988             241             241
  106         811.672     321.856         811.672     321.856             106             106
  250         120.114    -655.052         120.114    -655.052             250             250
  139         526.484   -1275.191         526.484   -1275.191             139             139
   95         624.402     740.782         624.402     740.782              95              95
  248        -224.397    1040.215        -224.397    1040.215             248             248
   11        1443.799     565.378        1443.799     565.378              11              11
  147        -466.696    1524.422        -466.696    1524.422             147             147
  192         810.457     164.586         810.457     164.586             192             192
   61       -1002.758      16.527       -1002.758      16.527              61              61
   41         240.996    -948.264         240.996    -948.264              41              41
  195        -922.462    -344.004        -922.462    -344.004             195             195
   71         585.556    -418.296         585.556    -418.296              71              71
  167        -111.274     129.239        -111.274     129.239             167             167
  106        -116.263     -37.601        -116.263     -37.601             106             106
   56        -375.751     337.867        -375.751     337.867              56              56
   14         857.938     141.350         857.938     141.350              14              14
   79       -1187.316    -281.127       -1187.316    -281.127              79              79
  246        -372.574      60.890        -372.574      60.890             246             246
  238        1192.488     957.571        1192.488     957.571             238             238
  121         523.353    -618.171         523.353    -618.171             121             121
   27         795.387    -103.892         795.387    -103.892              27              27
  213        -294.389      39.146        -294.389      39.146             213             213
  232         -94.812    -502.963         -94.812    -502.963             232             232
  254         482.646     891.390         482.646     891.390             254             254
    6       -1128.865    -496.408       -1128.865    -496.408               6               6
   95        -300.918     672.916        -300.918     672.916              95              95
  235         -17.281    -642.876         -17.281    -642.876             235             235
  116         286.237     460.797         286.237     460.797             116             116
  141        1579.602      33.890        1579.602      33.890             141             141
  186        -123.182    -316.613        -123.182    -316.613             186             186
  101         275.971    -332.759         275.971    -332.759             101             101
