SINAL     NFT                         FFT                         NFT INVERSA     FFT INVERSA
-----     -----------------------     -----------------------     -----------     -----------
  209       16541.000       0.000       16541.000       0.000             209             209
   57         903.156      19.141         903.156      19.141              57              57
  100        -280.393     371.540        -280.393     371.540             100             100
  180       -1071.737     -51.074       -1071.737     -51.074             180             180
   78        -478.524    -709.955        -478.524    -709.955              78              78
   44         -11.466    1244.531         -11.466    1244.531              44              44
   82        1246.341     304.704        1246.341     304.704              82              82
   67         696.703      25.453         696.703      25.453              67              67
   49         -57.349     414.720         -57.349     414.720              49              49
   97         429.828      89.230         429.828      89.230              97              97
  213         489.304    1080.100         489.304    1080.100             213             213
   92         302.312     -53.985         302.312     -53.985              92              92
  201         830.459    -156.396         830.459    -156.396             201             201
  220         382.453    -696.823         382.453    -696.823             220             220
  135         703.442     825.100         703.442     825.100             135             135
  165        -849.707    -424.885        -849.707    -424.885             165             165
   66          16.030     500.264          16.030     500.264              66              66
  215        -302.695    -667.758        -302.695    -667.758             215             215
   53         256.766    1495.680         256.766    1495.680              53              53
  254        -176.708     350.655        -176.708     350.655             254             254
  218         337.028    -414.819         337.028    -414.819             218             218
  245        -198.280     760.881        -198.280     760.881             245             245
  193        -361.789    -527.793        -361.789    -527.793             193             193
   78          64.835     255.769          64.835     255.769              78              78
  177        -459.146     484.459        -459.146     484.459             177             177
  190         498.597     861.428         498.597     861.428             190             190
  175         126.606    -145.890         126.606    -145.890             175             175
   74        -300.338    -237.773        -300.338    -237.773              74              74
   55         -87.964     535.843         -87.964     535.843              55              55
   26        -880.685     363.741        -880.685     363.741              26              26
  201         970.415     696.964         970.415     696.964             201             201
    9           2.750    -570.092           2.750    -570.092               9               9
   83       -1041.006     181.975       -1041.006     181.975              83              83
   46          19.863     363.383          19.863     363.383              46              46
  189         -18.908    -253.248         -18.908    -253.248             189             189
  162        -710.167      36.255        -710.167      36.255             162             162
   91         345.240     305.633         345.240     305.633              91              91
   15          -5.003    -126.054          -5.003    -126.054              15              15
  229         952.928    -444.279         952.928    -444.279             229             229
  140        1227.860     114.715        1227.860     114.715             140             140
  112         931.322    1461.280         931.322    1461.280             112             112
  186        -576.400     131.773        -576.400     131.773             186             186
  233         -86.437   -1112.054         -86.437   -1112.054             233             233
   58         695.785     390.696         695.785     390.696              58              58
  151         988.883    -572.803         988.883    -572.803             151             151
  112       -1125.565     553.379       -1125.565     553.379             112             112
  223         930.123     -91.248         930.123     -91.248             223             223
  217         572.507       6.803         572.507       6.803             217             217
   71         445.932     348.280         445.932     348.280              71              71
   20         -23.705     566.792         -23.705     566.792              20              20
  216        -315.510    1121.643        -315.510    1121.643             216             216
   34        -587.381     776.989        -587.381     776.989              34              34
    9         168.219    -395.024         168.219    -395.024               9               9
  153         315.028      31.021         315.028      31.021             153             153
  112        -408.401    -502.438        -408.401    -502.438             112             112
  187         309.535    -970.865         309.535    -970.865             187             187
   88        -154.938     631.506        -154.938     631.506              88              88
   31       -1403.237    -866.099       -1403.237    -866.099              31              31
    5         311.240     775.649         311.240     775.649               5               5
  143        -590.145     288.594        -590.145     288.594             143             143
   57         520.688    -180.763         520.688    -180.763              57              57
  207         911.203    -677.978         911.203    -677.978             207             207
  152        -643.775    -383.564        -643.775    -383.564             152             152
  141          40.693     253.421          40.693     253.421             141             141
  254         737.000       0.021         737.000       0.021             254             254
   86          40.688    -253.422          40.688    -253.422              86              86
   47        -643.794     383.511        -643.794     383.511              47              47
   89         911.160     678.023         911.160     678.023              89              89
  101         520.632     180.751         520.632     180.751             101             101
   21        -590.151    -288.693        -590.151    -288.693              21              21
  229         311.274    -775.628         311.274    -775.628             229             229
  214       -1403.315     865.969       -1403.315     865.969             214             214
  208        -154.842    -631.535        -154.842    -631.535             208             208
  206         309.472     970.879         309.472     970.879             206             206
   16        -408.425     502.344        -408.425     502.344              16              16
  103         315.053     -31.058         315.053     -31.058             103             103
   63         168.183     394.958         168.183     394.958              63              63
  239        -587.307    -777.123        -587.307    -777.123             239             239
   65        -315.376   -1121.705        -315.376   -1121.705              65              65
  134         -23.604    -566.797         -23.604    -566.797             134             134
    4         446.008    -348.238         446.008    -348.238               4               4
   25         572.536      -6.756         572.536      -6.756              25              25
  169         930.101      91.309         930.101      91.309             169             169
   13       -1125.502    -553.476       -1125.502    -553.476              13              13
  179         988.881     572.879         988.881     572.879             179             179
   25         695.811    -390.648         695.811    -390.648              25              25
  201         -86.541    1112.013         -86.541    1112.013             201             201
   12        -576.350    -131.904        -576.350    -131.904              12              12
   57         931.499   -1461.230         931.499   -1461.230              57              57
  207        1227.873    -114.591        1227.873    -114.591             207             207
  155         952.848     444.353         952.848     444.353             155             155
  115          -5.061     126.020          -5.061     126.020             115             115
  159         345.220    -305.631         345.220    -305.631             159             159
   52        -710.193     -36.330        -710.193     -36.330              52              52
    0         -18.933     253.216         -18.933     253.216              -0              -0
  157          19.873    -363.415          19.873    -363.415             157             157
  138       -1040.982    -182.076       -1040.982    -182.076             138             138
   47           2.748     570.052           2.748     570.052              47              47
  246         970.469    -696.932         970.469    -696.932             246             246
  240        -880.666    -363.838        -880.666    -363.838             240             240
   69         -87.896    -535.857         -87.896    -535.857              69              69
  220        -300.329     237.739        -300.329     237.739             220             220
  198         126.629     145.857         126.629     145.857             198             198
   21         498.676    -861.420         498.676    -861.420              21              21
  171        -459.099    -484.498        -459.099    -484.498             171             171
  215          64.876    -255.753          64.876    -255.753             215             215
  124        -361.810     527.744        -361.810     527.744             124             124
  234        -198.172    -760.916        -198.172    -760.916             234             234
  198         337.028     414.830         337.028     414.830             198             198
  190        -176.647    -350.717        -176.647    -350.717             190             190
  113         256.921   -1495.648         256.921   -1495.648             113             113
  202        -302.720     667.754        -302.720     667.754             202             202
  215          16.110    -500.265          16.110    -500.265             215             215
   26        -849.669     424.806        -849.669     424.806              26              26
  216         703.601    -825.038         703.601    -825.038             216             216
  139         382.462     696.863         382.462     696.863             139             139
   52         830.497     156.435         830.497     156.435              52              52
  162         302.348      53.963         302.348      53.963             162             162
  151         489.440   -1080.080         489.440   -1080.080             151             151
  109         429.874     -89.190         429.874     -89.190             109             109
  113         -57.255    -414.725         -57.255    -414.725             113             113
   50         696.780     -25.397         696.780     -25.397              50              50
  225        1246.400    -304.615        1246.400    -304.615             225             225
   17         -11.345   -1244.501         -11.345   -1244.501              17              17
  103        -478.522     709.954        -478.522     709.954             103             103
  225       -1071.593      50.979       -1071.593      50.979             225             225
  174        -280.092    -371.557        -280.092    -371.557             174             174
  242         903.620     -19.047         903.620     -19.047             242             242
