SINAL     NFT                         FFT                         NFT INVERSA     FFT INVERSA
-----     -----------------------     -----------------------     -----------     -----------
   12       16051.000       0.000       16051.000       0.000              12              12
   93        -941.668    -365.381        -941.668    -365.381              93              93
   54        -721.077      -7.971        -721.077      -7.971              54              54
   39         -94.747    -227.856         -94.747    -227.856              39              39
   81        -826.552    -373.301        -826.552    -373.301              81              81
   69        -230.773     850.503        -230.773     850.503              69              69
  167        -303.704    -160.677        -303.704    -160.677             167             167
  140         -58.603     -66.358         -58.603     -66.358             140             140
  146        -375.318    -187.374        -375.318    -187.374             146             146
  202        -893.996     573.755        -893.996     573.755             202             202
   18          85.003     583.796          85.003     583.796              18              18
   90         -43.763   -1091.099         -43.763   -1091.099              90              90
   94          -7.326    -124.833          -7.326    -124.833              94              94
  155       -1099.233      22.168       -1099.233      22.168             155             155
  157         461.286    -304.886         461.286    -304.886             157             157
  218          82.790    1918.576          82.790    1918.576             218             218
  138         557.541     299.974         557.541     299.974             138             138
  103        1075.623    -653.654        1075.623    -653.654             103             103
  139           2.368    -218.571           2.368    -218.571             139             139
  153        -277.920     671.160        -277.920     671.160             153             153
   22        -307.248    -295.873        -307.248    -295.873              22              22
    9        -253.441     254.525        -253.441     254.525               9               9
  232         516.008   -1430.981         516.008   -1430.981             232             232
  245         149.729    -404.615         149.729    -404.615             245             245
  255         198.107     693.707         198.107     693.707             255             255
  154        -179.941       1.761        -179.941       1.761             154             154
  133        -634.417     531.645        -634.417     531.645             133             133
   73         204.857     544.209         204.857     544.209              73              73
    6        1400.489     166.813        1400.489     166.813               6               6
  119        -955.470    -326.341        -955.470    -326.341             119             119
   96        -426.572     149.594        -426.572     149.594              96              96
   19         435.761     372.938         435.761     372.938              19              19
  212       -1104.013     292.969       -1104.013     292.969             212             212
  150        -240.856    -535.999        -240.856    -535.999             150             150
   59         158.062     439.911         158.062     439.911              59              59
   38         430.859    -160.971         430.859    -160.971              38              38
  219        -353.856    -474.733        -353.856    -474.733             219             219
  226       -1306.031    -167.997       -1306.031    -167.997             226             226
  178         137.983     753.470         137.983     753.470             178             178
  110       -1333.449     373.530       -1333.449     373.530             110             110
  173         396.424    -465.114         396.424    -465.114             173             173
  197         -55.527    -794.278         -55.527    -794.278             197             197
  201          62.521     868.361          62.521     868.361             201             201
   11          21.391    -235.314          21.391    -235.314              11              11
   96        -943.662    -296.031        -943.662    -296.031              96              96
  103         209.339   -1265.630         209.339   -1265.630             103             103
  230        -578.712      60.606        -578.712      60.606             230             230
  235         731.694   -1204.853         731.694   -1204.853             235             235
  206         270.440     351.993         270.440     351.993             206             206
  113        -451.066    -762.710        -451.066    -762.710             113             113
  132        -124.545    -525.658        -124.545    -525.658             132             132
  229          84.952     315.399          84.952     315.399             229             229
  123        -196.636     461.458        -196.636     461.458             123             123
  109         114.549    -542.840         114.549    -542.840             109             109
  218          12.273      49.387          12.273      49.387             218             218
  122        -174.400     522.917        -174.400     522.917             122             122
    8         228.786     173.829         228.786     173.829               8               8
   96        -691.527     732.600        -691.527     732.600              96              96
  196         750.980    -972.583         750.980    -972.583             196             196
   14         319.037     661.219         319.037     661.219              14              14
  215          10.770    -164.404          10.770    -164.404             215             215
   36        -122.565    -184.917        -122.565    -184.917              36              36
   34        -101.394    -897.595        -101.394    -897.595              34              34
  171         -23.603     670.833         -23.603     670.833             171             171
  186         133.000       0.002         133.000       0.002             186             186
   93         -23.551    -670.807         -23.551    -670.807              93              93
  210        -101.469     897.612        -101.469     897.612             210             210
  150        -122.573     184.895        -122.573     184.895             150             150
   63          10.772     164.386          10.772     164.386              63              63
  133         319.104    -661.183         319.104    -661.183             133             133
    5         750.872     972.639         750.872     972.639               5               5
  236        -691.488    -732.682        -691.488    -732.682             236             236
   74         228.800    -173.804         228.800    -173.804              74              74
  207        -174.364    -522.912        -174.364    -522.912             207             207
  248          12.276     -49.349          12.276     -49.349             248             248
  171         114.494     542.861         114.494     542.861             171             171
   54        -196.605    -461.467        -196.605    -461.467              54              54
  223          84.972    -315.347          84.972    -315.347             223             223
  150        -124.601     525.695        -124.601     525.695             150             150
    4        -451.121     762.681        -451.121     762.681               4               4
   81         270.487    -351.948         270.487    -351.948              81              81
   27         731.568    1204.930         731.568    1204.930              27              27
  233        -578.737     -60.651        -578.737     -60.651             233             233
  204         209.209    1265.638         209.209    1265.638             204             204
  136        -943.696     295.907        -943.696     295.907             136             136
  195          21.387     235.268          21.387     235.268             195             195
   70          62.592    -868.364          62.592    -868.364              70              70
  144         -55.601     794.278         -55.601     794.278             144             144
   35         396.347     465.103         396.347     465.103              35              35
   10       -1333.438    -373.686       -1333.438    -373.686              10              10
  159         138.045    -753.460         138.045    -753.460             159             159
  251       -1306.036     167.907       -1306.036     167.907             251             251
   46        -353.841     474.697        -353.841     474.697              46              46
  193         430.878     160.978         430.878     160.978             193             193
  167         158.096    -439.909         158.096    -439.909             167             167
  233        -240.915     535.964        -240.915     535.964             233             233
   30       -1103.962    -293.093       -1103.962    -293.093              30              30
  121         435.826    -372.911         435.826    -372.911             121             121
  128        -426.549    -149.626        -426.549    -149.626             128             128
   94        -955.432     326.250        -955.432     326.250              94              94
  255        1400.550    -166.724        1400.550    -166.724             255             255
  133         204.883    -544.206         204.883    -544.206             133             133
   75        -634.369    -531.686        -634.369    -531.686              75              75
   74        -179.905      -1.762        -179.905      -1.762              74              74
   84         198.198    -693.657         198.198    -693.657              84              84
   68         149.719     404.683         149.719     404.683              68              68
  245         515.892    1431.016         515.892    1431.016             245             245
  139        -253.425    -254.583        -253.425    -254.583             139             139
   35        -307.257     295.820        -307.257     295.820              35              35
  140        -277.827    -671.196        -277.827    -671.196             140             140
  143           2.406     218.580           2.406     218.580             143             143
  116        1075.600     653.711        1075.600     653.711             116             116
  168         557.553    -299.992         557.553    -299.992             168             168
  121          82.934   -1918.560          82.934   -1918.560             121             121
   65         461.227     304.977         461.227     304.977              65              65
   48       -1099.243     -22.236       -1099.243     -22.236              48              48
   61          -7.311     124.860          -7.311     124.860              61              61
  135         -43.841    1091.078         -43.841    1091.078             135             135
  193          85.049    -583.826          85.049    -583.826             193             193
   97        -893.935    -573.820        -893.935    -573.820              97              97
  146        -375.286     187.360        -375.286     187.360             146             146
   97         -58.563      66.355         -58.563      66.355              97              97
   92        -303.671     160.638        -303.671     160.638              92              92
  193        -230.648    -850.511        -230.648    -850.511             193             193
   34        -826.494     373.261        -826.494     373.261              34              34
    3         -94.640     227.852         -94.640     227.852               3               3
  171        -720.889       7.914        -720.889       7.914             171             171
   65        -941.265     365.296        -941.265     365.296              65              65
