SINAL     NFT                         FFT                         NFT INVERSA     FFT INVERSA
-----     -----------------------     -----------------------     -----------     -----------
   74       15269.000       0.000       15269.000       0.000              74              74
  101        -147.980    -815.452        -147.980    -815.452             101             101
  158        1116.532     531.018        1116.532     531.018             158             158
   91          56.532     904.701          56.532     904.701              91              91
    1        -436.422    1215.987        -436.422    1215.987               1               1
   85        1017.968    -978.185        1017.968    -978.185              85              85
  255         611.187    -529.136         611.187    -529.136             255             255
  190         -37.729    1074.198         -37.729    1074.198             190             190
  139        -248.816    -583.834        -248.816    -583.834             139             139
   27          24.279    1373.604          24.279    1373.604              27              27
  142       -1371.809     519.306       -1371.809     519.306             142             142
  107        -163.936     -62.100        -163.936     -62.100             107             107
   54         337.617    -127.888         337.617    -127.888              54              54
   10          73.953    1142.709          73.953    1142.709              10              10
  159        -431.991     569.163        -431.991     569.163             159             159
   15         373.859     -27.879         373.859     -27.879              15              15
   34        -748.452     145.970        -748.452     145.970              34              34
  226        1029.020       0.112        1029.020       0.112             226             226
   44          72.707     487.939          72.707     487.939              44              44
   52         475.296    -289.016         475.296    -289.016              52              52
  170        -460.299     -93.778        -460.299     -93.778             170             170
  119         282.013     968.626         282.013     968.626             119             119
  231         676.057   -1064.883         676.057   -1064.883             231             231
   45        -995.549     721.256        -995.549     721.256              45              45
  226          48.002    -681.042          48.002    -681.042             226             226
   71         472.424    -602.067         472.424    -602.067              71              71
  252        -862.823    -359.326        -862.823    -359.326             252             252
  118        -292.601    -431.307        -292.601    -431.307             118             118
   73        -565.332    -881.817        -565.332    -881.817              73              73
  236          77.373     987.950          77.373     987.950             236             236
  142           2.320    -324.111           2.320    -324.111             142             142
  148        -363.154     682.149        -363.154     682.149             148             148
   82       -1158.002    -243.026       -1158.002    -243.026              82              82
   44       -1271.254    -222.289       -1271.254    -222.289              44              44
  239         299.335    1104.359         299.335    1104.359             239             239
   84        -354.907     100.913        -354.907     100.913              84              84
  130         104.975    -286.528         104.975    -286.528             130             130
  239          96.581    1274.758          96.581    1274.758             239             239
   18        1279.932    -447.688        1279.932    -447.688              18              18
   14        -880.129     487.481        -880.129     487.481              14              14
   10        -473.266    -511.971        -473.266    -511.971              10              10
  160        -640.849     -65.986        -640.849     -65.986             160             160
  121        -772.373    -324.380        -772.373    -324.380             121             121
   65        -190.282      68.166        -190.282      68.166              65              65
  171          28.686      -7.461          28.686      -7.461             171             171
   24        1417.888    -562.164        1417.888    -562.164              24              24
   81         526.150    -175.383         526.150    -175.383              81              81
  205         687.208     255.401         687.208     255.401             205             205
  251        -161.572     307.976        -161.572     307.976             251             251
  125         609.100     347.058         609.100     347.058             125             125
    1       -1071.588    -812.158       -1071.588    -812.158               1               1
  165        -258.222     496.977        -258.222     496.977             165             165
  245         404.604    1188.922         404.604    1188.922             245             245
  232         944.979    -141.161         944.979    -141.161             232             232
  210        -401.163    -311.731        -401.163    -311.731             210             210
  215        -735.410    -288.398        -735.410    -288.398             215             215
   47        -597.894    -178.771        -597.894    -178.771              47              47
  207        -463.692    -232.236        -463.692    -232.236             207             207
   78         491.327     536.312         491.327     536.312              78              78
  121         430.298    -144.177         430.298    -144.177             121             121
  188        -189.837     201.762        -189.837     201.762             188             188
  220        -197.119     330.497        -197.119     330.497             220             220
   13        -851.834     382.869        -851.834     382.869              13              13
   15        1003.860     473.342        1003.860     473.342              15              15
    9        -349.000      -0.041        -349.000      -0.041               9               9
  252        1003.879    -473.297        1003.879    -473.297             252             252
   99        -851.832    -382.958        -851.832    -382.958              99              99
  140        -197.082    -330.520        -197.082    -330.520             140             140
  236        -189.802    -201.775        -189.802    -201.775             236             236
  117         430.296     144.205         430.296     144.205             117             117
  154         491.344    -536.268         491.344    -536.268             154             154
  247        -463.747     232.211        -463.747     232.211             247             247
   22        -597.918     178.720        -597.918     178.720              22              22
   20        -735.412     288.326        -735.412     288.326              20              20
   56        -401.132     311.668        -401.132     311.668              56              56
  193         945.001     141.186         945.001     141.186             193             193
   45         404.685   -1188.913         404.685   -1188.913              45              45
  138        -258.205    -496.966        -258.205    -496.966             138             138
  143       -1071.628     812.073       -1071.628     812.073             143             143
   40         609.172    -347.030         609.172    -347.030              40              40
    7        -161.516    -307.990        -161.516    -307.990               7               7
  144         687.260    -255.327         687.260    -255.327             144             144
  205         526.149     175.448         526.149     175.448             205             205
  253        1417.807     562.279        1417.807     562.279             253             253
  121          28.614       7.445          28.614       7.445             121             121
  160        -190.336     -68.187        -190.336     -68.187             160             160
  213        -772.437     324.307        -772.437     324.307             213             213
  169        -640.860      65.918        -640.860      65.918             169             169
  112        -473.299     511.898        -473.299     511.898             112             112
   35        -880.037    -487.586        -880.037    -487.586              35              35
   34        1279.925     447.755        1279.925     447.755              34              34
   44          96.663   -1274.770          96.663   -1274.770              44              44
    0         104.924     286.542         104.924     286.542              -0              -0
   47        -354.919    -100.970        -354.919    -100.970              47              47
   59         299.388   -1104.328         299.388   -1104.328              59              59
    9       -1271.308     222.211       -1271.308     222.211               9               9
   44       -1157.995     242.922       -1157.995     242.922              44              44
  159        -363.047    -682.175        -363.047    -682.175             159             159
  149           2.330     324.120           2.330     324.120             149             149
   25          77.468    -987.912          77.468    -987.912              25              25
   20        -565.393     881.814        -565.393     881.814              20              20
   48        -292.612     431.286        -292.612     431.286              48              48
   16        -862.801     359.254        -862.801     359.254              16              16
   43         472.427     602.094         472.427     602.094              43              43
   68          47.961     680.999          47.961     680.999              68              68
   73        -995.437    -721.366        -995.437    -721.366              73              73
  237         676.031    1064.904         676.031    1064.904             237             237
  113         282.116    -968.644         282.116    -968.644             113             113
  211        -460.268      93.734        -460.268      93.734             211             211
  125         475.319     289.025         475.319     289.025             125             125
  154          72.788    -487.963          72.788    -487.963             154             154
  219        1029.027      -0.044        1029.027      -0.044             219             219
   14        -748.434    -146.058        -748.434    -146.058              14              14
  103         373.883      27.874         373.883      27.874             103             103
  216        -431.919    -569.240        -431.919    -569.240             216             216
  135          74.091   -1142.699          74.091   -1142.699             135             135
    8         337.628     127.935         337.628     127.935               8               8
  173        -163.939      62.069        -163.939      62.069             173             173
   48       -1371.713    -519.448       -1371.713    -519.448              48              48
  120          24.485   -1373.577          24.485   -1373.577             120             120
  209        -248.775     583.839        -248.775     583.839             209             209
   82         -37.528   -1074.176         -37.528   -1074.176              82              82
  164         611.256     529.232         611.256     529.232             164             164
  209        1017.963     978.239        1017.963     978.239             209             209
  130        -436.227   -1216.059        -436.227   -1216.059             130             130
  224          56.775    -904.666          56.775    -904.666             224             224
  218        1116.780    -530.858        1116.780    -530.858             218             218
  174        -147.665     815.482        -147.665     815.482             174             174
