SINAL     NFT                         FFT                         NFT INVERSA     FFT INVERSA
-----     -----------------------     -----------------------     -----------     -----------
   64       16108.000       0.000       16108.000       0.000              64              64
   80         123.476     108.425         123.476     108.425              80              80
  220         -43.651     232.030         -43.651     232.030             220             220
   19         789.415    -538.629         789.415    -538.629              19              19
  114       -1206.780     292.116       -1206.780     292.116             114             114
   81         138.230     633.265         138.230     633.265              81              81
   39        -303.473     140.553        -303.473     140.553              39              39
   79         271.043    1138.103         271.043    1138.103              79              79
  200         237.461      73.220         237.461      73.220             200             200
  143         896.414     397.471         896.414     397.471             143             143
  184       -1162.483     938.261       -1162.483     938.261             184             184
  128        -871.293    -836.814        -871.293    -836.814             128             128
   21         726.035    -300.827         726.035    -300.827              21              21
  210         329.333     662.132         329.333     662.132             210             210
  183         142.415     876.635         142.415     876.635             183             183
  142          82.300    -554.661          82.300    -554.661             142             142
  151        -134.923    -497.706        -134.923    -497.706             151             151
  214         440.231     401.647         440.231     401.647             214             214
  171        -445.535    -837.744        -445.535    -837.744             171             171
   95        -454.013     312.766        -454.013     312.766              95              95
  231         353.394    -412.237         353.394    -412.237             231             231
   62        -633.019    -248.434        -633.019    -248.434              62              62
    6         235.260    -753.494         235.260    -753.494               6               6
  145        -680.388    1023.338        -680.388    1023.338             145             145
   62         161.363     487.466         161.363     487.466              62              62
  116        -967.916    -127.245        -967.916    -127.245             116             116
   42         232.334     296.855         232.334     296.855              42              42
  219        -260.156      77.340        -260.156      77.340             219             219
   45         988.743     177.319         988.743     177.319              45              45
   87        -253.900     370.571        -253.900     370.571              87              87
  110        -867.378      90.316        -867.378      90.316             110             110
  109        -292.098     290.502        -292.098     290.502             109             109
  167       -1267.979    -894.038       -1267.979    -894.038             167             167
   75          32.635    -815.212          32.635    -815.212              75              75
  129         428.110    -721.346         428.110    -721.346             129             129
   25        -728.009     283.495        -728.009     283.495              25              25
  156         112.020     368.733         112.020     368.733             156             156
  169        -616.531     448.653        -616.531     448.653             169             169
  104         212.134    -741.713         212.134    -741.713             104             104
  101        1054.797    -696.204        1054.797    -696.204             101             101
   56        -588.905      52.507        -588.905      52.507              56              56
   33        -961.956    -401.474        -961.956    -401.474              33              33
  230         143.038     165.140         143.038     165.140             230             230
   78        -333.243    1114.143        -333.243    1114.143              78              78
  244        -374.647      12.061        -374.647      12.061             244             244
  157          41.019     651.012          41.019     651.012             157             157
  221         138.986    1111.431         138.986    1111.431             221             221
  139       -1312.442    -208.267       -1312.442    -208.267             139             139
  116          48.916     636.286          48.916     636.286             116             116
  137        -619.894     142.397        -619.894     142.397             137             137
  235        -180.395    -679.244        -180.395    -679.244             235             235
   92         -56.531     -61.721         -56.531     -61.721              92              92
  199         825.787    -456.531         825.787    -456.531             199             199
  242         127.477    -598.414         127.477    -598.414             242             242
  237       -1122.034      20.314       -1122.034      20.314             237             237
    5         238.108     437.935         238.108     437.935               5               5
  102          -5.945     358.257          -5.945     358.257             102             102
   24         696.806    -116.515         696.806    -116.515              24              24
  225         114.392    -269.049         114.392    -269.049             225             225
  147           5.035    -218.968           5.035    -218.968             147             147
  111         335.481     -56.470         335.481     -56.470             111             111
   79         985.409     427.952         985.409     427.952              79              79
    1         862.342    -995.160         862.342    -995.160               1               1
   23         -90.402     853.843         -90.402     853.843              23              23
  154         656.000       0.013         656.000       0.013             154             154
  131         -90.323    -853.838         -90.323    -853.838             131             131
   48         862.273     995.238         862.273     995.238              48              48
   55         985.418    -427.888         985.418    -427.888              55              55
   45         335.430      56.504         335.430      56.504              45              45
  153           4.984     218.967           4.984     218.967             153             153
  156         114.353     269.044         114.353     269.044             156             156
  102         696.763     116.546         696.763     116.546             102             102
  187          -5.962    -358.279          -5.962    -358.279             187             187
  131         238.089    -437.908         238.089    -437.908             131             131
  180       -1122.055     -20.382       -1122.055     -20.382             180             180
  175         127.445     598.434         127.445     598.434             175             175
   33         825.726     456.581         825.726     456.581              33              33
  146         -56.588      61.696         -56.588      61.696             146             146
   59        -180.499     679.191        -180.499     679.191              59              59
  149        -619.910    -142.509        -619.910    -142.509             149             149
   27          48.938    -636.315          48.938    -636.315              27              27
   38       -1312.465     208.119       -1312.465     208.119              38              38
  241         139.100   -1111.451         139.100   -1111.451             241             241
  227          41.065    -650.996          41.065    -650.996             227             227
   25        -374.657     -12.091        -374.657     -12.091              25              25
  223        -333.146   -1114.152        -333.146   -1114.152             223             223
  232         143.041    -165.073         143.041    -165.073             232             232
  127        -961.990     401.428        -961.990     401.428             127             127
  248        -588.847     -52.528        -588.847     -52.528             248             248
  201        1054.764     696.312        1054.764     696.312             201             201
   19         212.041     741.704         212.041     741.704              19              19
  104        -616.507    -448.733        -616.507    -448.733             104             104
   25         112.046    -368.717         112.046    -368.717              25              25
   21        -727.979    -283.520        -727.979    -283.520              21              21
  127         428.057     721.415         428.057     721.415             127             127
  179          32.531     815.211          32.531     815.211             179             179
  152       -1268.062     893.885       -1268.062     893.885             152             152
  176        -292.051    -290.581        -292.051    -290.581             176             176
  235        -867.334     -90.423        -867.334     -90.423             235             235
  198        -253.802    -370.616        -253.802    -370.616             198             198
   73         988.786    -177.247         988.786    -177.247              73              73
  136        -260.152     -77.375        -260.152     -77.375             136             136
   44         232.352    -296.843         232.352    -296.843              44              44
    5        -967.917     127.151        -967.917     127.151               5               5
   11         161.428    -487.471         161.428    -487.471              11              11
  225        -680.275   -1023.360        -680.275   -1023.360             225             225
  180         235.227     753.554         235.227     753.554             180             180
   44        -633.007     248.384        -633.007     248.384              44              44
  115         353.392     412.255         353.392     412.255             115             115
  240        -453.964    -312.805        -453.964    -312.805             240             240
  193        -445.551     837.695        -445.551     837.695             193             193
  143         440.314    -401.630         440.314    -401.630             143             143
   23        -134.929     497.685        -134.929     497.685              23              23
  179          82.299     554.614          82.299     554.614             179             179
  114         142.532    -876.669         142.532    -876.669             114             114
   48         329.426    -662.096         329.426    -662.096              48              48
  147         726.010     300.903         726.010     300.903             147             147
   91        -871.363     836.699        -871.363     836.699              91              91
  175       -1162.322    -938.406       -1162.322    -938.406             175             175
  139         896.537    -397.405         896.537    -397.405             139             139
   37         237.516     -73.222         237.516     -73.222              37              37
  195         271.182   -1138.082         271.182   -1138.082             195             195
  243        -303.404    -140.558        -303.404    -140.558             243             243
   62         138.352    -633.232         138.352    -633.232              62              62
  216       -1206.629    -292.172       -1206.629    -292.172             216             216
  115         789.545     538.718         789.545     538.718             115             115
  242         -43.419    -232.028         -43.419    -232.028             242             242
  113         123.915    -108.396         123.915    -108.396             113             113
