SINAL     NFT                         FFT                         NFT INVERSA     FFT INVERSA
-----     -----------------------     -----------------------     -----------     -----------
    2       14721.000       0.000       14721.000       0.000               2               2
   95        -872.524    -610.151        -872.524    -610.151              95              95
   71         194.145   -1132.738         194.145   -1132.738              71              71
  225         192.395    -127.430         192.395    -127.430             225             225
   67         433.625    -691.502         433.625    -691.502              67              67
  117        -488.084    1136.299        -488.084    1136.299             117             117
   99       -1117.918      22.514       -1117.918      22.514              99              99
  242         -56.705    -325.885         -56.705    -325.885             242             242
  233        -766.556    -116.280        -766.556    -116.280             233             233
  114        -477.724    -841.721        -477.724    -841.721             114             114
   77          50.136    -561.502          50.136    -561.502              77              77
  101        -883.414    -222.386        -883.414    -222.386             101             101
   68          23.271      17.112          23.271      17.112              68              68
  182         577.698    1196.290         577.698    1196.290             182             182
  129        -852.887    -341.379        -852.887    -341.379             129             129
   92         367.091     390.842         367.091     390.842              92              92
  207         309.231    -277.465         309.231    -277.465             207             207
   81        -344.354     559.254        -344.354     559.254              81              81
  205         131.388    -665.136         131.388    -665.136             205             205
  211        -207.361    -119.261        -207.361    -119.261             211             211
   73        -416.266     498.738        -416.266     498.738              73              73
  106         518.035   -1537.068         518.035   -1537.068             106             106
   29        -350.366     494.032        -350.366     494.032              29              29
  169        -131.512    -424.628        -131.512    -424.628             169             169
   57       -1073.103    -837.122       -1073.103    -837.122              57              57
  172        -968.496     784.950        -968.496     784.950             172             172
   67         380.251     128.061         380.251     128.061              67              67
   19        -385.252     592.039        -385.252     592.039              19              19
  179        -328.470     -19.115        -328.470     -19.115             179             179
  192        -928.607     210.798        -928.607     210.798             192             192
   69        -276.326    -100.927        -276.326    -100.927              69              69
  182         270.701     289.917         270.701     289.917             182             182
   31         -65.986    -493.003         -65.986    -493.003              31              31
  141        -291.843     415.331        -291.843     415.331             141             141
  151         675.670    -501.266         675.670    -501.266             151             151
   99          10.883     635.465          10.883     635.465              99              99
    3        -767.885    -978.382        -767.885    -978.382               3               3
  251        1136.226    -731.428        1136.226    -731.428             251             251
   85         504.382     284.647         504.382     284.647              85              85
  237         -11.409     687.243         -11.409     687.243             237             237
  109          19.318    -166.928          19.318    -166.928             109             109
  163         497.017     501.521         497.017     501.521             163             163
   82          75.070    -944.172          75.070    -944.172              82              82
  178        -579.346      24.261        -579.346      24.261             178             178
   89        -340.524     538.769        -340.524     538.769              89              89
  211          71.372     511.550          71.372     511.550             211             211
   15         -63.549     222.600         -63.549     222.600              15              15
   41        -813.074    -826.314        -813.074    -826.314              41              41
   36         720.746     960.549         720.746     960.549              36              36
  220         119.964    -266.914         119.964    -266.914             220             220
  253         276.515    -532.991         276.515    -532.991             253             253
  110        -559.385    -655.849        -559.385    -655.849             110             110
   71        -641.678    -893.335        -641.678    -893.335              71              71
   27        -364.213    -543.205        -364.213    -543.205              27              27
   24        -201.014    -246.709        -201.014    -246.709              24              24
  128        1069.530    -815.161        1069.530    -815.161             128             128
  199         428.334     245.936         428.334     245.936             199             199
   91         102.857   -1062.100         102.857   -1062.100              91              91
  148         -65.862    -438.295         -65.862    -438.295             148             148
  123         783.566     -19.258         783.566     -19.258             123             123
   28           5.945       6.825           5.945       6.825              28              28
  218        -691.584    1007.442        -691.584    1007.442             218             218
   50         -63.588     233.109         -63.588     233.109              50              50
   60         105.574   -1136.687         105.574   -1136.687              60              60
  103       -1673.000      -0.039       -1673.000      -0.039             103             103
  202         105.519    1136.709         105.519    1136.709             202             202
  159         -63.559    -233.140         -63.559    -233.140             159             159
  106        -691.472   -1007.476        -691.472   -1007.476             106             106
  197           5.999      -6.767           5.999      -6.767             197             197
  245         783.586      19.380         783.586      19.380             245             245
   88         -65.897     438.346         -65.897     438.346              88              88
   51         102.786    1062.126         102.786    1062.126              51              51
  153         428.370    -245.885         428.370    -245.885             153             153
  170        1069.434     815.275        1069.434     815.275             170             170
  230        -201.088     246.703        -201.088     246.703             230             230
  243        -364.291     543.192        -364.291     543.192             243             243
  126        -641.761     893.279        -641.761     893.279             126             126
  245        -559.415     655.776        -559.415     655.776             245             245
   28         276.497     532.972         276.497     532.972              28              28
  163         119.953     266.866         119.953     266.866             163             163
  210         720.804    -960.506         720.804    -960.506             210             210
   26        -813.163     826.236        -813.163     826.236              26              26
   17         -63.519    -222.648         -63.519    -222.648              17              17
   26          71.412    -511.563          71.412    -511.563              26              26
   53        -340.483    -538.786        -340.483    -538.786              53              53
   41        -579.321     -24.278        -579.321     -24.278              41              41
  155          75.031     944.171          75.031     944.171             155             155
  253         497.076    -501.502         497.076    -501.502             253             253
  133          19.308     166.920          19.308     166.920             133             133
   48         -11.332    -687.242         -11.332    -687.242              48              48
  120         504.425    -284.563         504.425    -284.563             120             120
  162        1136.131     731.556        1136.131     731.556             162             162
   10        -768.003     978.292        -768.003     978.292              10              10
  171          10.944    -635.487          10.944    -635.487             171             171
  222         675.609     501.314         675.609     501.314             222             222
  114        -291.841    -415.364        -291.841    -415.364             114             114
  118         -66.042     492.990         -66.042     492.990             118             118
  126         270.694    -289.911         270.694    -289.911             126             126
  221        -276.381     100.894        -276.381     100.894             221             221
   59        -928.608    -210.887        -928.608    -210.887              59              59
  116        -328.466      19.074        -328.466      19.074             116             116
   53        -385.192    -592.074        -385.192    -592.074              53              53
  111         380.246    -128.017         380.246    -128.017             111             111
   13        -968.455    -784.990        -968.455    -784.990              13              13
  223       -1073.145     837.075       -1073.145     837.075             223             223
   85        -131.504     424.612        -131.504     424.612              85              85
    0        -350.282    -494.038        -350.282    -494.038               0               0
   93         517.929    1537.108         517.929    1537.108              93              93
   75        -416.216    -498.805        -416.216    -498.805              75              75
   29        -207.343     119.248        -207.343     119.248              29              29
    0         131.354     665.123         131.354     665.123               0               0
   30        -344.281    -559.305        -344.281    -559.305              30              30
   55         309.236     277.481         309.236     277.481              55              55
   18         367.118    -390.821         367.118    -390.821              18              18
   56        -852.900     341.288        -852.900     341.288              56              56
  109         577.822   -1196.239         577.822   -1196.239             109             109
   60          23.258     -17.064          23.258     -17.064              60              60
  211        -883.422     222.350        -883.422     222.350             211             211
  106          50.114     561.530          50.114     561.530             106             106
  194        -477.779     841.671        -477.779     841.671             194             194
    3        -766.521     116.190        -766.521     116.190               3               3
  227         -56.684     325.853         -56.684     325.853             227             227
  100       -1117.846     -22.647       -1117.846     -22.647             100             100
   14        -487.864   -1136.329        -487.864   -1136.329              14              14
  142         433.695     691.571         433.695     691.571             142             142
   67         192.512     127.459         192.512     127.459              67              67
  128         194.218    1132.744         194.218    1132.744             128             128
    5        -872.196     610.019        -872.196     610.019               5               5
