SINAL     NFT                         FFT                         NFT INVERSA     FFT INVERSA
-----     -----------------------     -----------------------     -----------     -----------
  194       16458.000       0.000       16458.000       0.000             194             194
  142        -939.040     302.746        -939.040     302.746             142             142
  226         545.418    1109.015         545.418    1109.015             226             226
   24        1206.977    -384.761        1206.977    -384.761              24              24
  142         700.361    -557.204         700.361    -557.204             142             142
    6         -19.917    1140.231         -19.917    1140.231               6               6
  198        -793.787     183.477        -793.787     183.477             198             198
   12        -450.096      41.119        -450.096      41.119              12              12
  220        -356.522    -196.352        -356.522    -196.352             220             220
  243         413.920      76.287         413.920      76.287             243             243
  137        -220.824     156.471        -220.824     156.471             137             137
   19         915.614     142.210         915.614     142.210              19              19
  114       -1466.627      21.669       -1466.627      21.669             114             114
  130         476.969     464.693         476.969     464.693             130             130
   38        1236.918    -510.972        1236.918    -510.972              38              38
  145         125.515    -407.976         125.515    -407.976             145             145
   49         264.913    -358.015         264.913    -358.015              49              49
   27         801.361    -576.956         801.361    -576.956              27              27
  237         184.254    -284.499         184.254    -284.499             237             237
   52         215.659     268.891         215.659     268.891              52              52
   15        -598.223    -626.026        -598.223    -626.026              15              15
   78        1183.091    -254.596        1183.091    -254.596              78              78
   36        -484.533     297.382        -484.533     297.382              36              36
   14        -436.061    -608.652        -436.061    -608.652              14              14
  102        -542.717      52.777        -542.717      52.777             102             102
   59         381.435     -28.778         381.435     -28.778              59              59
  186         211.120     441.497         211.120     441.497             186             186
   49         756.392     247.022         756.392     247.022              49              49
   80        -866.435     976.661        -866.435     976.661              80              80
  128         278.139   -1225.910         278.139   -1225.910             128             128
  190         461.351     167.703         461.351     167.703             190             190
   18         484.736   -1097.094         484.736   -1097.094              18              18
   15         -24.012     -85.993         -24.012     -85.993              15              15
  160        -365.747     452.950        -365.747     452.950             160             160
   43        -988.805     433.872        -988.805     433.872              43              43
  157         154.538    -209.133         154.538    -209.133             157             157
  167        -495.298   -1572.262        -495.298   -1572.262             167             167
  242         -96.047     566.701         -96.047     566.701             242             242
  169        -845.909     -11.392        -845.909     -11.392             169             169
  131          50.153    -521.759          50.153    -521.759             131             131
  229        1056.272     -93.929        1056.272     -93.929             229             229
   51         396.113    1145.276         396.113    1145.276              51              51
  151         611.809     845.027         611.809     845.027             151             151
   88        1258.279    -273.974        1258.279    -273.974              88              88
  181          18.356     331.432          18.356     331.432             181             181
  189        -456.487     190.807        -456.487     190.807             189             189
  234       -1273.040    -669.904       -1273.040    -669.904             234             234
  231        -133.233     586.046        -133.233     586.046             231             231
  217         163.098    -202.015         163.098    -202.015             217             217
  216         -16.627     321.079         -16.627     321.079             216             216
   27         235.310     421.424         235.310     421.424              27              27
  232        -656.474    -443.488        -656.474    -443.488             232             232
   38        -153.104    -182.724        -153.104    -182.724              38              38
   64        -745.559    -862.113        -745.559    -862.113              64              64
  247         273.123    1135.552         273.123    1135.552             247             247
  140         320.316     -72.348         320.316     -72.348             140             140
  123        -233.040     436.893        -233.040     436.893             123             123
  177       -1023.337    1266.978       -1023.337    1266.978             177             177
  190         700.568     114.959         700.568     114.959             190             190
  204         -33.368     -18.285         -33.368     -18.285             204             204
   50         684.971      -3.983         684.971      -3.983              50              50
  124         526.188     411.425         526.188     411.425             124             124
  223        -237.058     533.859        -237.058     533.859             223             223
   65         738.605    -768.970         738.605    -768.970              65              65
   28        2214.000       0.087        2214.000       0.087              28              28
   11         738.474     768.984         738.474     768.984              11              11
  222        -237.051    -533.942        -237.051    -533.942             222             222
  195         526.208    -411.410         526.208    -411.410             195             195
  253         684.931       4.015         684.931       4.015             253             253
  136         -33.411      18.241         -33.411      18.241             136             136
   71         700.519    -114.960         700.519    -114.960              71              71
  227       -1023.277   -1267.094       -1023.277   -1267.094             227             227
  187        -232.999    -436.901        -232.999    -436.901             187             187
  223         320.303      72.368         320.303      72.368             223             223
   60         273.180   -1135.507         273.180   -1135.507              60              60
  113        -745.658     862.078        -745.658     862.078             113             113
  156        -153.125     182.697        -153.125     182.697             156             156
   38        -656.500     443.400        -656.500     443.400              38              38
   88         235.364    -421.440         235.364    -421.440              88              88
  117         -16.598    -321.089         -16.598    -321.089             117             117
  255         163.073     202.013         163.073     202.013             255             255
  116        -133.210    -586.061        -133.210    -586.061             116             116
   94       -1273.085     669.787       -1273.085     669.787              94              94
   37        -456.406    -190.882        -456.406    -190.882              37              37
  180          18.465    -331.449          18.465    -331.449             180             180
   85        1258.303     274.047        1258.303     274.047              85              85
  178         611.881    -845.012         611.881    -845.012             178             178
   47         396.209   -1145.219         396.209   -1145.219              47              47
    7        1056.233      94.066        1056.233      94.066               7               7
  112          50.046     521.777          50.046     521.777             112             112
  252        -845.938      11.316        -845.938      11.316             252             252
   57         -96.002    -566.676         -96.002    -566.676              57              57
  237        -495.425    1572.229        -495.425    1572.229             237             237
  219         154.519     209.093         154.519     209.093             219             219
  123        -988.758    -433.987        -988.758    -433.987             123             123
   10        -365.659    -452.974        -365.659    -452.974              10              10
  231         -23.963      86.020         -23.963      86.020             231             231
   89         484.687    1097.126         484.687    1097.126              89              89
  206         461.381    -167.687         461.381    -167.687             206             206
  228         278.030    1225.882         278.030    1225.882             228             228
  226        -866.325    -976.793        -866.325    -976.793             226             226
   21         756.453    -246.972         756.453    -246.972              21              21
  200         211.166    -441.480         211.166    -441.480             200             200
  157         381.425      28.819         381.425      28.819             157             157
  244        -542.715     -52.811        -542.715     -52.811             244             244
    4        -436.081     608.609        -436.081     608.609               4               4
   15        -484.441    -297.433        -484.441    -297.433              15              15
  145        1183.108     254.702        1183.108     254.702             145             145
   43        -598.254     625.958        -598.254     625.958              43              43
  103         215.735    -268.890         215.735    -268.890             103             103
    7         184.284     284.517         184.284     284.517               7               7
   42         801.350     577.008         801.350     577.008              42              42
  219         264.904     358.009         264.904     358.009             219             219
  101         125.522     407.951         125.522     407.951             101             101
   80        1236.892     511.016        1236.892     511.016              80              80
  144         476.970    -464.706         476.970    -464.706             144             144
  187       -1466.604     -21.824       -1466.604     -21.824             187             187
    2         915.677    -142.166         915.677    -142.166               2               2
  192        -220.785    -156.515        -220.785    -156.515             192             192
  195         413.955     -76.271         413.955     -76.271             195             195
  115        -356.513     196.294        -356.513     196.294             115             115
  188        -450.039     -41.196        -450.039     -41.196             188             188
  253        -793.671    -183.588        -793.671    -183.588             253             253
   96         -19.676   -1140.236         -19.676   -1140.236              96              96
  152         700.468     557.274         700.468     557.274             152             152
  120        1207.083     384.818        1207.083     384.818             120             120
  107         545.671   -1108.995         545.671   -1108.995             107             107
  127        -938.608    -302.804        -938.608    -302.804             127             127
