SINAL     NFT                         FFT                         NFT INVERSA     FFT INVERSA
-----     -----------------------     -----------------------     -----------     -----------
  122       15200.000       0.000       15200.000       0.000             122             122
  234        -403.246    -181.002        -403.246    -181.002             234             234
   72         455.038     950.115         455.038     950.115              72              72
  129          22.009     785.839          22.009     785.839             129             129
  209         -74.943    -388.424         -74.943    -388.424             209             209
   16         361.792    -425.650         361.792    -425.650              16              16
   97         144.818    -150.515         144.818    -150.515              97              97
  208         858.317     -57.184         858.317     -57.184             208             208
   62         532.294     919.414         532.294     919.414              62              62
   59        -149.650     260.537        -149.650     260.537              59              59
   17        -618.791    -659.463        -618.791    -659.463              17              17
   74        -346.195    -874.131        -346.195    -874.131              74              74
  138         -79.714    -916.000         -79.714    -916.000             138             138
    0        -405.798     585.103        -405.798     585.103               0               0
  179         633.768    -446.926         633.768    -446.926             179             179
  108         447.974     273.635         447.974     273.635             108             108
  160         109.839    1071.784         109.839    1071.784             160             160
  117          45.089   -1421.795          45.089   -1421.795             117             117
   39        -283.344       5.066        -283.344       5.066              39              39
  153        -188.632    -262.631        -188.632    -262.631             153             153
   73        2403.475    -174.217        2403.475    -174.217              73              73
   54        -944.786      55.560        -944.786      55.560              54              54
    9        1178.846    -697.542        1178.846    -697.542               9               9
   33        -261.067     304.262        -261.067     304.262              33              33
  127          -1.054     535.391          -1.054     535.391             127             127
  211         476.211     741.067         476.211     741.067             211             211
  179         112.701     -34.413         112.701     -34.413             179             179
   43        -703.524    -360.408        -703.524    -360.408              43              43
   90         135.160     576.048         135.160     576.048              90              90
  174        -588.561     176.126        -588.561     176.126             174             174
   50        -611.872    1040.189        -611.872    1040.189              50              50
  213         120.921    -199.737         120.921    -199.737             213             213
  152         351.983     721.997         351.983     721.997             152             152
  122         267.870     -90.881         267.870     -90.881             122             122
   86        -844.558    -326.919        -844.558    -326.919              86              86
  106         942.975     549.569         942.975     549.569             106             106
  139         403.729    -576.525         403.729    -576.525             139             139
  183        -891.700    -270.911        -891.700    -270.911             183             183
   59         175.774    -808.739         175.774    -808.739              59              59
  201          90.914     196.423          90.914     196.423             201             201
  243        -465.491   -1127.908        -465.491   -1127.908             243             243
   76         480.514    -156.605         480.514    -156.605              76              76
   20        -269.810   -1190.000        -269.810   -1190.000              20              20
  126        -322.767    -806.247        -322.767    -806.247             126             126
   77         814.274    -309.250         814.274    -309.250              77              77
  199         644.685     513.620         644.685     513.620             199             199
  235          64.184    -419.144          64.184    -419.144             235             235
  237       -1218.621     122.165       -1218.621     122.165             237             237
   60        -537.834    -636.229        -537.834    -636.229              60              60
   18         -12.192    -576.999         -12.192    -576.999              18              18
  134        -558.763    -477.898        -558.763    -477.898             134             134
  134         120.366     790.761         120.366     790.761             134             134
   72        -979.524     641.533        -979.524     641.533              72              72
  144         206.153     482.535         206.153     482.535             144             144
  167         194.305    -307.268         194.305    -307.268             167             167
  200        1122.595    -104.950        1122.595    -104.950             200             200
   99        -489.808     976.113        -489.808     976.113              99              99
   91        -895.141    -323.814        -895.141    -323.814              91              91
  244        -322.823    -513.050        -322.823    -513.050             244             244
  190        -115.548    -222.164        -115.548    -222.164             190             190
    9        -398.474     -88.390        -398.474     -88.390               9               9
   38          46.822    -122.782          46.822    -122.782              38              38
  147         518.568     567.474         518.568     567.474             147             147
  162         -55.883    -282.999         -55.883    -282.999             162             162
  161        -472.000      -0.018        -472.000      -0.018             161             161
  234         -55.887     282.982         -55.887     282.982             234             234
   13         518.614    -567.433         518.614    -567.433              13              13
   44          46.785     122.801          46.785     122.801              44              44
  161        -398.498      88.364        -398.498      88.364             161             161
   72        -115.576     222.160        -115.576     222.160              72              72
  246        -322.880     513.010        -322.880     513.010             246             246
  149        -895.155     323.694        -895.155     323.694             149             149
  148        -489.667    -976.172        -489.667    -976.172             148             148
   11        1122.616     105.056        1122.616     105.056              11              11
   20         194.260     307.267         194.260     307.267              20              20
  225         206.158    -482.541         206.158    -482.541             225             225
  210        -979.481    -641.611        -979.481    -641.611             210             210
  255         120.439    -790.702         120.439    -790.702             255             255
  207        -558.800     477.910        -558.800     477.910             207             207
   15         -12.235     577.024         -12.235     577.024              15              15
   17        -537.890     636.181        -537.890     636.181              17              17
   85       -1218.564    -122.270       -1218.564    -122.270              85              85
  149          64.229     419.147          64.229     419.147             149             149
   90         644.779    -513.553         644.779    -513.553              90              90
  230         814.248     309.363         814.248     309.363             230             230
   61        -322.844     806.249        -322.844     806.249              61              61
   35        -269.888    1189.965        -269.888    1189.965              35              35
   73         480.511     156.624         480.511     156.624              73              73
  152        -465.578    1127.836        -465.578    1127.836             152             152
   23          90.953    -196.452          90.953    -196.452              23              23
    8         175.709     808.725         175.709     808.725               8               8
  162        -891.693     270.789        -891.693     270.789             162             162
   62         403.735     576.496         403.735     576.496              62              62
  155         943.018    -549.542         943.018    -549.542             155             155
   69        -844.584     326.812        -844.584     326.812              69              69
  224         267.895      90.841         267.895      90.841             224             224
  133         352.051    -722.010         352.051    -722.010             133             133
   82         120.891     199.706         120.891     199.706              82              82
   13        -611.788   -1040.271        -611.788   -1040.271              13              13
   39        -588.513    -176.180        -588.513    -176.180              39              39
  154         135.241    -576.031         135.241    -576.031             154             154
    3        -703.511     360.351        -703.511     360.351               3               3
  189         112.764      34.392         112.764      34.392             189             189
   47         476.315    -741.045         476.315    -741.045              47              47
   14          -0.978    -535.375          -0.978    -535.375              14              14
  209        -260.981    -304.245        -260.981    -304.245             209             209
   17        1178.823     697.659        1178.823     697.659              17              17
  225        -944.723     -55.641        -944.723     -55.641             225             225
  208        2403.493     174.425        2403.493     174.425             208             208
  224        -188.690     262.614        -188.690     262.614             224             224
  240        -283.333      -5.081        -283.333      -5.081             240             240
  226          44.999    1421.760          44.999    1421.760             226             226
   53         109.964   -1071.823         109.964   -1071.823              53              53
  134         448.026    -273.584         448.026    -273.584             134             134
   60         633.730     446.979         633.730     446.979              60              60
   27        -405.749    -585.122        -405.749    -585.122              27              27
  195         -79.770     916.017         -79.770     916.017             195             195
   95        -346.240     874.077        -346.240     874.077              95              95
  101        -618.786     659.348        -618.786     659.348             101             101
   92        -149.536    -260.620        -149.536    -260.620              92              92
  119         532.463    -919.392         532.463    -919.392             119             119
  110         858.373      57.262         858.373      57.262             110             110
  255         144.860     150.522         144.860     150.522             255             255
  181         361.823     425.658         361.823     425.658             181             181
    9         -74.888     388.362         -74.888     388.362               9               9
   68          22.209    -785.888          22.209    -785.888              68              68
  150         455.303    -950.071         455.303    -950.071             150             150
  143        -402.872     180.989        -402.872     180.989             143             143
