SINAL     NFT                         FFT                         NFT INVERSA     FFT INVERSA
-----     -----------------------     -----------------------     -----------     -----------
   30       16253.000       0.000       16253.000       0.000              30              30
  204        -145.582     -27.995        -145.582     -27.995             204             204
   95         225.431    -648.333         225.431    -648.333              95              95
  109         415.461    -473.430         415.461    -473.430             109             109
  225        -371.844    -233.106        -371.844    -233.106             225             225
  228         661.825    -691.246         661.825    -691.246             228             228
  139        -863.988     499.675        -863.988     499.675             139             139
  140         512.201     163.518         512.201     163.518             140             140
  143         191.836     -86.664         191.836     -86.664             143             143
  136         113.865    -130.660         113.865    -130.660             136             136
   74         -98.284   -1812.815         -98.284   -1812.815              74              74
  107         252.040    -366.835         252.040    -366.835             107             107
   26         -69.580     447.327         -69.580     447.327              26              26
  229        -220.802     294.115        -220.802     294.115             229             229
  207        -522.185     268.262        -522.185     268.262             207             207
  253          67.779     647.339          67.779     647.339             253             253
  215        -512.068     616.898        -512.068     616.898             215             215
   88         497.679    1415.793         497.679    1415.793              88              88
  134         478.143    -498.837         478.143    -498.837             134             134
   20       -1032.754    -647.924       -1032.754    -647.924              20              20
  238         394.959      80.290         394.959      80.290             238             238
   23          90.412     260.087          90.412     260.087              23              23
  148        -118.701     116.076        -118.701     116.076             148             148
    9        -891.819      24.503        -891.819      24.503               9               9
  181        -284.059    1208.980        -284.059    1208.980             181             181
   25          53.574     581.812          53.574     581.812              25              25
  143        -367.248   -1239.620        -367.248   -1239.620             143             143
   20         332.973     -67.811         332.973     -67.811              20              20
  156         518.465    -554.316         518.465    -554.316             156             156
  222        -119.689    -152.803        -119.689    -152.803             222             222
  166         332.056   -1067.365         332.056   -1067.365             166             166
  186         851.860    1050.897         851.860    1050.897             186             186
  171         101.992    -279.005         101.992    -279.005             171             171
    6        -151.542    -349.246        -151.542    -349.246               6               6
   40        -129.341    -355.759        -129.341    -355.759              40              40
  141         444.139      73.470         444.139      73.470             141             141
  235        -789.417    1132.422        -789.417    1132.422             235             235
  179         190.141   -1267.957         190.141   -1267.957             179             179
   25        -968.172     135.079        -968.172     135.079              25              25
  122         124.796     -96.193         124.796     -96.193             122             122
   59         496.279    -763.374         496.279    -763.374              59              59
   99       -1079.082      77.660       -1079.082      77.660              99              99
  230        -277.147    -527.196        -277.147    -527.196             230             230
   86          23.699    -650.356          23.699    -650.356              86              86
   73         467.492     361.757         467.492     361.757              73              73
  181         129.918     153.964         129.918     153.964             181             181
   84         181.281     282.938         181.281     282.938              84              84
   32        -705.204      81.747        -705.204      81.747              32              32
   14         236.037     696.913         236.037     696.913              14              14
  218         333.109      80.318         333.109      80.318             218             218
   52         180.987      93.821         180.987      93.821              52              52
  252        -613.119     614.372        -613.119     614.372             252             252
  241        -383.398     305.372        -383.398     305.372             241             241
  201        -105.597    -547.885        -105.597    -547.885             201             201
    6        -677.211     534.777        -677.211     534.777               6               6
  167        -948.576     669.956        -948.576     669.956             167             167
  226       -1060.049    -179.086       -1060.049    -179.086             226             226
  150          58.186     540.656          58.186     540.656             150             150
  187        1103.869     -15.369        1103.869     -15.369             187             187
  126         -45.228     -22.474         -45.228     -22.474             126             126
  116         113.225    -385.705         113.225    -385.705             116             116
   98       -1705.318    -109.884       -1705.318    -109.884              98              98
   57       -1327.540     514.364       -1327.540     514.364              57              57
   32         210.455      54.000         210.455      54.000              32              32
  105         -17.000      -0.012         -17.000      -0.012             105             105
   97         210.422     -54.007         210.422     -54.007              97              97
  173       -1327.531    -514.481       -1327.531    -514.481             173             173
   84       -1705.279     109.750       -1705.279     109.750              84              84
   20         113.265     385.703         113.265     385.703              20              20
  198         -45.178      22.444         -45.178      22.444             198             198
  207        1103.874      15.429        1103.874      15.429             207             207
   80          58.180    -540.668          58.180    -540.668              80              80
   42       -1060.095     178.979       -1060.095     178.979              42              42
  181        -948.505    -670.054        -948.505    -670.054             181             181
  166        -677.126    -534.815        -677.126    -534.815             166             166
  115        -105.606     547.878        -105.606     547.878             115             115
  107        -383.345    -305.430        -383.345    -305.430             107             107
  250        -613.018    -614.424        -613.018    -614.424             250             250
  147         181.050     -93.796         181.050     -93.796             147             147
  121         333.144     -80.295         333.144     -80.295             121             121
  213         236.097    -696.884         236.097    -696.884             213             213
  200        -705.177     -81.783        -705.177     -81.783             200             200
  118         181.344    -282.902         181.344    -282.902             118             118
  198         129.957    -153.926         129.957    -153.926             198             198
  146         467.528    -361.671         467.528    -361.671             146             146
  124          23.630     650.401          23.630     650.401             124             124
  109        -277.206     527.180        -277.206     527.180             109             109
  116       -1079.047     -77.738       -1079.047     -77.738             116             116
   18         496.254     763.420         496.254     763.420              18              18
   41         124.781      96.188         124.781      96.188              41              41
  243        -968.143    -135.151        -968.143    -135.151             243             243
  135         190.066    1267.943         190.066    1267.943             135             135
  140        -789.282   -1132.519        -789.282   -1132.519             140             140
   45         444.192     -73.407         444.192     -73.407              45              45
  167        -129.344     355.763        -129.344     355.763             167             167
  245        -151.529     349.228        -151.529     349.228             245             245
  142         102.023     278.986         102.023     278.986             142             142
   85         851.979   -1050.810         851.979   -1050.810              85              85
   73         331.966    1067.419         331.966    1067.419              73              73
  163        -119.690     152.784        -119.690     152.784             163             163
   27         518.430     554.345         518.430     554.345              27              27
   24         332.951      67.825         332.951      67.825              24              24
  243        -367.362    1239.536        -367.362    1239.536             243             243
   69          53.621    -581.891          53.621    -581.891              69              69
  205        -283.967   -1209.022        -283.967   -1209.022             205             205
  154        -891.795     -24.567        -891.795     -24.567             154             154
  184        -118.644    -116.090        -118.644    -116.090             184             184
   56          90.472    -260.078          90.472    -260.078              56              56
  149         394.975     -80.243         394.975     -80.243             149             149
   76       -1032.775     647.830       -1032.775     647.830              76              76
  177         478.158     498.812         478.158     498.812             177             177
  106         497.809   -1415.795         497.809   -1415.795             106             106
   21        -512.002    -616.932        -512.002    -616.932              21              21
   40          67.860    -647.310          67.860    -647.310              40              40
   49        -522.130    -268.273        -522.130    -268.273              49              49
  167        -220.723    -294.100        -220.723    -294.100             167             167
  165         -69.481    -447.275         -69.481    -447.275             165             165
  159         252.063     366.934         252.063     366.934             159             159
   28         -98.382    1812.818         -98.382    1812.818              28              28
  183         113.918     130.630         113.918     130.630             183             183
  201         191.893      86.656         191.893      86.656             201             201
   15         512.261    -163.491         512.261    -163.491              15              15
   63        -863.870    -499.728        -863.870    -499.728              63              63
   85         661.868     691.322         661.868     691.322              85              85
   60        -371.751     233.073        -371.751     233.073              60              60
  231         415.577     473.459         415.577     473.459             231             231
   74         225.583     648.321         225.583     648.321              74              74
  203        -145.159      27.939        -145.159      27.939             203             203
