SINAL     NFT                         FFT                         NFT INVERSA     FFT INVERSA
-----     -----------------------     -----------------------     -----------     -----------
   26       16263.000       0.000       16263.000       0.000              26              26
   10        -142.671     827.038        -142.671     827.038              10              10
   52         233.971    -285.226         233.971    -285.226              52              52
  187         213.723    -455.874         213.723    -455.874             187             187
    1       -1553.534     293.449       -1553.534     293.449               1               1
  196         352.784    1226.454         352.784    1226.454             196             196
  117        -967.533     600.178        -967.533     600.178             117             117
  242        -638.451    -318.990        -638.451    -318.990             242             242
   60        -389.895     -64.188        -389.895     -64.188              60              60
    1        -451.094    -853.411        -451.094    -853.411               1               1
   32         504.865    -198.186         504.865    -198.186              32              32
  222          28.176    -155.435          28.176    -155.435             222             222
  252         248.634    -520.657         248.634    -520.657             252             252
  187         446.154     234.976         446.154     234.976             187             187
  207        -322.845     398.357        -322.845     398.357             207             207
   27       -1082.189    -335.542       -1082.189    -335.542              27              27
  147         512.942     -92.486         512.942     -92.486             147             147
   99         112.475    1173.779         112.475    1173.779              99              99
  184         -55.927     813.692         -55.927     813.692             184             184
  247         123.857    1098.455         123.857    1098.455             247             247
  138        1495.931     961.806        1495.931     961.806             138             138
   21        -404.037     241.678        -404.037     241.678              21              21
  245         690.293    -217.020         690.293    -217.020             245             245
   67         801.349     112.212         801.349     112.212              67              67
  197       -1818.334    -113.074       -1818.334    -113.074             197             197
    4         459.817    -726.847         459.817    -726.847               4               4
  157       -1019.945      80.725       -1019.945      80.725             157             157
  100         160.705    1098.340         160.705    1098.340             100             100
   72        -411.681     301.398        -411.681     301.398              72              72
   89        -213.745     721.476        -213.745     721.476              89              89
   24       -1568.653    -170.212       -1568.653    -170.212              24              24
   98         141.816     560.463         141.816     560.463              98              98
  100        -719.012     725.980        -719.012     725.980             100             100
   77        -221.414     621.862        -221.414     621.862              77              77
   30         -12.658    -212.879         -12.658    -212.879              30              30
  101        -250.471      -0.843        -250.471      -0.843             101             101
   18          42.195    -937.432          42.195    -937.432              18              18
  147         104.667      72.496         104.667      72.496             147             147
   88         -48.560    -124.740         -48.560    -124.740              88              88
   78         890.457    -294.197         890.457    -294.197              78              78
  149         523.187     782.408         523.187     782.408             149             149
  120         579.036     531.525         579.036     531.525             120             120
   45       -1063.111     582.216       -1063.111     582.216              45              45
  146        -621.599    -460.232        -621.599    -460.232             146             146
   52         220.641     327.219         220.641     327.219              52              52
  252         387.686     204.867         387.686     204.867             252             252
  173         267.476     401.050         267.476     401.050             173             173
  199         483.755     382.554         483.755     382.554             199             199
   96         923.025     669.511         923.025     669.511              96              96
  101         -85.995    -931.743         -85.995    -931.743             101             101
  191        -324.561     765.575        -324.561     765.575             191             191
  234        -157.311     789.958        -157.311     789.958             234             234
  123       -1178.538     527.643       -1178.538     527.643             123             123
  180         298.845    -255.507         298.845    -255.507             180             180
   46          66.300    -189.556          66.300    -189.556              46              46
   64          22.092   -1260.936          22.092   -1260.936              64              64
  185        -166.981    -396.760        -166.981    -396.760             185             185
  204         574.454    -258.551         574.454    -258.551             204             204
  165         377.715     135.178         377.715     135.178             165             165
    1        -256.247    -635.901        -256.247    -635.901               1               1
   38        -135.665    -846.423        -135.665    -846.423              38              38
  189       -1654.358     372.385       -1654.358     372.385             189             189
   99       -1124.929     214.986       -1124.929     214.986              99              99
  138         509.634    -409.535         509.634    -409.535             138             138
   10        -409.000      -0.007        -409.000      -0.007              10              10
  130         509.573     409.580         509.573     409.580             130             130
  240       -1124.952    -215.084       -1124.952    -215.084             240             240
   28       -1654.292    -372.492       -1654.292    -372.492              28              28
   22        -135.669     846.438        -135.669     846.438              22              22
   72        -256.243     635.861        -256.243     635.861              72              72
  107         377.775    -135.161         377.775    -135.161             107             107
  171         574.443     258.602         574.443     258.602             171             171
  193        -167.014     396.750        -167.014     396.750             193             193
  152          21.996    1260.903          21.996    1260.903             152             152
   62          66.289     189.493          66.289     189.493              62              62
  245         298.803     255.460         298.803     255.460             245             245
  149       -1178.493    -527.811       -1178.493    -527.811             149             149
  235        -157.206    -790.007        -157.206    -790.007             235             235
  189        -324.456    -765.592        -324.456    -765.592             189             189
  245         -86.012     931.719         -86.012     931.719             245             245
   81         923.120    -669.480         923.120    -669.480              81              81
  124         483.789    -382.531         483.789    -382.531             124             124
  224         267.505    -401.036         267.505    -401.036             224             224
  204         387.690    -204.839         387.690    -204.839             204             204
   49         220.635    -327.197         220.635    -327.197              49              49
   14        -621.662     460.162        -621.662     460.162              14              14
   12       -1063.025    -582.337       -1063.025    -582.337              12              12
  234         579.136    -531.484         579.136    -531.484             234             234
  219         523.274    -782.340         523.274    -782.340             219             219
  178         890.417     294.301         890.417     294.301             178             178
  235         -48.601     124.742         -48.601     124.742             235             235
    1         104.652     -72.473         104.652     -72.473               1               1
  111          42.090     937.423          42.090     937.423             111             111
   79        -250.493       0.780        -250.493       0.780              79              79
  139         -12.696     212.827         -12.696     212.827             139             139
  122        -221.391    -621.930        -221.391    -621.930             122             122
  209        -718.963    -726.060        -718.963    -726.060             209             209
  123         141.842    -560.446         141.842    -560.446             123             123
  151       -1568.667     170.070       -1568.667     170.070             151             151
  232        -213.645    -721.509        -213.645    -721.509             232             232
  196        -411.623    -301.437        -411.623    -301.437             196             196
    2         160.812   -1098.304         160.812   -1098.304               2               2
  147       -1019.909     -80.757       -1019.909     -80.757             147             147
  133         459.781     726.902         459.781     726.902             133             133
  155       -1818.283     112.903       -1818.283     112.903             155             155
  210         801.456    -112.161         801.456    -112.161             210             210
  123         690.309     217.049         690.309     217.049             123             123
   48        -403.967    -241.762        -403.967    -241.762              48              48
  189        1496.041    -961.716        1496.041    -961.716             189             189
   56         123.933   -1098.444         123.933   -1098.444              56              56
   38         -55.857    -813.673         -55.857    -813.673              38              38
   14         112.584   -1173.711         112.584   -1173.711              14              14
  180         512.917      92.601         512.917      92.601             180             180
    7       -1082.217     335.485       -1082.217     335.485               7               7
  219        -322.758    -398.357        -322.758    -398.357             219             219
  230         446.218    -234.887         446.218    -234.887             230             230
   21         248.610     520.719         248.610     520.719              21              21
  232          28.184     155.460          28.184     155.460             232             232
  208         504.852     198.256         504.852     198.256             208             208
  241        -451.169     853.374        -451.169     853.374             241             241
  154        -389.883      64.133        -389.883      64.133             154             154
  188        -638.443     318.903        -638.443     318.903             188             188
  242        -967.403    -600.296        -967.403    -600.296             242             242
   10         352.967   -1226.408         352.967   -1226.408              10              10
   12       -1553.389    -293.522       -1553.389    -293.522              12              12
  126         213.876     455.928         213.876     455.928             126             126
  132         234.173     285.244         234.173     285.244             132             132
  222        -142.169    -827.032        -142.169    -827.032             222             222
