SINAL     NFT                         FFT                         NFT INVERSA     FFT INVERSA
-----     -----------------------     -----------------------     -----------     -----------
   31       15885.000       0.000       15885.000       0.000              31              31
   29        -732.425     102.158        -732.425     102.158              29              29
   78        -623.194    -661.254        -623.194    -661.254              78              78
   78        -844.072      -3.010        -844.072      -3.010              78              78
   92          44.215    -274.487          44.215    -274.487              92              92
  225         -83.544    -211.157         -83.544    -211.157             225             225
  181          65.276     614.137          65.276     614.137             181             181
  106       -1000.793   -1192.587       -1000.793   -1192.587             106             106
   32         168.337    -503.424         168.337    -503.424              32              32
  133         373.368      77.111         373.368      77.111             133             133
   88         188.149     -54.713         188.149     -54.713              88              88
  238         -58.800     285.802         -58.800     285.802             238             238
   73        -485.649     805.211        -485.649     805.211              73              73
   91        -897.082     190.609        -897.082     190.609              91              91
   71         229.702    -267.132         229.702    -267.132              71              71
  169        -185.007   -1064.146        -185.007   -1064.146             169             169
  159        -222.147    1309.208        -222.147    1309.208             159             159
   29        -176.490    -173.665        -176.490    -173.665              29              29
  206         265.826    -630.736         265.826    -630.736             206             206
  216          -4.763     499.178          -4.763     499.178             216             216
   43         691.033    1452.037         691.033    1452.037              43              43
  208        -599.716     922.511        -599.716     922.511             208             208
   44         715.448    -764.747         715.448    -764.747              44              44
  184         273.849     936.444         273.849     936.444             184             184
  175         388.753     116.020         388.753     116.020             175             175
  203        -720.354    -116.055        -720.354    -116.055             203             203
   17         691.509     106.818         691.509     106.818              17              17
  145        1065.052    -423.616        1065.052    -423.616             145             145
  179        -184.203    -573.591        -184.203    -573.591             179             179
  252         -71.503    -361.800         -71.503    -361.800             252             252
   50         -37.052     697.050         -37.052     697.050              50              50
  210        -857.114     893.863        -857.114     893.863             210             210
   25        -306.011     434.982        -306.011     434.982              25              25
  128       -1039.366    -849.297       -1039.366    -849.297             128             128
   33         557.748    -283.136         557.748    -283.136              33              33
  118         515.588    -218.749         515.588    -218.749             118             118
   97         274.982     366.467         274.982     366.467              97              97
  214         605.674     214.206         605.674     214.206             214             214
  224        -738.228     122.760        -738.228     122.760             224             224
  129        -887.575     -81.812        -887.575     -81.812             129             129
   92        1121.776    1118.179        1121.776    1118.179              92              92
   56        -491.074    1067.582        -491.074    1067.582              56              56
  112         641.736     364.995         641.736     364.995             112             112
  165        -132.469     347.026        -132.469     347.026             165             165
  148       -1073.355      28.592       -1073.355      28.592             148             148
  183         589.721     230.050         589.721     230.050             183             183
   79       -1215.910     199.424       -1215.910     199.424              79              79
   51         611.700     284.318         611.700     284.318              51              51
  212        -135.882     423.190        -135.882     423.190             212             212
   29         421.456      76.174         421.456      76.174              29              29
   12         -70.335    -413.284         -70.335    -413.284              12              12
    0        -366.084      66.895        -366.084      66.895              -0              -0
  237        -468.139    -508.852        -468.139    -508.852             237             237
   56        -875.351    1235.880        -875.351    1235.880              56              56
  184          58.219     342.959          58.219     342.959             184             184
  157        -722.925    -523.260        -722.925    -523.260             157             157
    4         553.119      -9.297         553.119      -9.297               4               4
  202         788.629    -481.237         788.629    -481.237             202             202
   46         446.565     493.207         446.565     493.207              46              46
  183         151.480    -158.756         151.480    -158.756             183             183
  198       -1374.968     742.827       -1374.968     742.827             198             198
   96          51.326    -132.804          51.326    -132.804              96              96
  138         744.475    -678.647         744.475    -678.647             138             138
  224        -909.483    -609.318        -909.483    -609.318             224             224
  225       -1325.000      -0.041       -1325.000      -0.041             225             225
  171        -909.476     609.252        -909.476     609.252             171             171
   86         744.455     678.679         744.455     678.679              86              86
   66          51.294     132.753          51.294     132.753              66              66
  130       -1374.883    -742.969       -1374.883    -742.969             130             130
   54         151.530     158.757         151.530     158.757              54              54
  195         446.645    -493.173         446.645    -493.173             195             195
  222         788.592     481.300         788.592     481.300             222             222
  111         553.076       9.324         553.076       9.324             111             111
   51        -723.000     523.160        -723.000     523.160              51              51
  132          58.230    -343.012          58.230    -343.012             132             132
    3        -875.258   -1235.955        -875.258   -1235.955               3               3
  234        -468.161     508.827        -468.161     508.827             234             234
  211        -366.047     -66.937        -366.047     -66.937             211             211
   55         -70.332     413.254         -70.332     413.254              55              55
  191         421.480     -76.182         421.480     -76.182             191             191
  240        -135.840    -423.233        -135.840    -423.233             240             240
   68         611.706    -284.285         611.706    -284.285              68              68
  192       -1215.893    -199.543       -1215.893    -199.543             192             192
  222         589.750    -230.017         589.750    -230.017             222             222
  124       -1073.343     -28.706       -1073.343     -28.706             124             124
  121        -132.387    -347.069        -132.387    -347.069             121             121
  123         641.788    -364.976         641.788    -364.976             123             123
  129        -490.964   -1067.641        -490.964   -1067.641             129             129
   68        1121.866   -1118.053        1121.866   -1118.053              68              68
  170        -887.603      81.778        -887.603      81.778             170             170
   57        -738.173    -122.806        -738.173    -122.806              57              57
   10         605.738    -214.140         605.738    -214.140              10              10
   11         275.029    -366.416         275.029    -366.416              11              11
  195         515.571     218.823         515.571     218.823             195             195
  235         557.685     283.199         557.685     283.199             235             235
  236       -1039.463     849.185       -1039.463     849.185             236             236
  111        -305.966    -435.055        -305.966    -435.055             111             111
   65        -857.008    -893.942        -857.008    -893.942              65              65
   46         -36.944    -697.013         -36.944    -697.013              46              46
  241         -71.491     361.839         -71.491     361.839             241             241
  120        -184.190     573.586        -184.190     573.586             120             120
  242        1065.058     423.686        1065.058     423.686             242             242
  208         691.502    -106.783         691.502    -106.783             208             208
  232        -720.359     115.972        -720.359     115.972             232             232
   37         388.796    -116.023         388.796    -116.023              37              37
   84         273.946    -936.423         273.946    -936.423              84              84
  235         715.376     764.789         715.376     764.789             235             235
   16        -599.636    -922.608        -599.636    -922.608              16              16
   39         691.167   -1451.961         691.167   -1451.961              39              39
   35          -4.728    -499.112          -4.728    -499.112              35              35
  208         265.764     630.797         265.764     630.797             208             208
   24        -176.517     173.640        -176.517     173.640              24              24
  103        -222.037   -1309.191        -222.037   -1309.191             103             103
  144        -185.086    1064.176        -185.086    1064.176             144             144
  247         229.674     267.137         229.674     267.137             247             247
  228        -897.062    -190.703        -897.062    -190.703             228             228
   10        -485.536    -805.242        -485.536    -805.242              10              10
  114         -58.723    -285.766         -58.723    -285.766             114             114
  102         188.190      54.767         188.190      54.767             102             102
   78         373.402     -77.037         373.402     -77.037              78              78
   29         168.298     503.481         168.298     503.481              29              29
  159       -1000.858    1192.492       -1000.858    1192.492             159             159
   88          65.396    -614.149          65.396    -614.149              88              88
   40         -83.498     211.165         -83.498     211.165              40              40
   98          44.258     274.493          44.258     274.493              98              98
   67        -843.966       2.945        -843.966       2.945              67              67
   21        -623.048     661.191        -623.048     661.191              21              21
  209        -731.985    -102.244        -731.985    -102.244             209             209
