SINAL     NFT                         FFT                         NFT INVERSA     FFT INVERSA
-----     -----------------------     -----------------------     -----------     -----------
  192       16033.000       0.000       16033.000       0.000             192             192
  126        1032.109     260.245        1032.109     260.245             126             126
  146        -269.634     -56.227        -269.634     -56.227             146             146
    7        -299.072      14.538        -299.072      14.538               7               7
   71       -1514.900    1686.767       -1514.900    1686.767              71              71
  106        -477.316    -368.738        -477.316    -368.738             106             106
  111         739.918     344.253         739.918     344.253             111             111
  160          49.425    -383.766          49.425    -383.766             160             160
    7         587.227    -411.871         587.227    -411.871               7               7
  192        -539.668     -38.262        -539.668     -38.262             192             192
  101          52.187      81.904          52.187      81.904             101             101
  163         739.880     -17.553         739.880     -17.553             163             163
  129         729.700     -90.561         729.700     -90.561             129             129
   18         905.792     778.630         905.792     778.630              18              18
  155        -581.140     438.849        -581.140     438.849             155             155
  210         -38.615     243.144         -38.615     243.144             210             210
  161         217.725     205.027         217.725     205.027             161             161
  235         805.338    -273.534         805.338    -273.534             235             235
   53        -440.475    -332.175        -440.475    -332.175              53              53
  220         220.576     312.386         220.576     312.386             220             220
  169         534.775    -762.849         534.775    -762.849             169             169
  239        -435.825     639.937        -435.825     639.937             239             239
  200        -454.134    -137.307        -454.134    -137.307             200             200
  251         735.310     232.683         735.310     232.683             251             251
   65        1098.187     132.698        1098.187     132.698              65              65
  195         121.534    -619.926         121.534    -619.926             195             195
  118         191.911    -673.643         191.911    -673.643             118             118
   50         215.124     743.514         215.124     743.514              50              50
  167         486.832    -829.280         486.832    -829.280             167             167
   62       -1200.617    -856.822       -1200.617    -856.822              62              62
   19         261.087     596.049         261.087     596.049              19              19
  104         875.963    -178.134         875.963    -178.134             104             104
  189        -876.011     200.981        -876.011     200.981             189             189
  166         391.375     -48.064         391.375     -48.064             166             166
  111         -74.038     -79.493         -74.038     -79.493             111             111
    4         -21.447     449.605         -21.447     449.605               4               4
   16         287.045    -711.336         287.045    -711.336              16              16
  222        -409.902    -151.449        -409.902    -151.449             222             222
  165         952.251    -205.643         952.251    -205.643             165             165
   24         242.952     480.405         242.952     480.405              24              24
  159         355.949     816.153         355.949     816.153             159             159
   10         593.026     339.627         593.026     339.627              10              10
  187         -86.902     757.869         -86.902     757.869             187             187
   33       -1040.856     413.877       -1040.856     413.877              33              33
   29        -199.796     452.669        -199.796     452.669              29              29
   86         762.749     933.947         762.749     933.947              86              86
  243        -644.167    -743.359        -644.167    -743.359             243             243
  191        -988.981      41.810        -988.981      41.810             191             191
   66        -623.708    -576.995        -623.708    -576.995              66              66
   41        -343.412     157.680        -343.412     157.680              41              41
  155       -1089.252     514.548       -1089.252     514.548             155             155
  235         -17.469    -104.515         -17.469    -104.515             235             235
   25          75.837     494.844          75.837     494.844              25              25
  100        -582.699    -107.925        -582.699    -107.925             100             100
  230         154.840     -22.049         154.840     -22.049             230             230
   90        1699.890    -642.177        1699.890    -642.177              90              90
   40         394.604    -368.406         394.604    -368.406              40              40
   93         522.810     126.443         522.810     126.443              93              93
  141         111.367     523.261         111.367     523.261             141             141
  207        -305.210     -70.951        -305.210     -70.951             207             207
  155         184.502     262.586         184.502     262.586             155             155
  161        1144.314    -397.658        1144.314    -397.658             161             161
   55        -727.880    -366.761        -727.880    -366.761              55              55
   89        -485.123   -1288.775        -485.123   -1288.775              89              89
   71        1131.000       0.077        1131.000       0.077              71              71
  167        -485.258    1288.747        -485.258    1288.747             167             167
   93        -727.875     366.666        -727.875     366.666              93              93
   88        1144.306     397.709        1144.306     397.709              88              88
  134         184.503    -262.612         184.503    -262.612             134             134
    3        -305.214      70.891        -305.214      70.891               3               3
  112         111.436    -523.273         111.436    -523.273             112             112
   37         522.839    -126.394         522.839    -126.394              37              37
   14         394.590     368.439         394.590     368.439              14              14
   43        1699.803     642.288        1699.803     642.288              43              43
   70         154.754      22.016         154.754      22.016              70              70
   43        -582.758     107.828        -582.758     107.828              43              43
  130          75.846    -494.873          75.846    -494.873             130             130
   58         -17.532     104.485         -17.532     104.485              58              58
  234       -1089.241    -514.663       -1089.241    -514.663             234             234
  196        -343.404    -157.707        -343.404    -157.707             196             196
   99        -623.763     576.925        -623.763     576.925              99              99
  134        -988.956     -41.927        -988.956     -41.927             134             134
  176        -644.168     743.242        -644.168     743.242             176             176
  124         762.863    -933.951         762.863    -933.951             124             124
  234        -199.764    -452.717        -199.764    -452.717             234             234
  151       -1040.786    -413.994       -1040.786    -413.994             151             151
  215         -86.765    -757.892         -86.765    -757.892             215             215
   19         593.108    -339.585         593.108    -339.585              19              19
  244         356.047    -816.117         356.047    -816.117             244             244
  101         243.022    -480.349         243.022    -480.349             101             101
  226         952.233     205.755         952.233     205.755             226             226
  144        -409.920     151.433        -409.920     151.433             144             144
    6         286.998     711.347         286.998     711.347               6               6
   26         -21.404    -449.626         -21.404    -449.626              26              26
  233         -74.028      79.486         -74.028      79.486             233             233
   78         391.374      48.087         391.374      48.087              78              78
  193        -875.966    -201.057        -875.966    -201.057             193             193
   71         875.983     178.203         875.983     178.203              71              71
  166         261.121    -596.008         261.121    -596.008             166             166
   71       -1200.661     856.744       -1200.661     856.744              71              71
   75         486.822     829.285         486.822     829.285              75              75
   23         215.220    -743.515         215.220    -743.515              23              23
  109         191.889     673.662         191.889     673.662             109             109
   89         121.530     619.898         121.530     619.898              89              89
   67        1098.226    -132.653        1098.226    -132.653              67              67
  180         735.306    -232.648         735.306    -232.648             180             180
  132        -454.161     137.242        -454.161     137.242             132             132
  197        -435.739    -639.980        -435.739    -639.980             197             197
  238         534.746     762.883         534.746     762.883             238             238
  111         220.613    -312.394         220.613    -312.394             111             111
  138        -440.466     332.120        -440.466     332.120             138             138
   82         805.353     273.560         805.353     273.560              82              82
  246         217.752    -205.055         217.752    -205.055             246             246
   59         -38.579    -243.185         -38.579    -243.185              59              59
  207        -581.045    -438.928        -581.045    -438.928             207             207
  225         905.924    -778.554         905.924    -778.554             225             225
  210         729.721      90.634         729.721      90.634             210             210
  167         739.882      17.612         739.882      17.612             167             167
  244          52.189     -81.903          52.189     -81.903             244             244
  198        -539.636      38.219        -539.636      38.219             198             198
   12         587.241     411.910         587.241     411.910              12              12
  214          49.434     383.732          49.434     383.732             214             214
   87         739.972    -344.227         739.972    -344.227              87              87
   19        -477.332     368.645        -477.332     368.645              19              19
  240       -1514.659   -1686.914       -1514.659   -1686.914             240             240
   65        -298.888     -14.533        -298.888     -14.533              65              65
   97        -269.374      56.211        -269.374      56.211              97              97
  178        1032.582    -260.152        1032.582    -260.152             178             178
