SINAL     NFT                         FFT                         NFT INVERSA     FFT INVERSA
-----     -----------------------     -----------------------     -----------     -----------
  178       17057.000       0.000       17057.000       0.000             178             178
  153        -518.421     578.550        -518.421     578.550             153             153
   17       -1119.410    -202.082       -1119.410    -202.082              17              17
   18        -390.403     190.295        -390.403     190.295              18              18
    1        -595.275     438.680        -595.275     438.680               1               1
   35        1067.774      -4.359        1067.774      -4.359              35              35
  184        -197.326     332.999        -197.326     332.999             184             184
  156         239.121     116.942         239.121     116.942             156             156
    3        -181.894     -80.568        -181.894     -80.568               3               3
  171         131.043     719.883         131.043     719.883             171             171
  180        -349.076     818.579        -349.076     818.579             180             180
  129         646.608     596.219         646.608     596.219             129             129
   15         691.460     103.968         691.460     103.968              15              15
   75         454.803     375.161         454.803     375.161              75              75
  231        -862.231    1736.038        -862.231    1736.038             231             231
   13         147.080    -447.932         147.080    -447.932              13              13
  190         -28.679     970.847         -28.679     970.847             190             190
   79         -61.139    -542.916         -61.139    -542.916              79              79
   99          24.507    -581.062          24.507    -581.062              99              99
  160         218.739     144.924         218.739     144.924             160             160
   87        -534.011    -564.609        -534.011    -564.609              87              87
  234         716.323    -583.661         716.323    -583.661             234             234
  199        -191.615    -355.155        -191.615    -355.155             199             199
  141         670.512    -236.691         670.512    -236.691             141             141
  238         734.791     285.269         734.791     285.269             238             238
  195         384.555    -724.776         384.555    -724.776             195             195
  115         507.057     382.536         507.057     382.536             115             115
  137         158.819    -834.784         158.819    -834.784             137             137
  101         724.351    -344.297         724.351    -344.297             101             101
   78        -361.709    -664.659        -361.709    -664.659              78              78
  208          84.879     377.287          84.879     377.287             208             208
   24        -439.175    -743.656        -439.175    -743.656              24              24
  232        -111.993    -450.997        -111.993    -450.997             232             232
  225        -543.568    -241.095        -543.568    -241.095             225             225
   43         122.251     171.223         122.251     171.223              43              43
  234         771.940     870.307         771.940     870.307             234             234
    4         -47.314      75.721         -47.314      75.721               4               4
  227        1179.139     663.391        1179.139     663.391             227             227
  134        -184.687     153.038        -184.687     153.038             134             134
    7         660.340     117.574         660.340     117.574               7               7
  143         -88.503    -927.037         -88.503    -927.037             143             143
   59        1095.774     422.902        1095.774     422.902              59              59
  137         100.824    -676.588         100.824    -676.588             137             137
  158         778.826     712.542         778.826     712.542             158             158
  135        -478.467     522.662        -478.467     522.662             135             135
  112       -1082.486    -366.725       -1082.486    -366.725             112             112
  171        -538.823      57.209        -538.823      57.209             171             171
   69         675.467    -208.423         675.467    -208.423              69              69
  192        1556.669    -661.100        1556.669    -661.100             192             192
   15        -471.674    -613.180        -471.674    -613.180              15              15
  230       -1326.642     102.741       -1326.642     102.741             230             230
   23         755.864     714.118         755.864     714.118              23              23
  250        -455.413    -139.217        -455.413    -139.217             250             250
  173        -975.694     691.275        -975.694     691.275             173             173
  165         464.431     954.403         464.431     954.403             165             165
  232        -177.310     340.050        -177.310     340.050             232             232
  113         375.646    -836.874         375.646    -836.874             113             113
   25        -247.165   -1124.078        -247.165   -1124.078              25              25
  113         335.740     938.158         335.740     938.158             113             113
  214         -87.017    -657.958         -87.017    -657.958             214             214
  104        -145.379    -367.727        -145.379    -367.727             104             104
   65        -156.100    1170.366        -156.100    1170.366              65              65
  239          -5.987    -398.379          -5.987    -398.379             239             239
   80        -633.038     874.578        -633.038     874.578              80              80
   34         -49.000      -0.033         -49.000      -0.033              34              34
   26        -632.956    -874.656        -632.956    -874.656              26              26
   58          -6.000     398.357          -6.000     398.357              58              58
   39        -155.990   -1170.383        -155.990   -1170.383              39              39
  254        -145.393     367.742        -145.393     367.742             254             254
  193         -87.050     657.928         -87.050     657.928             193             193
   47         335.829    -938.128         335.829    -938.128              47              47
  141        -247.250    1124.068        -247.250    1124.068             141             141
  252         375.582     836.844         375.582     836.844             252             252
  185        -177.282    -340.143        -177.282    -340.143             185             185
   44         464.493    -954.403         464.493    -954.403              44              44
  131        -975.647    -691.351        -975.647    -691.351             131             131
   41        -455.385     139.180        -455.385     139.180              41              41
  216         755.929    -714.048         755.929    -714.048             216             216
  201       -1326.622    -102.814       -1326.622    -102.814             201             201
  234        -471.637     613.163        -471.637     613.163             234             234
  232        1556.663     661.216        1556.663     661.216             232             232
  175         675.418     208.446         675.418     208.446             175             175
    1        -538.851     -57.280        -538.851     -57.280               1               1
  226       -1082.493     366.598       -1082.493     366.598             226             226
   93        -478.345    -522.740        -478.345    -522.740              93              93
  167         778.948    -712.467         778.948    -712.467             167             167
  202         100.813     676.599         100.813     676.599             202             202
  206        1095.833    -422.814        1095.833    -422.814             206             206
  192         -88.570     927.014         -88.570     927.014             192             192
   59         660.365    -117.566         660.365    -117.566              59              59
  165        -184.650    -153.092        -184.650    -153.092             165             165
   41        1179.205    -663.312        1179.205    -663.312              41              41
  125         -47.315     -75.736         -47.315     -75.736             125             125
  149         772.003    -870.235         772.003    -870.235             149             149
  121         122.230    -171.174         122.230    -171.174             121             121
  160        -543.601     241.083        -543.601     241.083             160             160
  176        -112.022     451.008        -112.022     451.008             176             176
  180        -439.215     743.607        -439.215     743.607             180             180
  199          84.943    -377.284          84.943    -377.284             199             199
  174        -361.717     664.636        -361.717     664.636             174             174
  117         724.367     344.348         724.367     344.348             117             117
  247         158.777     834.764         158.777     834.764             247             247
   60         507.118    -382.521         507.118    -382.521              60              60
  114         384.518     724.784         384.518     724.784             114             114
  176         734.827    -285.236         734.827    -285.236             176             176
  105         670.476     236.738         670.476     236.738             105             105
  246        -191.652     355.125        -191.652     355.125             246             246
  218         716.263     583.693         716.263     583.693             218             218
   65        -534.067     564.511        -534.067     564.511              65              65
  192         218.764    -144.953         218.764    -144.953             192             192
  196          24.463     581.017          24.463     581.017             196             196
   42         -61.174     542.821         -61.174     542.821              42              42
  111         -28.580    -970.922         -28.580    -970.922             111             111
  198         147.052     447.869         147.052     447.869             198             198
   12        -862.045   -1736.167        -862.045   -1736.167              12              12
  205         454.902    -375.126         454.902    -375.126             205             205
  109         691.506    -103.935         691.506    -103.935             109             109
  214         646.661    -596.197         646.661    -596.197             214             214
  156        -348.997    -818.618        -348.997    -818.618             156             156
   46         131.135    -719.853         131.135    -719.853              46              46
   18        -181.859      80.570        -181.859      80.570              18              18
   66         239.180    -116.924         239.180    -116.924              66              66
   87        -197.231    -333.013        -197.231    -333.013              87              87
  144        1067.822       4.448        1067.822       4.448             144             144
  215        -595.194    -438.728        -595.194    -438.728             215             215
  209        -390.282    -190.310        -390.282    -190.310             209             209
   48       -1119.219     201.991       -1119.219     201.991              48              48
  135        -517.904    -578.583        -517.904    -578.583             135             135
