SINAL     NFT                         FFT                         NFT INVERSA     FFT INVERSA
-----     -----------------------     -----------------------     -----------     -----------
  250       15522.000       0.000       15522.000       0.000             250             250
   28         568.403     650.992         568.403     650.992              28              28
  198         -33.628     150.567         -33.628     150.567             198             198
  190         157.800    -734.602         157.800    -734.602             190             190
   31        -703.182    -892.314        -703.182    -892.314              31              31
   90        -846.717     264.747        -846.717     264.747              90              90
   68        -452.682    -452.313        -452.682    -452.313              68              68
  186         263.520     276.709         263.520     276.709             186             186
   44         413.778     990.095         413.778     990.095              44              44
  191         154.373    -245.084         154.373    -245.084             191             191
  235         336.251      93.589         336.251      93.589             235             235
  233         194.586      91.149         194.586      91.149             233             233
  248        -166.993     414.907        -166.993     414.907             248             248
   17         704.290    -262.849         704.290    -262.849              17              17
  248         239.722    -672.557         239.722    -672.557             248             248
  173          32.774    -978.563          32.774    -978.563             173             173
   25         125.071    -227.504         125.071    -227.504              25              25
  212         235.128     753.833         235.128     753.833             212             212
  147        -753.997    -522.342        -753.997    -522.342             147             147
   47        -510.533     236.079        -510.533     236.079              47              47
  188         732.382    -754.749         732.382    -754.749             188             188
  100       -1082.231     791.518       -1082.231     791.518             100             100
   32        -416.659      25.521        -416.659      25.521              32              32
   87         217.517    -782.530         217.517    -782.530              87              87
   32         176.100    -155.936         176.100    -155.936              32              32
   18         444.378    -255.648         444.378    -255.648              18              18
   97        -867.298     542.944        -867.298     542.944              97              97
   45         -42.159    -772.921         -42.159    -772.921              45              45
  144        1108.904   -1392.232        1108.904   -1392.232             144             144
  229       -1117.405    1199.372       -1117.405    1199.372             229             229
   11        -445.053    -400.664        -445.053    -400.664              11              11
  139         429.293     231.171         429.293     231.171             139             139
    2        -768.990    -217.016        -768.990    -217.016               2               2
  209         105.849      52.368         105.849      52.368             209             209
   73        -285.516     847.040        -285.516     847.040              73              73
   33        1246.410    -277.370        1246.410    -277.370              33              33
   43          48.369     837.845          48.369     837.845              43              43
  142         509.675    -165.247         509.675    -165.247             142             142
  219         666.956     130.556         666.956     130.556             219             219
   87        -250.368    -171.790        -250.368    -171.790              87              87
   77        -674.023    -344.024        -674.023    -344.024              77              77
  198         511.884    -182.418         511.884    -182.418             198             198
   65         210.245    -338.969         210.245    -338.969              65              65
   70         785.388    1470.983         785.388    1470.983              70              70
  216         958.332      29.756         958.332      29.756             216             216
   58        1207.560    -587.517        1207.560    -587.517              58              58
  243         -53.529    -272.897         -53.529    -272.897             243             243
  242         621.899    -290.649         621.899    -290.649             242             242
   14       -1183.063    -291.535       -1183.063    -291.535              14              14
  134         282.823    1118.364         282.823    1118.364             134             134
   33        1235.668      18.483        1235.668      18.483              33              33
  203        -283.619     356.940        -283.619     356.940             203             203
  234         595.474     404.980         595.474     404.980             234             234
   65        1440.088     -44.770        1440.088     -44.770              65              65
   34        1157.370     787.330        1157.370     787.330              34              34
   11         665.702    -469.419         665.702    -469.419              11              11
   83         112.125     290.025         112.125     290.025              83              83
  131        -151.124     606.483        -151.124     606.483             131             131
   56         320.224    -420.792         320.224    -420.792              56              56
  228        -259.070    -351.372        -259.070    -351.372             228             228
  105       -1197.248    -424.713       -1197.248    -424.713             105             105
   68         507.774    -578.120         507.774    -578.120              68              68
  111         405.911      89.567         405.911      89.567             111             111
  107         584.122    -733.823         584.122    -733.823             107             107
   21         140.000       0.019         140.000       0.019              21              21
  185         584.058     733.871         584.058     733.871             185             185
  140         405.899     -89.545         405.899     -89.545             140             140
   64         507.679     578.152         507.679     578.152              64              64
   71       -1197.302     424.580       -1197.302     424.580              71              71
  103        -259.060     351.307        -259.060     351.307             103             103
  152         320.220     420.753         320.220     420.753             152             152
  149        -151.041    -606.553        -151.041    -606.553             149             149
   46         112.205    -290.039         112.205    -290.039              46              46
  218         665.720     469.430         665.720     469.430             218             218
  219        1157.471    -787.276        1157.471    -787.276             219             219
    7        1440.070      44.865        1440.070      44.865               7               7
   20         595.462    -404.962         595.462    -404.962              20              20
  206        -283.600    -356.981        -283.600    -356.981             206             206
  249        1235.654     -18.406        1235.654     -18.406             249             249
   35         282.855   -1118.338         282.855   -1118.338              35              35
   85       -1183.091     291.463       -1183.091     291.463              85              85
   26         621.907     290.701         621.907     290.701              26              26
  238         -53.522     272.880         -53.522     272.880             238             238
   64        1207.536     587.580        1207.536     587.580              64              64
   92         958.316     -29.743         958.316     -29.743              92              92
   16         785.468   -1470.929         785.468   -1470.929              16              16
   76         210.173     339.010         210.173     339.010              76              76
  175         511.817     182.457         511.817     182.457             175             175
  147        -674.086     343.949        -674.086     343.949             147             147
  133        -250.366     171.735        -250.366     171.735             133             133
  148         666.978    -130.532         666.978    -130.532             148             148
  252         509.644     165.249         509.644     165.249             252             252
  201          48.431    -837.864          48.431    -837.864             201             201
    4        1246.350     277.458        1246.350     277.458               4               4
  103        -285.504    -847.075        -285.504    -847.075             103             103
  222         105.809     -52.343         105.809     -52.343             222             222
  190        -769.029     216.951        -769.029     216.951             190             190
  244         429.298    -231.137         429.298    -231.137             244             244
   31        -445.119     400.613        -445.119     400.613              31              31
    5       -1117.277   -1199.440       -1117.277   -1199.440               5               5
   91        1108.809    1392.358        1108.809    1392.358              91              91
  184         -42.256     772.874         -42.256     772.874             184             184
  155        -867.245    -543.048        -867.245    -543.048             155             155
  138         444.380     255.682         444.380     255.682             138             138
  146         176.084     155.943         176.084     155.943             146             146
  118         217.433     782.517         217.433     782.517             118             118
  146        -416.679     -25.610        -416.679     -25.610             146             146
  167       -1082.136    -791.619       -1082.136    -791.619             167             167
   69         732.345     754.803         732.345     754.803              69              69
  140        -510.515    -236.145        -510.515    -236.145             140             140
  202        -753.998     522.249        -753.998     522.249             202             202
  155         235.247    -753.828         235.247    -753.828             155             155
  167         125.092     227.536         125.092     227.536             167             167
  184          32.735     978.557          32.735     978.557             184             184
  219         239.714     672.527         239.714     672.527             219             219
    3         704.292     262.839         704.292     262.839               3               3
  201        -166.938    -414.974        -166.938    -414.974             201             201
   39         194.632     -91.167         194.632     -91.167              39              39
  178         336.292     -93.592         336.292     -93.592             178             178
   92         154.385     245.049         154.385     245.049              92              92
  172         413.890    -990.090         413.890    -990.090             172             172
   71         263.555    -276.673         263.555    -276.673              71              71
   89        -452.698     452.274        -452.698     452.274              89              89
  118        -846.626    -264.817        -846.626    -264.817             118             118
   76        -703.126     892.249        -703.126     892.249              76              76
  193         157.910     734.559         157.910     734.559             193             193
   85         -33.384    -150.639         -33.384    -150.639              85              85
   10         568.882    -650.978         568.882    -650.978              10              10
