SINAL     NFT                         FFT                         NFT INVERSA     FFT INVERSA
-----     -----------------------     -----------------------     -----------     -----------
   16       15550.000       0.000            -nan        -nan              16            -nan
   83         551.200     -41.857            -nan        -nan              83            -nan
  117         733.299     395.986            -nan        -nan             117            -nan
  163        -371.897     419.736            -nan        -nan             163            -nan
  212         177.345    -410.914            -nan        -nan             212            -nan
   88         -24.020    -486.113            -nan        -nan              88            -nan
  172         470.476     394.589            -nan        -nan             172            -nan
  222        -584.401    -335.442            -nan        -nan             222            -nan
  159        -218.805     157.529           0.000      -0.000             159            -nan
   59        -595.736     237.607            -nan        -nan              59               0
  133          16.544      81.871            -nan        -nan             133            -nan
   87         111.024    -443.563       -2242.611   -3802.158              87            -nan
  176         222.222     653.950        2367.788   -1521.670             176               1
  123       -1354.560    -301.054         -83.149       0.000             123               1
   39        -850.396     474.912           0.000      -0.000              39               0
  193          -8.861     145.379            -nan        -nan             193               0
  205         448.174     457.122           0.000       0.000             205            -nan
   30        -237.619     216.107     -304854060850104909311224385471569580799332494188497236369050973015295143396050254276073635226219883822530516463061109206935754444482262987670598203037314787283552783881483988447903966906862636317325353083942465448004157011075167827479889711562992243978924204274279705153039988602102545483992495334359040.000 29532596493198199841820628790321597610205031878176457073500762265088500302956324189992073345392417290054973509048884648189807010289868083410057746294159584240884267713891795425806251216568431584753877051521404992127836664126610023610719006921618542209189363332457582724731908295061308550385612466683904.000              30               0
   15        -956.283     406.751            -nan       0.000              15            -1375287276192659461239792586347409954471046226764068405498167279325631754851093412659782064837680746861942538240
  153        -106.541   -1540.599          19.148      -9.545             153            -nan
   62         222.536    -389.413     -29680244476962599353798882699696099123530433505147682796408870897661847563979061288922260978149202747810651742087340758513005595389015623322054428968768883250256413961040224892163058480157365516131716052583835303422928889275807932258298561403615013112475392825320684796172196758803605094400.000 -71654531540065393575560901402531653024925657064213791536455032993958979587971287174841508576492610920582920518012518180906533174226922780068378774341181396246881626012217682910010383229771116623392376521450797082214476654062210237046350630861723944924505616465161778630561701074748177383424.000              62               0
   94        1103.866     838.594           0.000       0.000              94            -158725009284511400395594447871147798427564465041020114871246969891497505654631076149803567857458888032763752909926189540311040
  124        -243.787     147.164           0.000       0.000             124               0
  166         183.059     378.317     -9846526503540559970905025283741184372292516446046893308491906768188973022255312660185879512870077467639170042399883052860182500067741156266575248940520552827599359066837255599674851327660099752302398907016602976256.000       0.000             166               0
  204        -848.030     385.524           0.000       0.000             204            -76925988308910624772695510029228002908535284734741353972593021626476351736369630157702183694297480215931015956249086350470175781779227783332619132347816818965619992709666059372459775997344529314862491461067210752
  156         105.113     380.737           0.000      -0.000             156              -0
   65        -334.076    -210.587           0.000       0.000              65               0
  181        -550.372    -469.886        -562.311     438.832             181               0
   13          43.769     363.397           0.000       0.000              13              -0
   65        -131.936     673.117          -5.706     -71.221              65               0
  213       -1287.912    1049.300            -nan        -nan             213               0
   29        -156.376     425.203            -nan        -nan              29            -nan
  149          59.989     671.990           0.000      -0.000             149            -nan
   74        -153.834     -53.285           0.000      -0.000              74              -0
  193         495.435     218.850          -0.000      -0.000             193              -0
  105         -10.923    -803.220           0.000      -0.000             105              -0
  162       -1141.560    -392.669           0.000      -0.000             162              -0
  109         331.764     209.439          -0.000      -0.000             109              -0
   71         -41.360      -5.792           0.000      -0.000              71              -0
   66         405.995     355.659           0.000      -0.000              66              -0
  169         -44.685     -61.591          -0.000      -0.000             169              -0
  205          29.205     294.793          -0.000      -0.000             205              -0
  153        -564.075    -326.849           0.000      -0.000             153              -0
   90         377.556    -820.110          -0.000      -0.000              90              -0
   72        -779.801   -1017.576           0.000      -0.000              72              -0
  192        -702.669     174.641           0.000      -0.000             192              -0
   27          42.315    -197.500           0.000      -0.000              27              -0
   22        -632.815     736.468          -0.000      -0.000              22              -0
  222         849.841    -592.858          -0.000      -0.000             222              -0
   43          74.884     120.553          -0.000      -0.000              43              -0
  175        -876.507     763.592          -0.000      -0.000             175              -0
   29        -451.057     298.743          -0.000      -0.000              29              -0
  138        -233.571    -127.208          -0.000      -0.000             138              -0
   44        -636.733    -899.170           0.000      -0.000              44              -0
  196         140.517    -528.084          -0.000      -0.000             196              -0
   86        -549.102    -455.278           0.000      -0.000              86              -0
  200         539.503     262.433           0.000      -0.000             200              -0
    5         224.871    -534.802          -0.000      -0.000               5              -0
   12       -1158.566    -685.776          -0.000      -0.000              12              -0
  214        1184.510     633.233          -0.000      -0.000             214              -0
   71           1.101    -255.925     -4019498648994490801874365320022458368.000      -0.000              71              -0
  226        1281.790     928.306          -0.000      -0.000             226               0
  244        -609.619    -530.677          -0.000      -0.000             244               0
  221         398.530     800.957          -0.000      -0.000             221               0
   44        -258.000      -0.028           0.000       0.000              44               0
  182         398.596    -800.923           0.000       0.000             182               0
   70        -609.642     530.625           0.000       0.000              70               0
  207        1281.879    -928.195           0.000       0.000             207               0
   35           1.062     255.948           0.000       0.000              35               0
  142        1184.514    -633.100           0.000       0.000             142               0
   17       -1158.665     685.719           0.000       0.000              17               0
  205         224.831     534.820           0.000       0.000             205               0
   91         539.491    -262.380           0.000       0.000              91               0
  171        -549.175     455.253           0.000       0.000             171               0
   39         140.445     528.102           0.000       0.000              39               0
  164        -636.835     899.090           0.000       0.000             164               0
  107        -233.594     127.136           0.000       0.000             107               0
   67        -451.045    -298.822           0.000       0.000              67               0
  187        -876.424    -763.671           0.000       0.000             187               0
   74          74.933    -120.523           0.000       0.000              74               0
  110         849.780     592.923           0.000       0.000             110               0
  106        -632.779    -736.522           0.000       0.000             106               0
  104          42.284     197.527           0.000       0.000             104               0
  248        -702.667    -174.668           0.000       0.000             248               0
  151        -779.858    1017.532           0.000       0.000             151               0
   44         377.508     820.114           0.000       0.000              44               0
   79        -564.090     326.752           0.000       0.000              79               0
   95          29.255    -294.828           0.000       0.000              95               0
   50         -44.668      61.562           0.000       0.000              50               0
   92         406.032    -355.642           0.000       0.000              92               0
   54         -41.366       5.781           0.000       0.000              54               0
  122         331.757    -209.410           0.000       0.000             122               0
   62       -1141.596     392.578           0.000       0.000              62               0
   42         -10.954     803.182           0.000       0.000              42               0
   87         495.459    -218.862           0.000       0.000              87               0
  107        -153.850      53.220           0.000       0.000             107               0
  225          60.032    -672.031           0.000       0.000             225               0
  158        -156.371    -425.248           0.000       0.000             158               0
   58       -1287.820   -1049.418           0.000       0.000              58               0
    4        -131.842    -673.104           0.000       0.000               4               0
   44          43.812    -363.354           0.000       0.000              44               0
   75        -550.399     469.862           0.000       0.000              75               0
  209        -334.061     210.543           0.000       0.000             209               0
  136         105.164    -380.745           0.000       0.000             136               0
  246        -847.964    -385.597           0.000       0.000             246               0
  248         183.141    -378.291           0.000       0.000             248               0
   45        -243.721    -147.174           0.000       0.000              45               0
   98        1103.965    -838.463           0.000       0.000              98               0
   60         222.485     389.494           0.000       0.000              60               0
  232        -106.693    1540.580           0.000       0.000             232               0
  173        -956.240    -406.878           0.000       0.000             173               0
  170        -237.556    -216.146           0.000       0.000             170               0
   83         448.234    -457.089           0.000       0.000              83               0
   21          -8.861    -145.376           0.000       0.000              21               0
  162        -850.358    -474.968           0.000       0.000             162               0
  234       -1354.524     300.949           0.000       0.000             234               0
   66         222.360    -653.916           0.000       0.000              66               0
  242         111.039     443.592           0.000       0.000             242               0
   74          16.589     -81.873           0.000       0.000              74               0
  117        -595.665    -237.650           0.000       0.000             117               0
   78        -218.720    -157.527           0.000       0.000              78               0
  128        -584.330     335.403           0.000       0.000             128               0
  239         470.616    -394.535           0.000       0.000             239               0
  140         -23.960     486.129           0.000       0.000             140               0
  171         177.429     410.911           0.000       0.000             171               0
   70        -371.691    -419.785           0.000       0.000              70               0
  247         733.572    -395.912           0.000       0.000             247               0
  140         551.608      41.923           0.000       0.000             140               0
