SINAL     NFT                         FFT                         NFT INVERSA     FFT INVERSA
-----     -----------------------     -----------------------     -----------     -----------
  135       15782.000       0.000       15782.000       0.000             135             135
  113          65.368     430.783          65.368     430.783             113             113
   23        -375.001    1348.527        -375.001    1348.527              23              23
  156        -218.102    -239.108        -218.102    -239.108             156             156
  233          94.391      -6.638          94.391      -6.638             233             233
   90         209.428    -619.514         209.428    -619.514              90              90
    3         740.317     207.251         740.317     207.251               3               3
  182        -392.530     745.822        -392.530     745.822             182             182
  122        -741.197    -423.198        -741.197    -423.198             122             122
   32        -524.342     289.537        -524.342     289.537              32              32
  222        -306.742    -745.405        -306.742    -745.405             222             222
  143         393.458    -691.523         393.458    -691.523             143             143
   44         228.700     994.452         228.700     994.452              44              44
   51         526.829     -56.829         526.829     -56.829              51              51
   22         559.755     -62.999         559.755     -62.999              22              22
  179       -1009.084      10.405       -1009.084      10.405             179             179
   77        -110.025     380.468        -110.025     380.468              77              77
  112        -441.519    -252.646        -441.519    -252.646             112             112
   21        -397.489    -336.281        -397.489    -336.281              21              21
   82         500.399    -450.667         500.399    -450.667              82              82
  154        -290.688     -84.986        -290.688     -84.986             154             154
  243        -718.897      88.020        -718.897      88.020             243             243
   14        -433.482    1044.997        -433.482    1044.997              14              14
   93         655.069     373.238         655.069     373.238              93              93
  166        -175.236    -335.852        -175.236    -335.852             166             166
   27         320.943     345.489         320.943     345.489              27              27
   53         494.572     672.076         494.572     672.076              53              53
  156          59.700    -648.727          59.700    -648.727             156             156
  175          11.628    -647.190          11.628    -647.190             175             175
  183        -478.818    1085.848        -478.818    1085.848             183             183
  144        -778.227    -152.308        -778.227    -152.308             144             144
   55        1144.816     984.875        1144.816     984.875              55              55
   41         401.019    -859.001         401.019    -859.001              41              41
  168         568.089     295.625         568.089     295.625             168             168
  211         741.812    1050.828         741.812    1050.828             211             211
   18         -32.995    -415.414         -32.995    -415.414              18              18
    3        -582.843    -119.233        -582.843    -119.233               3               3
  215        1185.997    -433.527        1185.997    -433.527             215             215
  201         801.304    -108.819         801.304    -108.819             201             201
  125         408.754   -2079.540         408.754   -2079.540             125             125
  247        -532.396    -126.804        -532.396    -126.804             247             247
  168         193.651    -395.856         193.651    -395.856             168             168
   13        1254.887    -338.861        1254.887    -338.861              13              13
   36        -364.298     197.509        -364.298     197.509              36              36
  219         385.651     443.062         385.651     443.062             219             219
   35        -550.475    -438.765        -550.475    -438.765              35              35
  215        -966.196     231.829        -966.196     231.829             215             215
   40         111.093     819.852         111.093     819.852              40              40
  148        -563.972    -107.553        -563.972    -107.553             148             148
  237         553.996     304.082         553.996     304.082             237             237
  123         488.937      54.607         488.937      54.607             123             123
   47        -286.886     105.971        -286.886     105.971              47              47
  224         174.102     214.416         174.102     214.416             224             224
  137         165.219    -493.289         165.219    -493.289             137             137
  141          72.855     -70.422          72.855     -70.422             141             141
  134          67.316    -223.517          67.316    -223.517             134             134
  165        -119.179    -106.150        -119.179    -106.150             165             165
  194        -372.327    -301.000        -372.327    -301.000             194             194
   35         343.328     935.751         343.328     935.751              35              35
   84         209.080     315.131         209.080     315.131              84              84
  121        -581.029     941.247        -581.029     941.247             121             121
  180        -104.019    -239.868        -104.019    -239.868             180             180
  140         367.277    -992.372         367.277    -992.372             140             140
  162        -469.055    1379.760        -469.055    1379.760             162             162
   92       -1668.000      -0.106       -1668.000      -0.106              92              92
   96        -468.884   -1379.809        -468.884   -1379.809              96              96
  181         367.225     992.407         367.225     992.407             181             181
   96        -104.036     239.799        -104.036     239.799              96              96
   55        -580.925    -941.336        -580.925    -941.336              55              55
  127         209.141    -315.126         209.141    -315.126             127             127
  222         343.412    -935.706         343.412    -935.706             222             222
   47        -372.347     300.998        -372.347     300.998              47              47
   39        -119.164     106.147        -119.164     106.147              39              39
  235          67.320     223.521          67.320     223.521             235             235
   83          72.869      70.424          72.869      70.424              83              83
    2         165.193     493.282         165.193     493.282               2               2
   15         174.125    -214.431         174.125    -214.431              15              15
   43        -286.860    -106.012        -286.860    -106.012              43              43
   43         488.962     -54.585         488.962     -54.585              43              43
  164         554.002    -304.048         554.002    -304.048             164             164
   24        -563.997     107.487        -563.997     107.487              24              24
  166         111.154    -819.847         111.154    -819.847             166             166
  211        -966.169    -231.882        -966.169    -231.882             211             211
  249        -550.456     438.727        -550.456     438.727             249             249
   48         385.738    -443.028         385.738    -443.028              48              48
   96        -364.225    -197.508        -364.225    -197.508              96              96
  127        1254.896     338.998        1254.896     338.998             127             127
  213         193.610     395.892         193.610     395.892             213             213
   34        -532.379     126.796        -532.379     126.796              34              34
  163         408.634    2079.560         408.634    2079.560             163             163
   42         801.327     108.823         801.327     108.823              42              42
  156        1185.941     433.578        1185.941     433.578             156             156
   87        -582.871     119.134        -582.871     119.134              87              87
  183         -32.998     415.342         -32.998     415.342             183             183
   63         741.923   -1050.814         741.923   -1050.814              63              63
  180         568.113    -295.575         568.113    -295.575             180             180
   23         400.943     858.998         400.943     858.998              23              23
  245        1144.853    -984.819        1144.853    -984.819             245             245
   20        -778.290     152.223        -778.290     152.223              20              20
   78        -478.722   -1085.883        -478.722   -1085.883              78              78
  116          11.592     647.211          11.592     647.211             116             116
  242          59.665     648.692          59.665     648.692             242             242
  126         494.636    -672.076         494.636    -672.076             126             126
  155         320.958    -345.466         320.958    -345.466             155             155
  222        -175.269     335.818        -175.269     335.818             222             222
  209         655.080    -373.221         655.080    -373.221             209             209
  158        -433.430   -1045.030        -433.430   -1045.030             158             158
  237        -718.887     -88.048        -718.887     -88.048             237             237
  253        -290.664      84.986        -290.664      84.986             253             253
  201         500.371     450.717         500.371     450.717             201             201
  145        -397.523     336.234        -397.523     336.234             145             145
   21        -441.521     252.579        -441.521     252.579              21              21
  112        -109.973    -380.498        -109.973    -380.498             112             112
  101       -1009.028     -10.495       -1009.028     -10.495             101             101
   14         559.822      63.034         559.822      63.034              14              14
  161         526.858      56.848         526.858      56.848             161             161
  197         228.803    -994.420         228.803    -994.420             197             197
  142         393.405     691.586         393.405     691.586             142             142
  119        -306.803     745.355        -306.803     745.355             119             119
  232        -524.293    -289.611        -524.293    -289.611             232             232
   49        -741.171     423.104        -741.171     423.104              49              49
  162        -392.365    -745.880        -392.365    -745.880             162             162
  132         740.428    -207.175         740.428    -207.175             132             132
  137         209.448     619.525         209.448     619.525             137             137
   89          94.477       6.615          94.477       6.615              89              89
  196        -217.998     239.040        -217.998     239.040             196             196
   61        -374.675   -1348.579        -374.675   -1348.579              61              61
  113          65.833    -430.742          65.833    -430.742             113             113
