SINAL     NFT                         FFT                         NFT INVERSA     FFT INVERSA
-----     -----------------------     -----------------------     -----------     -----------
  193       15393.000       0.000       15393.000       0.000             193             193
   93        -414.358     395.898        -414.358     395.898              93              93
   64           3.459    -368.409           3.459    -368.409              64              64
   54        -953.362     -30.402        -953.362     -30.402              54              54
  147         176.719     213.420         176.719     213.420             147             147
  176        -246.799    -461.065        -246.799    -461.065             176             176
   67         108.044     666.054         108.044     666.054              67              67
  115          23.867     182.472          23.867     182.472             115             115
    6        -673.303     298.916        -673.303     298.916               6               6
   68         238.074    -546.268         238.074    -546.268              68              68
  209         875.838    -160.616         875.838    -160.616             209             209
   82         632.614      80.944         632.614      80.944              82              82
   97       -1459.821    -465.542       -1459.821    -465.542              97              97
  210          -1.695     -50.795          -1.695     -50.795             210             210
  112         175.037    -768.165         175.037    -768.165             112             112
  153         -32.894     279.807         -32.894     279.807             153             153
  228        -249.932     839.620        -249.932     839.620             228             228
  168         226.205     562.874         226.205     562.874             168             168
    6         216.483   -1019.767         216.483   -1019.767               6               6
   33         214.326     448.460         214.326     448.460              33              33
  124        -253.629     415.186        -253.629     415.186             124             124
  113        -856.591     208.904        -856.591     208.904             113             113
  227         -87.607     308.326         -87.607     308.326             227             227
  128         307.895     303.375         307.895     303.375             128             128
   84        1089.390     304.431        1089.390     304.431              84              84
   72         113.240    -869.147         113.240    -869.147              72              72
  142         361.363    -899.893         361.363    -899.893             142             142
  227        -268.850     757.598        -268.850     757.598             227             227
  139         313.525    -717.232         313.525    -717.232             139             139
   15        -101.344     -68.817        -101.344     -68.817              15              15
  232        1507.856    -834.070        1507.856    -834.070             232             232
   77        -168.963    -403.245        -168.963    -403.245              77              77
  109         729.991     233.020         729.991     233.020             109             109
   41         536.599     272.541         536.599     272.541              41              41
  131        -614.307      60.060        -614.307      60.060             131             131
    0         333.028    -172.327         333.028    -172.327              -0              -0
  217        -610.774     124.657        -610.774     124.657             217             217
  198         -62.015     543.662         -62.015     543.662             198             198
  115        1064.190     331.408        1064.190     331.408             115             115
  224         136.052    -465.229         136.052    -465.229             224             224
   11        1189.279      82.873        1189.279      82.873              11              11
   69       -1461.313     -79.717       -1461.313     -79.717              69              69
   50         433.444    -389.966         433.444    -389.966              50              50
  109        -296.800    -543.357        -296.800    -543.357             109             109
   23       -1015.832    -879.620       -1015.832    -879.620              23              23
  162         587.716     679.572         587.716     679.572             162             162
    6         -45.194    1347.124         -45.194    1347.124               6               6
  251        -628.192    -259.358        -628.192    -259.358             251             251
   75        -882.071     219.578        -882.071     219.578              75              75
   13          -5.433    -582.604          -5.433    -582.604              13              13
   29         521.818    -285.495         521.818    -285.495              29              29
  199         -33.816     966.109         -33.816     966.109             199             199
  126         387.737    -584.871         387.737    -584.871             126             126
    0          -6.940    -471.193          -6.940    -471.193              -0              -0
   72        -109.451    -754.468        -109.451    -754.468              72              72
  210        -327.124    -616.234        -327.124    -616.234             210             210
   72        1062.637    -350.616        1062.637    -350.616              72              72
  214         523.184    -433.476         523.184    -433.476             214             214
  182        -242.729    -654.115        -242.729    -654.115             182             182
  211         851.133     211.379         851.133     211.379             211             211
  229        1518.139    -465.149        1518.139    -465.149             229             229
  158          79.414    -412.360          79.414    -412.360             158             158
   33        -120.206     833.599        -120.206     833.599              33              33
   82         871.155     476.041         871.155     476.041              82              82
  199       -1045.000      -0.059       -1045.000      -0.059             199             199
  164         871.218    -475.985         871.218    -475.985             164             164
   82        -120.130    -833.579        -120.130    -833.579              82              82
  161          79.422     412.410          79.422     412.410             161             161
  107        1518.115     465.286        1518.115     465.286             107             107
  198         851.107    -211.290         851.107    -211.290             198             198
  129        -242.811     654.116        -242.811     654.116             129             129
  118         523.145     433.520         523.145     433.520             118             118
   11        1062.564     350.706        1062.564     350.706              11              11
  179        -327.229     616.203        -327.229     616.203             179             179
  227        -109.535     754.434        -109.535     754.434             227             227
   34          -6.989     471.150          -6.989     471.150              34              34
   86         387.671     584.837         387.671     584.837              86              86
  234         -33.755    -966.151         -33.755    -966.151             234             234
   30         521.763     285.537         521.763     285.537              30              30
  161          -5.538     582.567          -5.538     582.567             161             161
  248        -882.086    -219.698        -882.086    -219.698             248             248
   59        -628.203     259.250        -628.203     259.250              59              59
  105         -45.058   -1347.156         -45.058   -1347.156             105             105
  118         587.758    -679.479         587.758    -679.479             118             118
   60       -1015.916     879.567       -1015.916     879.567              60              60
  177        -296.811     543.318        -296.811     543.318             177             177
   73         433.418     389.971         433.418     389.971              73              73
  132       -1461.274      79.559       -1461.274      79.559             132             132
  135        1189.349     -82.798        1189.349     -82.798             135             135
  255         136.035     465.203         136.035     465.203             255             255
   88        1064.216    -331.365        1064.216    -331.365              88              88
  109         -62.000    -543.684         -62.000    -543.684             109             109
  158        -610.755    -124.707        -610.755    -124.707             158             158
  121         333.032     172.347         333.032     172.347             121             121
  191        -614.270     -60.128        -614.270     -60.128             191             191
  101         536.672    -272.502         536.672    -272.502             101             101
   30         730.026    -232.941         730.026    -232.941              30              30
   18        -168.970     403.253        -168.970     403.253              18              18
    7        1507.790     834.184        1507.790     834.184               7               7
  137        -101.376      68.784        -101.376      68.784             137             137
  217         313.454     717.219         313.454     717.219             217             217
  136        -268.785    -757.639        -268.785    -757.639             136             136
  255         361.302     899.921         361.302     899.921             255             255
  228         113.185     869.095         113.185     869.095             228             228
   60        1089.409    -304.412        1089.409    -304.412              60              60
  227         307.876    -303.395         307.876    -303.395             227             227
    7         -87.625    -308.366         -87.625    -308.366               7               7
  146        -856.582    -209.004        -856.582    -209.004             146             146
  205        -253.566    -415.226        -253.566    -415.226             205             205
   38         214.389    -448.431         214.389    -448.431              38              38
   51         216.409    1019.763         216.409    1019.763              51              51
  197         226.251    -562.908         226.251    -562.908             197             197
   98        -249.859    -839.645        -249.859    -839.645              98              98
  157         -32.854    -279.778         -32.854    -279.778             157             157
   60         174.982     768.189         174.982     768.189              60              60
  158          -1.708      50.781          -1.708      50.781             158             158
   78       -1459.813     465.400       -1459.813     465.400              78              78
  134         632.704     -80.916         632.704     -80.916             134             134
   35         875.853     160.674         875.853     160.674              35              35
  214         238.024     546.250         238.024     546.250             214             214
  134        -673.254    -299.019        -673.254    -299.019             134             134
  124          23.937    -182.503          23.937    -182.503             124             124
   67         108.149    -666.051         108.149    -666.051              67              67
   36        -246.775     461.040        -246.775     461.040              36              36
  246         176.809    -213.425         176.809    -213.425             246             246
    2        -953.243      30.314        -953.243      30.314               2               2
  138           3.637     368.384           3.637     368.384             138             138
   21        -413.915    -395.957        -413.915    -395.957              21              21
