SINAL     NFT                         FFT                         NFT INVERSA     FFT INVERSA
-----     -----------------------     -----------------------     -----------     -----------
  174       17185.000       0.000       17185.000       0.000             174             174
  194         908.204      77.230         908.204      77.230             194             194
  203         261.971    -421.532         261.971    -421.532             203             203
  236        -237.374      60.307        -237.374      60.307             236             236
  199         248.559    -956.782         248.559    -956.782             199             199
   88       -1106.368    -336.566       -1106.368    -336.566              88              88
  246         552.460    -360.631         552.460    -360.631             246             246
  117        -618.015    -286.152        -618.015    -286.152             117             117
  109         315.272   -1006.335         315.272   -1006.335             109             109
  227         383.445     152.056         383.445     152.056             227             227
  110          47.420     206.622          47.420     206.622             110             110
  200         524.677    -819.824         524.677    -819.824             200             200
  190         545.177    -528.605         545.177    -528.605             190             190
  239        -142.294    -187.807        -142.294    -187.807             239             239
   95        -855.600    -424.950        -855.600    -424.950              95              95
  218         365.115      52.426         365.115      52.426             218             218
  173        -282.916    -747.109        -282.916    -747.109             173             173
    0        -839.487     -17.783        -839.487     -17.783               0               0
  168        1123.090    -292.192        1123.090    -292.192             168             168
   79        -525.642    -235.725        -525.642    -235.725              79              79
  231        -382.995    -588.669        -382.995    -588.669             231             231
   57        1023.029    -626.698        1023.029    -626.698              57              57
  216        1156.561    -819.565        1156.561    -819.565             216             216
    2        -272.389     494.401        -272.389     494.401               2               2
  244          20.599    1100.893          20.599    1100.893             244             244
  203           7.576     127.621           7.576     127.621             203             203
   48        1018.189      96.161        1018.189      96.161              48              48
  172       -1191.009    -330.064       -1191.009    -330.064             172             172
   31          71.446      96.113          71.446      96.113              31              31
   67        -221.224     -14.140        -221.224     -14.140              67              67
  162         168.271     -84.876         168.271     -84.876             162             162
  205         131.696    1126.536         131.696    1126.536             205             205
    5        -612.994    -424.022        -612.994    -424.022               5               5
  109        -143.345     219.065        -143.345     219.065             109             109
  186         515.134    -813.988         515.134    -813.988             186             186
  205          88.295    -260.756          88.295    -260.756             205             205
  198         -53.930     623.661         -53.930     623.661             198             198
  177         112.235     334.129         112.235     334.129             177             177
   66         269.868     612.005         269.868     612.005              66              66
   51        -344.677     -21.895        -344.677     -21.895              51              51
  149        -316.478    1148.684        -316.478    1148.684             149             149
  177         391.499     174.945         391.499     174.945             177             177
  252        1074.569     124.806        1074.569     124.806             252             252
   83          18.973    -265.412          18.973    -265.412              83              83
  160       -1088.257    -771.031       -1088.257    -771.031             160             160
   92        -387.786    -510.502        -387.786    -510.502              92              92
   46          85.590    -256.614          85.590    -256.614              46              46
   77         300.295   -1040.257         300.295   -1040.257              77              77
   92          98.922    -189.099          98.922    -189.099              92              92
  214        -140.458    -590.266        -140.458    -590.266             214             214
  156          82.935    -687.459          82.935    -687.459             156             156
   68         517.341     388.394         517.341     388.394              68              68
   15         310.773    -346.611         310.773    -346.611              15              15
  117         697.202      24.753         697.202      24.753             117             117
   71       -1413.277     758.352       -1413.277     758.352              71              71
    4        -691.587      30.192        -691.587      30.192               4               4
   65        -127.418     221.480        -127.418     221.480              65              65
  119        1242.131    1419.405        1242.131    1419.405             119             119
  176         972.543     205.748         972.543     205.748             176             176
   97          20.267    -490.634          20.267    -490.634              97              97
  186        -298.779    -176.948        -298.779    -176.948             186             186
   83        -145.910     451.504        -145.910     451.504              83              83
   46        -259.814     642.336        -259.814     642.336              46              46
  192        -300.555     503.283        -300.555     503.283             192             192
  192        -255.000      -0.044        -255.000      -0.044             192             192
  233        -300.507    -503.362        -300.507    -503.362             233             233
  142        -259.745    -642.383        -259.745    -642.383             142             142
  135        -145.853    -451.514        -145.853    -451.514             135             135
  154        -298.761     176.926        -298.761     176.926             154             154
  208          20.278     490.602          20.278     490.602             208             208
  187         972.594    -205.729         972.594    -205.729             187             187
   47        1242.216   -1419.318        1242.216   -1419.318              47              47
  130        -127.463    -221.467        -127.463    -221.467             130             130
  183        -691.621     -30.248        -691.621     -30.248             183             183
  131       -1413.176    -758.453       -1413.176    -758.453             131             131
   34         697.261     -24.655         697.261     -24.655              34              34
   19         310.762     346.656         310.762     346.656              19              19
  177         517.373    -388.321         517.373    -388.321             177             177
  112          82.864     687.500          82.864     687.500             112             112
  112        -140.508     590.258        -140.508     590.258             112             112
  135          98.913     189.114          98.913     189.114             135             135
   13         300.202    1040.272         300.202    1040.272              13              13
  181          85.546     256.591          85.546     256.591             181             181
  151        -387.849     510.445        -387.849     510.445             151             151
  131       -1088.294     770.892       -1088.294     770.892             131             131
  252          19.019     265.343          19.019     265.343             252             252
  156        1074.607    -124.784        1074.607    -124.784             156             156
  196         391.493    -174.980         391.493    -174.980             196             196
  115        -316.396   -1148.743        -316.396   -1148.743             115             115
   77        -344.661      21.853        -344.661      21.853              77              77
   37         269.940    -612.000         269.940    -612.000              37              37
   46         112.270    -334.121         112.270    -334.121              46              46
  160         -53.867    -623.645         -53.867    -623.645             160             160
   84          88.291     260.795          88.291     260.795              84              84
  239         515.065     814.019         515.065     814.019             239             239
   97        -143.344    -219.105        -143.344    -219.105              97              97
   61        -613.017     423.933        -613.017     423.933              61              61
  125         131.819   -1126.544         131.819   -1126.544             125             125
  232         168.275      84.905         168.275      84.905             232             232
  216        -221.215      14.121        -221.215      14.121             216             216
   78          71.461     -96.106          71.461     -96.106              78              78
  163       -1190.987     329.955       -1190.987     329.955             163             163
    8        1018.254     -96.098        1018.254     -96.098               8               8
  208           7.604    -127.646           7.604    -127.646             208             208
   91          20.720   -1100.885          20.720   -1100.885              91              91
  139        -272.291    -494.360        -272.291    -494.360             139             139
  243        1156.540     819.714        1156.540     819.714             243             243
  111        1022.957     626.797        1022.957     626.797             111             111
   61        -383.069     588.630        -383.069     588.630              61              61
  100        -525.632     235.669        -525.632     235.669             100             100
  224        1123.071     292.275        1123.071     292.275             224             224
  197        -839.497      17.712        -839.497      17.712             197             197
  113        -282.939     747.075        -282.939     747.075             113             113
  149         365.142     -52.412         365.142     -52.412             149             149
   92        -855.600     424.871        -855.600     424.871              92              92
  244        -142.232     187.787        -142.232     187.787             244             244
  146         545.201     528.642         545.201     528.642             146             146
  248         524.649     819.829         524.649     819.829             248             248
  185          47.478    -206.659          47.478    -206.659             185             185
    6         383.502    -152.023         383.502    -152.023               6               6
   69         315.216    1006.349         315.216    1006.349              69              69
  222        -617.983     286.062        -617.983     286.062             222             222
   52         552.493     360.644         552.493     360.644              52              52
  230       -1106.304     336.444       -1106.304     336.444             230             230
   50         248.624     956.748         248.624     956.748              50              50
   36        -237.189     -60.393        -237.189     -60.393              36              36
   71         262.205     421.492         262.205     421.492              71              71
  112         908.677     -77.221         908.677     -77.221             112             112
