SINAL     NFT                         FFT                         NFT INVERSA     FFT INVERSA
-----     -----------------------     -----------------------     -----------     -----------
  234       16201.000       0.000       16201.000       0.000             234             234
  199         202.148      79.243         202.148      79.243             199             199
  170         312.823     419.225         312.823     419.225             170             170
  216        -359.537      42.060        -359.537      42.060             216             216
   95        -609.072     717.994        -609.072     717.994              95              95
   76         638.837     712.239         638.837     712.239              76              76
  207         -66.199    -521.768         -66.199    -521.768             207             207
   93         350.665    -758.766         350.665    -758.766              93              93
   18         -85.863   -1078.764         -85.863   -1078.764              18              18
  128         565.785     272.192         565.785     272.192             128             128
   21         388.172    -689.602         388.172    -689.602              21              21
   87         189.601    -791.619         189.601    -791.619              87              87
   26         203.942    -530.074         203.942    -530.074              26              26
   88       -1463.034    -563.539       -1463.034    -563.539              88              88
  217         577.081    -630.657         577.081    -630.657             217             217
  235         492.148     -97.103         492.148     -97.103             235             235
  209          10.415    1073.574          10.415    1073.574             209             209
   15         310.480      21.918         310.480      21.918              15              15
   25        1012.895    -535.298        1012.895    -535.298              25              25
  225         -31.478    -848.254         -31.478    -848.254             225             225
   34        -173.809    -829.022        -173.809    -829.022              34              34
  226         287.283     107.070         287.283     107.070             226             226
  209        -685.953    -947.313        -685.953    -947.313             209             209
  192         580.737    -289.494         580.737    -289.494             192             192
  140         970.518     554.138         970.518     554.138             140             140
  186         929.044     418.360         929.044     418.360             186             186
  125        -129.591     318.317        -129.591     318.317             125             125
  184         182.038    -686.402         182.038    -686.402             184             184
   84          61.323     517.854          61.323     517.854              84              84
  129        -666.330    -826.041        -666.330    -826.041             129             129
  115          15.356    -305.620          15.356    -305.620             115             115
   62        -665.677     -22.350        -665.677     -22.350              62              62
   73         201.996     355.007         201.996     355.007              73              73
   30          42.273     326.512          42.273     326.512              30              30
   23         -34.215     326.215         -34.215     326.215              23              23
  169         732.445    -294.895         732.445    -294.895             169             169
  107         -38.855     259.631         -38.855     259.631             107             107
  231         219.526       1.029         219.526       1.029             231             231
    6        -717.399     533.279        -717.399     533.279               6               6
  125         353.774     312.988         353.774     312.988             125             125
  104         502.791     299.541         502.791     299.541             104             104
   28         199.679    -274.069         199.679    -274.069              28              28
  212         839.331     459.097         839.331     459.097             212             212
  130         311.611   -1161.112         311.611   -1161.112             130             130
  116         172.149      98.801         172.149      98.801             116             116
  174         604.000     392.619         604.000     392.619             174             174
  110          37.265     265.422          37.265     265.422             110             110
   70         -94.188     194.793         -94.188     194.793              70              70
  190         263.555     135.555         263.555     135.555             190             190
  136        -130.217   -1586.058        -130.217   -1586.058             136             136
   39       -1403.724    -271.535       -1403.724    -271.535              39              39
  224         199.371    -836.121         199.371    -836.121             224             224
  107          56.467     287.774          56.467     287.774             107             107
  249         118.699     -13.380         118.699     -13.380             249             249
  161        -492.576      85.044        -492.576      85.044             161             161
  247        1021.132     644.116        1021.132     644.116             247             247
  179         300.578   -1217.332         300.578   -1217.332             179             179
   30         -45.784     493.156         -45.784     493.156              30              30
  176         492.001    -580.871         492.001    -580.871             176             176
    7         517.503     473.143         517.503     473.143               7               7
  160         375.758     733.810         375.758     733.810             160             160
   36        -512.254     924.303        -512.254     924.303              36              36
   70        -369.244    -856.907        -369.244    -856.907              70              70
  233         295.677    -771.283         295.677    -771.283             233             233
   66        -977.000      -0.028        -977.000      -0.028              66              66
   93         295.629     771.308         295.629     771.308              93              93
  146        -369.312     856.814        -369.312     856.814             146             146
  173        -512.140    -924.408        -512.140    -924.408             173             173
   69         375.865    -733.786         375.865    -733.786              69              69
  153         517.564    -473.075         517.564    -473.075             153             153
   43         491.952     580.921         491.952     580.921              43              43
  173         -45.740    -493.150         -45.740    -493.150             173             173
  181         300.493    1217.344         300.493    1217.344             181             181
  255        1021.163    -644.065        1021.163    -644.065             255             255
   48        -492.599     -85.084        -492.599     -85.084              48              48
   42         118.694      13.391         118.694      13.391              42              42
  173          56.479    -287.748          56.479    -287.748             173             173
  158         199.268     836.154         199.268     836.154             158             158
  112       -1403.745     271.419       -1403.745     271.419             112             112
  108        -130.297    1586.006        -130.297    1586.006             108             108
   38         263.600    -135.611         263.600    -135.611              38              38
  152         -94.144    -194.850         -94.144    -194.850             152             152
   76          37.329    -265.454          37.329    -265.454              76              76
  145         604.063    -392.582         604.063    -392.582             145             145
  145         172.176     -98.776         172.176     -98.776             145             145
  237         311.542    1161.109         311.542    1161.109             237             237
  137         839.376    -459.077         839.376    -459.077             137             137
   69         199.650     274.048         199.650     274.048              69              69
   12         502.808    -299.544         502.808    -299.544              12              12
   58         353.770    -312.991         353.770    -312.991              58              58
   76        -717.359    -533.352        -717.359    -533.352              76              76
  172         219.547      -1.017         219.547      -1.017             172             172
   94         -38.813    -259.640         -38.813    -259.640              94              94
  147         732.424     294.942         732.424     294.942             147             147
  150         -34.200    -326.241         -34.200    -326.241             150             150
  161          42.298    -326.515          42.298    -326.515             161             161
  241         202.012    -354.980         202.012    -354.980             241             241
   40        -665.678      22.315        -665.678      22.315              40              40
   79          15.346     305.636          15.346     305.636              79              79
   54        -666.367     825.963        -666.367     825.963              54              54
  194          61.419    -517.868          61.419    -517.868             194             194
  122         182.023     686.399         182.023     686.399             122             122
  227        -129.506    -318.364        -129.506    -318.364             227             227
  119         929.133    -418.293         929.133    -418.293             119             119
  121         970.573    -554.032         970.573    -554.032             121             121
   19         580.686     289.584         580.686     289.584              19              19
  162        -686.033     947.260        -686.033     947.260             162             162
   39         287.317    -107.047         287.317    -107.047              39              39
  177        -173.853     829.013        -173.853     829.013             177             177
   19         -31.498     848.221         -31.498     848.221              19              19
  148        1012.883     535.325        1012.883     535.325             148             148
  216         310.483     -21.958         310.483     -21.958             216             216
  171          10.520   -1073.589          10.520   -1073.589             171             171
  224         492.156      97.173         492.156      97.173             224             224
  105         577.005     630.718         577.005     630.718             105             105
   61       -1463.063     563.408       -1463.063     563.408              61              61
  206         203.969     530.076         203.969     530.076             206             206
  243         189.593     791.606         189.593     791.606             243             243
  130         388.169     689.579         388.169     689.579             130             130
  218         565.845    -272.179         565.845    -272.179             218             218
   45         -85.912    1078.726         -85.912    1078.726              45              45
  207         350.654     758.720         350.654     758.720             207             207
  135         -66.179     521.656         -66.179     521.656             135             135
  139         638.959    -712.280         638.959    -712.280             139             139
   98        -608.930    -718.091        -608.930    -718.091              98              98
   29        -359.374     -42.124        -359.374     -42.124              29              29
   45         313.090    -419.230         313.090    -419.230              45              45
   84         202.585     -79.244         202.585     -79.244              84              84
