SINAL     NFT                         FFT                         NFT INVERSA     FFT INVERSA
-----     -----------------------     -----------------------     -----------     -----------
  232       13623.000       0.000       13623.000       0.000             232             232
  105         466.557    -192.407         466.557    -192.407             105             105
  122         150.082     349.282         150.082     349.282             122             122
   30       -1035.262    1170.495       -1035.262    1170.495              30              30
   71        -311.899    -688.007        -311.899    -688.007              71              71
  111         183.429     401.592         183.429     401.592             111             111
    5        -379.859     191.478        -379.859     191.478               5               5
  111         308.509     -25.126         308.509     -25.126             111             111
  137         626.058      86.597         626.058      86.597             137             137
   10        -207.795     515.301        -207.795     515.301              10              10
  215        -128.333     168.273        -128.333     168.273             215             215
   26        -169.841     -42.800        -169.841     -42.800              26              26
  105          59.879    -246.128          59.879    -246.128             105             105
  147         779.106    -250.725         779.106    -250.725             147             147
  183        -205.535    -552.726        -205.535    -552.726             183             183
   50         -20.430     994.468         -20.430     994.468              50              50
   75        -130.310      51.211        -130.310      51.211              75              75
  159        -321.131    -710.084        -321.131    -710.084             159             159
  159         460.518    -391.256         460.518    -391.256             159             159
   87          61.689    -836.388          61.689    -836.388              87              87
   88        -228.494     719.791        -228.494     719.791              88              88
   99         853.611      40.936         853.611      40.936              99              99
  234        -692.329    -928.808        -692.329    -928.808             234             234
   19          90.083    -246.872          90.083    -246.872              19              19
  246         -88.430    -466.689         -88.430    -466.689             246             246
   36          69.629    -456.381          69.629    -456.381              36              36
  126        -606.384    -154.270        -606.384    -154.270             126             126
   24         822.984    -558.266         822.984    -558.266              24              24
   87         482.247    -885.606         482.247    -885.606              87              87
  135        1594.430      47.087        1594.430      47.087             135             135
  206        1066.424    -390.924        1066.424    -390.924             206             206
   64         323.511    1060.051         323.511    1060.051              64              64
  240        -213.986   -1149.007        -213.986   -1149.007             240             240
   72        -131.072     371.297        -131.072     371.297              72              72
   94          97.446     123.192          97.446     123.192              94              94
   55          51.121     435.068          51.121     435.068              55              55
  184        1410.037      41.391        1410.037      41.391             184             184
   99        -126.977     -45.157        -126.977     -45.157              99              99
  167         362.435      67.058         362.435      67.058             167             167
   65         447.941      20.869         447.941      20.869              65              65
  110        -768.571    -224.301        -768.571    -224.301             110             110
  127         152.238    -388.041         152.238    -388.041             127             127
   91        -443.065    -178.049        -443.065    -178.049              91              91
  215           8.871    -117.087           8.871    -117.087             215             215
   18         719.369    -174.076         719.369    -174.076              18              18
   19        -464.405     703.901        -464.405     703.901              19              19
   10         207.375     975.821         207.375     975.821              10              10
   94        -682.985    1350.947        -682.985    1350.947              94              94
  178         428.315     -66.795         428.315     -66.795             178             178
  169        -474.734    -481.232        -474.734    -481.232             169             169
  182         124.013     319.681         124.013     319.681             182             182
   11         171.506    -144.032         171.506    -144.032              11              11
   13         548.485      -2.472         548.485      -2.472              13              13
  160         778.485    -284.055         778.485    -284.055             160             160
   31        1381.409   -1067.261        1381.409   -1067.261              31              31
    3         -67.781     171.480         -67.781     171.480               3               3
  197         -49.066      45.003         -49.066      45.003             197             197
  157         176.545     301.585         176.545     301.585             157             157
   28        -501.551    -244.565        -501.551    -244.565              28              28
   28         855.580     981.363         855.580     981.363              28              28
   36        -407.600    -191.506        -407.600    -191.506              36              36
  235        -217.197    -302.715        -217.197    -302.715             235             235
   92       -1052.611     193.720       -1052.611     193.720              92              92
   21        1483.647    1008.775        1483.647    1008.775              21              21
   52         721.000      -0.009         721.000      -0.009              52              52
  187        1483.674   -1008.690        1483.674   -1008.690             187             187
   77       -1052.651    -193.807       -1052.651    -193.807              77              77
  236        -217.222     302.683        -217.222     302.683             236             236
   31        -407.592     191.427        -407.592     191.427              31              31
  245         855.669    -981.310         855.669    -981.310             245             245
   45        -501.575     244.523        -501.575     244.523              45              45
  141         176.590    -301.580         176.590    -301.580             141             141
  116         -49.041     -45.006         -49.041     -45.006             116             116
  137         -67.716    -171.468         -67.716    -171.468             137             137
  100        1381.349    1067.371        1381.349    1067.371             100             100
  135         778.440     284.075         778.440     284.075             135             135
  156         548.450       2.477         548.450       2.477             156             156
  111         171.457     144.005         171.457     144.005             111             111
  229         124.003    -319.702         124.003    -319.702             229             229
   79        -474.788     481.152        -474.788     481.152              79              79
   25         428.295      66.750         428.295      66.750              25              25
  155        -682.880   -1351.059        -682.880   -1351.059             155             155
   91         207.465    -975.801         207.465    -975.801              91              91
   38        -464.328    -703.906        -464.328    -703.906              38              38
   60         719.367     174.170         719.367     174.170              60              60
  122           8.844     117.102           8.844     117.102             122             122
   42        -443.076     178.020        -443.076     178.020              42              42
    1         152.215     388.049         152.215     388.049               1               1
   23        -768.558     224.215        -768.558     224.215              23              23
   71         447.993     -20.855         447.993     -20.855              71              71
   30         362.466     -67.044         362.466     -67.044              30              30
   60        -126.939      45.130        -126.939      45.130              60              60
   50        1410.057     -41.295        1410.057     -41.295              50              50
  123          51.139    -435.073          51.139    -435.073             123             123
   81          97.455    -123.180          97.455    -123.180              81              81
  102        -131.030    -371.283        -131.030    -371.283             102             102
   54        -214.043    1148.979        -214.043    1148.979              54              54
  158         323.661   -1060.034         323.661   -1060.034             158             158
   82        1066.438     391.040        1066.438     391.040              82              82
   85        1594.424     -46.930        1594.424     -46.930              85              85
  147         482.132     885.660         482.132     885.660             147             147
  128         822.882     558.315         822.882     558.315             128             128
  226        -606.440     154.203        -606.440     154.203             226             226
    8          69.580     456.374          69.580     456.374               8               8
   10         -88.478     466.659         -88.478     466.659              10              10
   71          90.052     246.859          90.052     246.859              71              71
  143        -692.389     928.707        -692.389     928.707             143             143
  166         853.630     -40.928         853.630     -40.928             166             166
  183        -228.439    -719.823        -228.439    -719.823             183             183
  117          61.633     836.389          61.633     836.389             117             117
  246         460.483     391.260         460.483     391.260             246             246
  208        -321.195     709.999        -321.195     709.999             208             208
   16        -130.289     -51.298        -130.289     -51.298              16              16
   81         -20.325    -994.496         -20.325    -994.496              81              81
  246        -205.543     552.701        -205.543     552.701             246             246
   77         779.110     250.754         779.110     250.754              77              77
  203          59.858     246.086          59.858     246.086             203             203
   32        -169.830      42.732        -169.830      42.732              32              32
   79        -128.290    -168.337        -128.290    -168.337              79              79
  227        -207.701    -515.353        -207.701    -515.353             227             227
  103         626.111     -86.565         626.111     -86.565             103             103
  109         308.526      25.122         308.526      25.122             109             109
   31        -379.806    -191.543        -379.806    -191.543              31              31
  154         183.516    -401.591         183.516    -401.591             154             154
  233        -311.896     687.939        -311.896     687.939             233             233
  113       -1035.031   -1170.619       -1035.031   -1170.619             113             113
    0         150.332    -349.257         150.332    -349.257               0               0
   31         466.914     192.451         466.914     192.451              31              31
