SINAL     NFT                         FFT                         NFT INVERSA     FFT INVERSA
-----     -----------------------     -----------------------     -----------     -----------
  202       16884.000       0.000       16884.000       0.000             202             202
   34         728.874     866.591         728.874     866.591              34              34
   31        -246.898     431.351        -246.898     431.351              31              31
  129         571.911     349.344         571.911     349.344             129             129
  159        -325.825    -254.692        -325.825    -254.692             159             159
  183         953.585     990.646         953.585     990.646             183             183
   41          60.200     334.030          60.200     334.030              41              41
   90        -284.533      26.385        -284.533      26.385              90              90
   97         755.877     546.862         755.877     546.862              97              97
  242        -519.222     823.605        -519.222     823.605             242             242
   66          68.483     -67.265          68.483     -67.265              66              66
  215       -1581.552     567.552       -1581.552     567.552             215             215
   58        1095.516      15.437        1095.516      15.437              58              58
   17         383.666     152.792         383.666     152.792              17              17
   90        -169.193     477.063        -169.193     477.063              90              90
  153         521.502     390.888         521.502     390.888             153             153
  187        -335.892     618.860        -335.892     618.860             187             187
  162         572.735     793.276         572.735     793.276             162             162
   38       -1666.790    -795.774       -1666.790    -795.774              38              38
  157         -65.233     107.865         -65.233     107.865             157             157
  125        -611.993     356.468        -611.993     356.468             125             125
  155        -604.308     139.500        -604.308     139.500             155             155
   95        -309.494     589.186        -309.494     589.186              95              95
  207         356.390     324.987         356.390     324.987             207             207
   28         546.169     433.274         546.169     433.274              28              28
  195         574.765     -88.006         574.765     -88.006             195             195
   58         578.008     661.410         578.008     661.410              58              58
   15         327.319     208.161         327.319     208.161              15              15
  252          47.069    -224.428          47.069    -224.428             252             252
   89         184.156     188.403         184.156     188.403              89              89
  110         423.761     600.951         423.761     600.951             110             110
  198        -174.122    1225.089        -174.122    1225.089             198             198
  123          17.005    -247.023          17.005    -247.023             123             123
  142         531.775    -905.805         531.775    -905.805             142             142
   72         -31.702     692.746         -31.702     692.746              72              72
   26         -96.103    -702.831         -96.103    -702.831              26              26
   70          20.016    -456.320          20.016    -456.320              70              70
  113         397.912     -31.285         397.912     -31.285             113             113
  116         -47.428    -542.358         -47.428    -542.358             116             116
  167         -50.222     241.334         -50.222     241.334             167             167
  100         370.561     759.836         370.561     759.836             100             100
  183         215.734    -497.534         215.734    -497.534             183             183
  127         -66.914     354.322         -66.914     354.322             127             127
  159         132.406    -429.807         132.406    -429.807             159             159
  201          97.323     613.634          97.323     613.634             201             201
  218        1575.806    1084.494        1575.806    1084.494             218             218
   56        -112.943     575.133        -112.943     575.133              56              56
  132         166.351   -1244.937         166.351   -1244.937             132             132
  124        -340.149     448.856        -340.149     448.856             124             124
   94        -342.292     365.515        -342.292     365.515              94              94
   33         226.023     509.862         226.023     509.862              33              33
  250        -519.739    -550.669        -519.739    -550.669             250             250
  250        -536.645     227.047        -536.645     227.047             250             250
  129         -76.150    -168.136         -76.150    -168.136             129             129
  201        -350.875    1185.518        -350.875    1185.518             201             201
   22         717.027    -651.383         717.027    -651.383              22              22
   68         -28.638      53.392         -28.638      53.392              68              68
    4         523.161   -1005.821         523.161   -1005.821               4               4
   38        -287.157      -8.011        -287.157      -8.011              38              38
   64          75.633    -327.478          75.633    -327.478              64              64
   94        1134.559    -820.046        1134.559    -820.046              94              94
  149         424.340     283.139         424.340     283.139             149             149
    7         -67.265    -256.893         -67.265    -256.893               7               7
  217        -277.603    -255.271        -277.603    -255.271             217             217
   35       -1526.000      -0.059       -1526.000      -0.059              35              35
   80        -277.573     255.250        -277.573     255.250              80              80
  244         -67.236     256.874         -67.236     256.874             244             244
  105         424.412    -283.100         424.412    -283.100             105             105
  193        1134.493     820.140        1134.493     820.140             193             193
  105          75.578     327.454          75.578     327.454             105             105
   17        -287.155       7.970        -287.155       7.970              17              17
   38         523.081    1005.828         523.081    1005.828              38              38
   32         -28.637     -53.451         -28.637     -53.451              32              32
  145         716.952     651.370         716.952     651.370             145             145
  197        -350.807   -1185.600        -350.807   -1185.600             197             197
  234         -76.182     168.113         -76.182     168.113             234             234
  107        -536.634    -227.115        -536.634    -227.115             107             107
  254        -519.762     550.584        -519.762     550.584             254             254
  110         226.086    -509.894         226.086    -509.894             110             110
  232        -342.248    -365.570        -342.248    -365.570             232             232
   92        -340.074    -448.882        -340.074    -448.882              92              92
  144         166.290    1244.912         166.290    1244.912             144             144
  226        -112.836    -575.224        -112.836    -575.224             226             226
   87        1575.919   -1084.393        1575.919   -1084.393              87              87
   18          97.353    -613.611          97.353    -613.611              18              18
  172         132.364     429.819         132.364     429.819             172             172
  110         -66.878    -354.339         -66.878    -354.339             110             110
   86         215.705     497.528         215.705     497.528              86              86
  176         370.625    -759.827         370.625    -759.827             176             176
  148         -50.204    -241.322         -50.204    -241.322             148             148
  151         -47.460     542.356         -47.460     542.356             151             151
   14         397.917      31.306         397.917      31.306              14              14
   41          19.976     456.307          19.976     456.307              41              41
  159         -96.153     702.771         -96.153     702.771             159             159
  232         -31.620    -692.785         -31.620    -692.785             232             232
   76         531.712     905.814         531.712     905.814              76              76
  239          16.985     246.932          16.985     246.932             239             239
  221        -173.999   -1225.168        -173.999   -1225.168             221             221
  182         423.833    -600.928         423.833    -600.928             182             182
  177         184.182    -188.393         184.182    -188.393             177             177
   70          47.069     224.407          47.069     224.407              70              70
  200         327.361    -208.178         327.361    -208.178             200             200
  215         578.076    -661.385         578.076    -661.385             215             215
  103         574.754      88.033         574.754      88.033             103             103
   89         546.182    -433.260         546.182    -433.260              89              89
  157         356.374    -324.981         356.374    -324.981             157             157
   81        -309.488    -589.223        -309.488    -589.223              81              81
  196        -604.315    -139.556        -604.315    -139.556             196             196
  155        -611.955    -356.524        -611.955    -356.524             155             155
  192         -65.222    -107.865         -65.222    -107.865             192             192
  172       -1666.809     795.598       -1666.809     795.598             172             172
  248         572.874    -793.281         572.874    -793.281             248             248
   81        -335.788    -618.905        -335.788    -618.905              81              81
  143         521.583    -390.852         521.583    -390.852             143             143
   79        -169.111    -477.077        -169.111    -477.077              79              79
   99         383.731    -152.757         383.731    -152.757              99              99
   59        1095.511     -15.359        1095.511     -15.359              59              59
  189       -1581.489    -567.695       -1581.489    -567.695             189             189
  186          68.550      67.256          68.550      67.256             186             186
  236        -519.068    -823.662        -519.068    -823.662             236             236
   82         756.005    -546.782         756.005    -546.782              82              82
   81        -284.457     -26.400        -284.457     -26.400              81              81
  250          60.339    -334.032          60.339    -334.032             250             250
  123         953.764    -990.542         953.764    -990.542             123             123
  241        -325.735     254.695        -325.735     254.695             241             241
  227         572.097    -349.288         572.097    -349.288             227             227
  200        -246.628    -431.354        -246.628    -431.354             200             200
  224         729.406    -866.478         729.406    -866.478             224             224
