SINAL     NFT                         FFT                         NFT INVERSA     FFT INVERSA
-----     -----------------------     -----------------------     -----------     -----------
   35       31114.000       0.000       31114.000       0.000              35              35
  248        1268.170     828.378        1268.170     828.378             248             248
  218        -258.922    -455.310        -258.922    -455.310             218             218
   65         594.661    1010.613         594.661    1010.613              65              65
   91        -306.584   -1546.836        -306.584   -1546.836              91              91
  232         450.218     402.824         450.218     402.824             232             232
   74        -553.086     266.701        -553.086     266.701              74              74
  230        -408.619    -557.111        -408.619    -557.111             230             230
   50         391.676     373.022         391.676     373.022              50              50
   77        -600.664    -600.943        -600.664    -600.943              77              77
   50          62.822      34.714          62.822      34.714              50              50
   85        -994.580    -655.159        -994.580    -655.159              85              85
  176         235.073     897.326         235.073     897.326             176             176
  249        1468.282   -1251.796        1468.282   -1251.796             249             249
  199        -215.913     138.099        -215.913     138.099             199             199
  122         393.665     409.089         393.665     409.089             122             122
  108        2359.230     131.127        2359.230     131.127             108             108
   93        -827.712    1106.793        -827.712    1106.793              93              93
  230         798.479   -2403.945         798.479   -2403.945             230             230
   99         -80.010      -3.161         -80.010      -3.161              99              99
  234          24.576   -1918.248          24.576   -1918.248             234             234
   51         308.769     641.620         308.769     641.620              51              51
  232        -169.525    1471.629        -169.525    1471.629             232             232
   53         917.981    -127.305         917.981    -127.305              53              53
   68         820.292   -1321.496         820.292   -1321.496              68              68
   17        -690.536     370.580        -690.536     370.580              17              17
  100         493.735     895.507         493.735     895.507             100             100
  248         189.252    -545.555         189.252    -545.555             248             248
   91        -898.500    -361.406        -898.500    -361.406              91              91
    6        -904.023     544.703        -904.023     544.703               6               6
  168         353.027      61.648         353.027      61.648             168             168
  127         271.704     676.219         271.704     676.219             127             127
  255         -28.987     713.321         -28.987     713.321             255             255
  131        -714.228     644.872        -714.228     644.872             131             131
  192        -839.452     735.998        -839.452     735.998             192             192
   91        -104.229     463.055        -104.229     463.055              91              91
  107       -1101.718     628.091       -1101.718     628.091             107             107
   11         798.111     527.103         798.111     527.103              11              11
   65         107.226     985.105         107.226     985.105              65              65
  158        1146.280    -429.158        1146.280    -429.158             158             158
   89         468.388   -1254.784         468.388   -1254.784              89              89
  115        -715.834    -918.812        -715.834    -918.812             115             115
  243          -2.211    -221.727          -2.211    -221.727             243             243
    9         -20.143     321.964         -20.143     321.964               9               9
  109         -14.032    -709.270         -14.032    -709.270             109             109
  187       -1650.803    -430.893       -1650.803    -430.893             187             187
  131         266.266    -357.501         266.266    -357.501             131             131
  218        1033.133   -1190.256        1033.133   -1190.256             218             218
   24       -1933.775    -334.959       -1933.775    -334.959              24              24
  105        -269.056      45.549        -269.056      45.549             105             105
   62         451.870   -2473.331         451.870   -2473.331              62              62
    2        -439.871   -1422.033        -439.871   -1422.033               2               2
  157         383.201    1244.220         383.201    1244.220             157             157
   38       -1784.160    -409.666       -1784.160    -409.666              38              38
   55        -184.433    -871.147        -184.433    -871.147              55              55
  225         522.195     768.870         522.195     768.870             225             225
   55         609.935    -356.999         609.935    -356.999              55              55
  156         757.804    -141.029         757.804    -141.029             156             156
  218         118.647    -818.355         118.647    -818.355             218             218
  147        -262.075    -627.852        -262.075    -627.852             147             147
  163        1624.106   -1397.625        1624.106   -1397.625             163             163
  130        -335.015     525.245        -335.015     525.245             130             130
   18        -212.548      -7.442        -212.548      -7.442              18              18
  162       -1387.892    -569.585       -1387.892    -569.585             162             162
    6        -732.952    -609.007        -732.952    -609.007               6               6
  211        1583.620     328.174        1583.620     328.174             211             211
  253        -216.596     412.913        -216.596     412.913             253             253
  114         264.783    -150.828         264.783    -150.828             114             114
  223         487.615     -88.789         487.615     -88.789             223             223
   63          64.670    -427.538          64.670    -427.538              63              63
   16       -1966.537     162.832       -1966.537     162.832              16              16
   56         738.798    -554.808         738.798    -554.808              56              56
  179         125.631     -35.570         125.631     -35.570             179             179
    4        -854.231    1507.201        -854.231    1507.201               4               4
   65         546.701     445.180         546.701     445.180              65              65
   32        -785.859     135.327        -785.859     135.327              32              32
  191       -2159.267    -961.990       -2159.267    -961.990             191             191
  196         -10.101   -1158.236         -10.101   -1158.236             196             196
  251         150.270     390.184         150.270     390.184             251             251
  215        1120.073    -747.790        1120.073    -747.790             215             215
   46        -709.102    -769.108        -709.102    -769.108              46              46
   57         476.719     175.206         476.719     175.206              57              57
  217        -145.557    -228.266        -145.557    -228.266             217             217
  203         -71.872    1615.063         -71.872    1615.063             203             203
   96       -1537.135     339.986       -1537.135     339.986              96              96
   17        1213.241     -73.107        1213.241     -73.107              17              17
  173       -1503.587     293.529       -1503.587     293.529             173             173
  151         541.756    -736.642         541.756    -736.642             151             151
  174       -1092.319    -337.638       -1092.319    -337.638             174             174
  135         577.265     503.772         577.265     503.772             135             135
   42        -554.982     747.419        -554.982     747.419              42              42
   81       -1372.822     394.405       -1372.822     394.405              81              81
   10        -832.800    1807.687        -832.800    1807.687              10              10
   61         710.947     296.655         710.947     296.655              61              61
  244        -499.176    -492.316        -499.176    -492.316             244             244
   16       -1231.309    -138.611       -1231.309    -138.611              16              16
   17       -1849.036     405.215       -1849.036     405.215              17              17
  242           3.375     822.378           3.375     822.378             242             242
  130         956.269     177.518         956.269     177.518             130             130
  240        -872.499   -1254.055        -872.499   -1254.055             240             240
   49       -1227.486    -241.421       -1227.486    -241.421              49              49
  147        1812.488     897.124        1812.488     897.124             147             147
   40        -241.646    2354.173        -241.646    2354.173              40              40
  228         -23.976    1508.497         -23.976    1508.497             228             228
  151        -218.941    -762.968        -218.941    -762.968             151             151
  105          19.094    -689.211          19.094    -689.211             105             105
    5        -122.609    -625.642        -122.609    -625.642               5               5
   86        -323.603      46.961        -323.603      46.961              86              86
   46       -1990.033    -597.489       -1990.033    -597.489              46              46
    1         102.090     275.078         102.090     275.078               1               1
   45        -652.246    -996.111        -652.246    -996.111              45              45
   92        -187.772    -364.273        -187.772    -364.273              92              92
   59         507.821   -1307.046         507.821   -1307.046              59              59
    7        1426.661     566.056        1426.661     566.056               7               7
   40        2225.981      18.388        2225.981      18.388              40              40
  155        -281.156    -606.987        -281.156    -606.987             155             155
   25         844.016     145.022         844.016     145.022              25              25
  213         364.770      48.664         364.770      48.664             213             213
   50        -537.799    -318.207        -537.799    -318.207              50              50
  199        -399.024    -698.510        -399.024    -698.510             199             199
   92        -544.605    -480.107        -544.605    -480.107              92              92
   93         181.929    -208.764         181.929    -208.764              93              93
   25        -199.372    -983.642        -199.372    -983.642              25              25
  103       -1362.052    -134.715       -1362.052    -134.715             103             103
  155       -1483.146    1276.441       -1483.146    1276.441             155             155
   14         630.891    -564.290         630.891    -564.290              14              14
  119       -1007.609    2031.593       -1007.609    2031.593             119             119
  172         251.930    -228.825         251.930    -228.825             172             172
    0          28.000      -0.024          28.000      -0.024              -0              -0
  250         251.839     228.762         251.839     228.762             250             250
  156       -1007.289   -2031.756       -1007.289   -2031.756             156             156
   50         630.747     564.464         630.747     564.464              50              50
  141       -1483.002   -1276.617       -1483.002   -1276.617             141             141
  197       -1361.992     134.653       -1361.992     134.653             197             197
   22        -199.411     983.693        -199.411     983.693              22              22
   37         181.954     208.827         181.954     208.827              37              37
   47        -544.640     480.055        -544.640     480.055              47              47
   28        -399.057     698.440        -399.057     698.440              28              28
  123        -537.716     318.078        -537.716     318.078             123             123
   93         364.934     -48.629         364.934     -48.629              93              93
   29         844.125    -144.860         844.125    -144.860              29              29
  169        -281.135     606.945        -281.135     606.945             169             169
  186        2226.059     -18.041        2226.059     -18.041             186             186
   88        1426.637    -565.752        1426.637    -565.752              88              88
  177         507.421    1307.181         507.421    1307.181             177             177
  226        -188.002     364.217        -188.002     364.217             226             226
  244        -652.520     995.935        -652.520     995.935             244             244
  202         102.011    -275.129         102.011    -275.129             202             202
  184       -1990.179     597.109       -1990.179     597.109             184             184
   39        -323.522     -47.068        -323.522     -47.068              39              39
  146        -122.671     625.570        -122.671     625.570             146             146
   20          18.995     689.094          18.995     689.094              20              20
  132        -219.057     762.693        -219.057     762.693             132             132
  172         -23.706   -1508.741         -23.706   -1508.741             172             172
  123        -241.200   -2354.236        -241.200   -2354.236             123             123
   31        1812.559    -896.684        1812.559    -896.684              31              31
  186       -1227.670     241.345       -1227.670     241.345             186             186
  243        -872.685    1253.898        -872.685    1253.898             243             243
  204         956.273    -177.466         956.273    -177.466             204             204
  187           3.343    -822.418           3.343    -822.418             187             187
  238       -1849.064    -405.499       -1849.064    -405.499             238             238
  105       -1231.278     138.424       -1231.278     138.424             105             105
  237        -499.156     492.172        -499.156     492.172             237             237
  124         711.000    -296.665         711.000    -296.665             124             124
   46        -832.563   -1807.851        -832.563   -1807.851              46              46
    4       -1372.715    -394.570       -1372.715    -394.570               4               4
  161        -554.735    -747.444        -554.735    -747.444             161             161
   93         577.393    -503.555         577.393    -503.555              93              93
   32       -1092.337     337.567       -1092.337     337.567              32              32
   29         541.665     736.749         541.665     736.749              29              29
  187       -1503.470    -293.796       -1503.470    -293.796             187             187
   62        1213.270      73.301        1213.270      73.301              62              62
  198       -1537.066    -340.280       -1537.066    -340.280             198             198
  117         -71.490   -1614.996         -71.490   -1614.996             117             117
  151        -145.503     228.392        -145.503     228.392             151             151
  119         476.793    -174.997         476.793    -174.997             119             119
   88        -709.163     769.099        -709.163     769.099              88              88
  140        1119.992     747.997        1119.992     747.997             140             140
   66         150.269    -390.107         150.269    -390.107              66              66
   16         -10.411    1158.288         -10.411    1158.288              16              16
  179       -2159.439     961.554       -2159.439     961.554             179             179
  212        -785.681    -135.569        -785.681    -135.569             212             212
   37         546.865    -445.169         546.865    -445.169              37              37
   55        -853.911   -1507.302        -853.911   -1507.302              55              55
  128         125.735      35.722         125.735      35.722             128             128
  161         738.693     554.992         738.693     554.992             161             161
   87       -1966.457    -163.119       -1966.457    -163.119              87              87
   58          64.783     427.590          64.783     427.590              58              58
  149         487.713      88.886         487.713      88.886             149             149
   35         264.817     150.878         264.817     150.878              35              35
  245        -216.435    -412.922        -216.435    -412.922             245             245
  131        1583.670    -327.811        1583.670    -327.811             131             131
  140        -733.145     608.979        -733.145     608.979             140             140
  227       -1387.928     569.380       -1387.928     569.380             227             227
    0        -212.406       7.421        -212.406       7.421              -0              -0
  187        -334.749    -525.191        -334.749    -525.191             187             187
  231        1623.961    1397.994        1623.961    1397.994             231             231
  161        -262.169     627.814        -262.169     627.814             161             161
   24         118.588     818.347         118.588     818.347              24              24
    8         757.829     141.116         757.829     141.116               8               8
  190         609.859     357.060         609.859     357.060             190             190
  212         522.249    -768.753         522.249    -768.753             212             212
   71        -184.695     871.174        -184.695     871.174              71              71
  133       -1784.212     409.339       -1784.212     409.339             133             133
   74         383.492   -1244.054         383.492   -1244.054              74              74
  223        -440.064    1422.143        -440.064    1422.143             223             223
  252         451.476    2473.367         451.476    2473.367             252             252
  162        -269.098     -45.708        -269.098     -45.708             162             162
  107       -1933.733     334.622       -1933.733     334.622             107             107
   62        1033.066    1190.377        1033.066    1190.377              62              62
  179         266.172     357.452         266.172     357.452             179             179
   30       -1650.827     430.545       -1650.827     430.545              30              30
   19         -14.007     709.160         -14.007     709.160              19              19
  217         -19.988    -322.053         -19.988    -322.053             217             217
   86          -2.170     221.709          -2.170     221.709              86              86
  147        -715.857     918.647        -715.857     918.647             147             147
  122         468.348    1254.709         468.348    1254.709             122             122
  173        1146.274     429.101        1146.274     429.101             173             173
  206         107.402    -985.286         107.402    -985.286             206             206
   16         798.157    -527.086         798.157    -527.086              16              16
  209       -1101.639    -628.366       -1101.639    -628.366             209             209
  196        -104.114    -463.149        -104.114    -463.149             196             196
  148        -839.278    -736.197        -839.278    -736.197             148             148
   94        -713.992    -645.020        -713.992    -645.020              94              94
  168         -28.718    -713.326         -28.718    -713.326             168             168
  148         271.927    -676.131         271.927    -676.131             148             148
   25         353.076     -61.546         353.076     -61.546              25              25
  143        -903.879    -544.797        -903.879    -544.797             143             143
   53        -898.391     361.317        -898.391     361.317              53              53
   50         189.362     545.557         189.362     545.557              50              50
  152         494.015    -895.435         494.015    -895.435             152             152
  243        -690.306    -370.593        -690.306    -370.593             243             243
    7         820.270    1321.658         820.270    1321.658               7               7
  223         918.053     127.356         918.053     127.356             223             223
  121        -169.195   -1471.656        -169.195   -1471.656             121             121
   81         308.991    -641.384         308.991    -641.384              81              81
  190          24.370    1918.349          24.370    1918.349             190             190
  117         -79.851       3.168         -79.851       3.168             117             117
  244         798.210    2403.979         798.210    2403.979             244             244
   42        -827.318   -1107.094        -827.318   -1107.094              42              42
  180        2359.421    -130.766        2359.421    -130.766             180             180
  168         393.754    -409.029         393.754    -409.029             168             168
   72        -215.775    -138.083        -215.775    -138.083              72              72
  199        1468.157    1252.007        1468.157    1252.007             199             199
  129         235.208    -897.326         235.208    -897.326             129             129
  158        -994.610     655.001        -994.610     655.001             158             158
   91          62.982     -34.727          62.982     -34.727              91              91
  252        -600.572     600.798        -600.572     600.798             252             252
   76         391.954    -372.997         391.954    -372.997              76              76
   42        -408.490     557.005        -408.490     557.005              42              42
   12        -552.707    -266.852        -552.707    -266.852              12              12
   29         450.673    -402.724         450.673    -402.724              29              29
  239        -306.376    1546.722        -306.376    1546.722             239             239
  160         595.433   -1010.609         595.433   -1010.609             160             160
  124        -258.104     455.219        -258.104     455.219             124             124
  151        1270.002    -828.202        1270.002    -828.202             151             151
