SINAL     NFT                         FFT                         NFT INVERSA     FFT INVERSA
-----     -----------------------     -----------------------     -----------     -----------
  196       31705.000       0.000       31705.000       0.000             196             196
   94       -1318.071     -67.317       -1318.071     -67.317              94              94
    7         115.501     -17.917         115.501     -17.917               7               7
  123        -623.759     210.380        -623.759     210.380             123             123
  131         238.438     898.872         238.438     898.872             131             131
   87        -229.084     614.689        -229.084     614.689              87              87
   13        1037.128    -389.197        1037.128    -389.197              13              13
  255        -711.331    -162.639        -711.331    -162.639             255             255
   26         957.941    -504.296         957.941    -504.296              26              26
   47         -64.761    -973.540         -64.761    -973.540              47              47
  130          57.557    -385.798          57.557    -385.798             130             130
  193        1204.549    1035.262        1204.549    1035.262             193             193
  107         211.364     292.233         211.364     292.233             107             107
  199         459.069     607.633         459.069     607.633             199             199
   20         250.921    -211.406         250.921    -211.406              20              20
  153         131.111     716.385         131.111     716.385             153             153
   52       -1695.024     738.621       -1695.024     738.621              52              52
   52        -935.518    1000.966        -935.518    1000.966              52              52
  147         966.712    -908.995         966.712    -908.995             147             147
   34         434.911    1245.814         434.911    1245.814              34              34
    8         671.454    -368.155         671.454    -368.155               8               8
   95         437.255    1052.811         437.255    1052.811              95              95
   70        2226.864   -1467.608        2226.864   -1467.608              70              70
  154         866.885     926.254         866.885     926.254             154             154
  175        -696.164    -904.555        -696.164    -904.555             175             175
  212          -0.882    1170.039          -0.882    1170.039             212             212
   59        -795.611     969.784        -795.611     969.784              59              59
   94        -627.792    -313.493        -627.792    -313.493              94              94
   69        1574.083     784.512        1574.083     784.512              69              69
  166        -968.071     705.182        -968.071     705.182             166             166
  121        -183.495    -372.389        -183.495    -372.389             121             121
   10       -1251.611    -394.649       -1251.611    -394.649              10              10
    4         527.022     606.511         527.022     606.511               4               4
  128         805.456     680.494         805.456     680.494             128             128
  133       -1536.846    -182.549       -1536.846    -182.549             133             133
  136        1134.079    -412.428        1134.079    -412.428             136             136
  216        -544.054    -756.884        -544.054    -756.884             216             216
  147        -124.673     259.429        -124.673     259.429             147             147
  135        1588.114      18.679        1588.114      18.679             135             135
  242        -682.744    2056.220        -682.744    2056.220             242             242
  195          11.157     666.337          11.157     666.337             195             195
   10        -716.068     382.438        -716.068     382.438              10              10
  179          53.088     277.554          53.088     277.554             179             179
   47        -588.261    -274.616        -588.261    -274.616              47              47
  210        1074.839     135.840        1074.839     135.840             210             210
  200        1145.666    -759.981        1145.666    -759.981             200             200
  200         -84.884   -1324.171         -84.884   -1324.171             200             200
    7       -1023.176    -379.152       -1023.176    -379.152               7               7
  252         862.663    -788.720         862.663    -788.720             252             252
   92         253.912   -1718.602         253.912   -1718.602              92              92
   41        1125.988     775.802        1125.988     775.802              41              41
    4         112.495     987.835         112.495     987.835               4               4
  187         806.457    1499.454         806.457    1499.454             187             187
  112         905.853    -446.774         905.853    -446.774             112             112
  158         398.332   -1084.400         398.332   -1084.400             158             158
  107          -8.309      54.433          -8.309      54.433             107             107
   69        -775.366     414.618        -775.366     414.618              69              69
  218        1988.621    1396.569        1988.621    1396.569             218             218
  201        -578.515     975.401        -578.515     975.401             201             201
  138        -170.523     449.672        -170.523     449.672             138             138
  128        -292.091     867.215        -292.091     867.215             128             128
   66        -332.671    -168.130        -332.671    -168.130              66              66
  149         -56.108      61.179         -56.108      61.179             149             149
  132        1643.139     483.665        1643.139     483.665             132             132
  195         394.957     474.003         394.957     474.003             195             195
   27        -477.329    -447.054        -477.329    -447.054              27              27
   12        1366.772     785.154        1366.772     785.154              12              12
  155        -387.413     895.116        -387.413     895.116             155             155
  175         746.200    1772.076         746.200    1772.076             175             175
  148         621.335     189.962         621.335     189.962             148             148
  142         341.895    -262.907         341.895    -262.907             142             142
  115        1175.653     886.175        1175.653     886.175             115             115
  159          73.156     616.796          73.156     616.796             159             159
   66        1625.945    -764.846        1625.945    -764.846              66              66
  162        -119.341     948.256        -119.341     948.256             162             162
  114         -60.532     268.683         -60.532     268.683             114             114
   10        -298.518    -343.581        -298.518    -343.581              10              10
  107          13.695     368.145          13.695     368.145             107             107
  121        -138.284     280.812        -138.284     280.812             121             121
    7         214.912     523.398         214.912     523.398               7               7
  199        -435.919    -255.168        -435.919    -255.168             199             199
  163        -827.564   -2401.017        -827.564   -2401.017             163             163
   11       -1116.182     133.320       -1116.182     133.320              11              11
  131        1158.519     190.136        1158.519     190.136             131             131
   19         569.375     135.048         569.375     135.048              19              19
  170        -164.178     107.667        -164.178     107.667             170             170
  238         797.251   -1992.228         797.251   -1992.228             238             238
   88         263.015   -1511.832         263.015   -1511.832              88              88
  132        -573.186     466.886        -573.186     466.886             132             132
  184         -81.978    1182.686         -81.978    1182.686             184             184
  227        -549.551   -1187.465        -549.551   -1187.465             227             227
    5        -454.378     834.532        -454.378     834.532               5               5
  251         301.660     293.662         301.660     293.662             251             251
  121         -24.288     282.036         -24.288     282.036             121             121
  137        -924.887    1549.911        -924.887    1549.911             137             137
  190        -956.339    1152.285        -956.339    1152.285             190             190
  148        -593.013     -29.587        -593.013     -29.587             148             148
  150        -172.232     594.997        -172.232     594.997             150             150
   90       -1059.275      74.541       -1059.275      74.541              90              90
   68        1276.870     122.625        1276.870     122.625              68              68
   43        -289.641    -510.340        -289.641    -510.340              43              43
  232        -453.355    -553.850        -453.355    -553.850             232             232
  183        1507.813     595.613        1507.813     595.613             183             183
  203         435.762     813.340         435.762     813.340             203             203
   43       -1382.796     228.157       -1382.796     228.157              43              43
   90        -641.646   -1852.919        -641.646   -1852.919              90              90
   61         452.667     -10.152         452.667     -10.152              61              61
   53        -989.093    -422.522        -989.093    -422.522              53              53
  197         268.501    -270.113         268.501    -270.113             197             197
  182         -35.687   -1104.629         -35.687   -1104.629             182             182
   60        -342.427     963.171        -342.427     963.171              60              60
  140         665.411     106.215         665.411     106.215             140             140
   89         464.322    -575.685         464.322    -575.685              89              89
   72        -442.791    -339.715        -442.791    -339.715              72              72
   16        1314.760    -544.803        1314.760    -544.803              16              16
  109         249.495    -305.100         249.495    -305.100             109             109
  243         897.381     713.129         897.381     713.129             243             243
  254        1150.088    -670.875        1150.088    -670.875             254             254
  197         700.958    -520.513         700.958    -520.513             197             197
  120        -841.669    1032.161        -841.669    1032.161             120             120
  182         -22.908    -921.704         -22.908    -921.704             182             182
  169          21.290    1503.355          21.290    1503.355             169             169
  125         225.290    -159.454         225.290    -159.454             125             125
  177         541.737    -568.907         541.737    -568.907             177             177
   34        -271.733    -760.621        -271.733    -760.621              34              34
    7        -499.823    -229.639        -499.823    -229.639               7               7
  112       -2242.578     578.211       -2242.578     578.211             112             112
  183        -618.094    1258.983        -618.094    1258.983             183             183
  158       -1555.000      -0.215       -1555.000      -0.215             158             158
  203        -617.867   -1259.162        -617.867   -1259.162             203             203
  251       -2242.380    -578.539       -2242.380    -578.539             251             251
  202        -499.652     229.617        -499.652     229.617             202             202
  180        -271.670     760.574        -271.670     760.574             180             180
  179         541.783     568.916         541.783     568.916             179             179
  149         225.338     159.356         225.338     159.356             149             149
  223          21.604   -1503.376          21.604   -1503.376             223             223
   13         -23.005     921.698         -23.005     921.698              13              13
  211        -841.360   -1032.313        -841.360   -1032.313             211             211
   21         701.054     520.676         701.054     520.676              21              21
  210        1150.067     671.014        1150.067     671.014             210             210
  137         897.509    -713.009         897.509    -713.009             137             137
   82         249.456     305.173         249.456     305.173              82              82
   95        1314.625     545.010        1314.625     545.010              95              95
  227        -442.904     339.599        -442.904     339.599             227             227
  155         464.225     575.684         464.225     575.684             155             155
  111         665.361    -106.206         665.361    -106.206             111             111
   81        -342.337    -963.218        -342.337    -963.218              81              81
  143         -35.900    1104.645         -35.900    1104.645             143             143
  110         268.390     270.102         268.390     270.102             110             110
   23        -989.187     422.299        -989.187     422.299              23              23
    7         452.656      10.204         452.656      10.204               7               7
   37        -642.007    1852.690        -642.007    1852.690              37              37
  192       -1382.673    -228.614       -1382.673    -228.614             192             192
  133         436.053    -813.396         436.053    -813.396             133             133
  214        1507.909    -595.387        1507.909    -595.387             214             214
  227        -453.516     553.744        -453.516     553.744             227             227
  141        -289.698     510.177        -289.698     510.177             141             141
   71        1276.829    -122.551        1276.829    -122.551              71              71
  154       -1059.358     -74.856       -1059.358     -74.856             154             154
   44        -172.159    -595.142        -172.159    -595.142              44              44
   18        -593.055      29.356        -593.055      29.356              18              18
  150        -956.135   -1152.578        -956.135   -1152.578             150             150
  246        -924.535   -1550.068        -924.535   -1550.068             246             246
  199         -24.127    -281.987         -24.127    -281.987             199             199
   73         301.754    -293.594         301.754    -293.594              73              73
  139        -454.214    -834.531        -454.214    -834.531             139             139
  166        -549.675    1187.387        -549.675    1187.387             166             166
   86         -81.694   -1182.708         -81.694   -1182.708              86              86
   94        -572.992    -466.827        -572.992    -466.827              94              94
  187         262.907    1511.999         262.907    1511.999             187             187
   41         796.987    1992.272         796.987    1992.272              41              41
  232        -164.107    -107.856        -164.107    -107.856             232             232
   13         569.465    -135.039         569.465    -135.039              13              13
  137        1158.490    -189.979        1158.490    -189.979             137             137
  204       -1116.230    -133.461       -1116.230    -133.461             204             204
  168        -827.904    2400.801        -827.904    2400.801             168             168
  248        -435.843     254.852        -435.843     254.852             248             248
   29         215.104    -523.540         215.104    -523.540              29              29
   55        -138.152    -280.955        -138.152    -280.955              55              55
  103          13.845    -368.228          13.845    -368.228             103             103
   52        -298.468     343.424        -298.468     343.424              52              52
   63         -60.345    -268.840         -60.345    -268.840              63              63
  140        -118.986    -948.344        -118.986    -948.344             140             140
  245        1625.946     765.025        1625.946     765.025             245             245
  197          73.334    -616.941          73.334    -616.941             197             197
   99        1175.871    -886.051        1175.871    -886.051              99              99
  216         341.882     262.882         341.882     262.882             216             216
   82         621.408    -190.033         621.408    -190.033              82              82
  170         746.493   -1772.056         746.493   -1772.056             170             170
  115        -387.219    -895.175        -387.219    -895.175             115             115
  127        1366.925    -784.878        1366.925    -784.878             127             127
  189        -477.401     446.976        -477.401     446.976             189             189
    9         395.128    -473.990         395.128    -473.990               9               9
  117        1643.203    -483.405        1643.203    -483.405             117             117
  132         -56.194     -61.204         -56.194     -61.204             132             132
   82        -332.728     167.997        -332.728     167.997              82              82
    1        -291.923    -867.344        -291.923    -867.344               1               1
   42        -170.395    -449.751        -170.395    -449.751              42              42
  169        -578.212    -975.538        -578.212    -975.538             169             169
   96        1988.903   -1396.181        1988.903   -1396.181              96              96
  230        -775.315    -414.626        -775.315    -414.626             230             230
  211          -8.202     -54.313          -8.202     -54.313             211             211
   72         398.260    1084.497         398.260    1084.497              72              72
  244         905.850     446.813         905.850     446.813             244             244
   92         806.716   -1499.379         806.716   -1499.379              92              92
   21         112.685    -987.728         112.685    -987.728              21              21
  157        1126.123    -775.411        1126.123    -775.411             157             157
   85         253.591    1718.789         253.591    1718.789              85              85
   51         862.456     788.861         862.456     788.861              51              51
  213       -1023.272     378.985       -1023.272     378.985             213             213
  188         -85.007    1324.112         -85.007    1324.112             188             188
  103        1145.592     760.028        1145.592     760.028             103             103
   21        1074.777    -135.798        1074.777    -135.798              21              21
   72        -588.389     274.387        -588.389     274.387              72              72
   93          53.104    -277.690          53.104    -277.690              93              93
  218        -715.997    -382.690        -715.997    -382.690             218             218
  172          11.315    -666.467          11.315    -666.467             172             172
   54        -682.292   -2056.330        -682.292   -2056.330              54              54
   45        1588.169     -18.319        1588.169     -18.319              45              45
   86        -124.683    -259.380        -124.683    -259.380              86              86
  169        -544.140     756.821        -544.140     756.821             169             169
  172        1133.994     412.561        1133.994     412.561             172             172
   20       -1536.858     182.190       -1536.858     182.190              20              20
  179         805.659    -680.438         805.659    -680.438             179             179
   34         527.077    -606.419         527.077    -606.419              34              34
  152       -1251.678     394.438       -1251.678     394.438             152             152
    6        -183.475     372.265        -183.475     372.265               6               6
   35        -967.798    -705.442        -967.798    -705.442              35              35
  195        1574.307    -784.263        1574.307    -784.263             195             195
  175        -627.848     313.348        -627.848     313.348             175             175
  131        -795.337    -969.975        -795.337    -969.975             131             131
  170          -0.535   -1169.967          -0.535   -1169.967             170             170
  131        -696.100     904.477        -696.100     904.477             131             131
  204         867.309    -926.083         867.309    -926.083             204             204
  158        2226.723    1467.954        2226.723    1467.954             158             158
  223         437.435   -1052.815         437.435   -1052.815             223             223
  225         671.418     368.222         671.418     368.222             225             225
   60         435.135   -1245.750         435.135   -1245.750              60              60
   52         966.501     909.131         966.501     909.131              52              52
   20        -935.419   -1001.204        -935.419   -1001.204              20              20
   17       -1694.774    -738.901       -1694.774    -738.901              17              17
  240         131.455    -716.310         131.455    -716.310             240             240
  124         251.074     211.481         251.074     211.481             124             124
   39         459.338    -607.546         459.338    -607.546              39              39
   57         211.592    -292.165         211.592    -292.165              57              57
  218        1204.855   -1034.958        1204.855   -1034.958             218             218
    1          57.589     385.958          57.589     385.958               1               1
  229         -64.750     973.585         -64.750     973.585             229             229
   16         958.008     504.432         958.008     504.432              16              16
   47        -711.160     162.482        -711.160     162.482              47              47
   60        1037.304     389.297        1037.304     389.297              60              60
  185        -228.737    -614.804        -228.737    -614.804             185             185
  220         238.921    -898.818         238.921    -898.818             220             220
   81        -623.237    -210.419        -623.237    -210.419              81              81
  108         116.264      17.988         116.264      17.988             108             108
  254       -1316.431      67.130       -1316.431      67.130             254             254
