SINAL     NFT                         FFT                         NFT INVERSA     FFT INVERSA
-----     -----------------------     -----------------------     -----------     -----------
  146       32816.000       0.000       32816.000       0.000             146             146
  127        1148.433     502.790        1148.433     502.790             127             127
  168        -517.811     -25.441        -517.811     -25.441             168             168
  228         483.305   -1234.616         483.305   -1234.616             228             228
  231         277.591     170.017         277.591     170.017             231             231
  107         814.357    1897.460         814.357    1897.460             107             107
   78        1120.231    -243.879        1120.231    -243.879              78              78
  237        -785.815    -602.616        -785.815    -602.616             237             237
  219       -1018.054     678.668       -1018.054     678.668             219             219
  162         832.670    -319.190         832.670    -319.190             162             162
   77        1631.755     377.294        1631.755     377.294              77              77
  117        1114.094   -1053.509        1114.094   -1053.509             117             117
    4        -446.394    -286.668        -446.394    -286.668               4               4
   66        -469.027    -345.090        -469.027    -345.090              66              66
   87          83.261    -447.520          83.261    -447.520              87              87
  179         -75.357    -649.368         -75.357    -649.368             179             179
   52         197.574   -1537.178         197.574   -1537.178              52              52
   50        -751.962    -233.580        -751.962    -233.580              50              50
  252        -422.212    -998.444        -422.212    -998.444             252             252
    2        -390.791      64.730        -390.791      64.730               2               2
  147        -148.021    -544.430        -148.021    -544.430             147             147
  244        1475.623    1062.814        1475.623    1062.814             244             244
  236         518.675    -653.207         518.675    -653.207             236             236
  127          39.819     962.276          39.819     962.276             127             127
  121        -575.855     963.820        -575.855     963.820             121             121
  129       -1110.949     550.642       -1110.949     550.642             129             129
  138         466.271    -184.283         466.271    -184.283             138             138
   47        1566.528    -195.763        1566.528    -195.763              47              47
  185          97.379     199.252          97.379     199.252             185             185
  150       -1054.023    -252.921       -1054.023    -252.921             150             150
  250         -94.632    -455.230         -94.632    -455.230             250             250
   76         343.289    -208.540         343.289    -208.540              76              76
   22        -157.640    1526.926        -157.640    1526.926              22              22
  163         126.355    1788.611         126.355    1788.611             163             163
   48         416.621   -1374.613         416.621   -1374.613              48              48
  254         398.837    -448.506         398.837    -448.506             254             254
   14         611.167    -499.879         611.167    -499.879              14              14
  126        -425.630   -1341.253        -425.630   -1341.253             126             126
  235         706.977    1212.426         706.977    1212.426             235             235
  234        -220.498    -641.241        -220.498    -641.241             234             234
   33        -328.464     -86.059        -328.464     -86.059              33              33
   57       -1638.037    -483.246       -1638.037    -483.246              57              57
   95        -136.829     202.594        -136.829     202.594              95              95
   38       -1128.895     908.771       -1128.895     908.771              38              38
  123         112.163   -1062.718         112.163   -1062.718             123             123
  182          88.139     -38.810          88.139     -38.810             182             182
  217         578.411     984.928         578.411     984.928             217             217
  176        -372.783     799.895        -372.783     799.895             176             176
  232        -486.473     747.907        -486.473     747.907             232             232
  214       -1718.374    -135.196       -1718.374    -135.196             214             214
  179        -413.027     727.022        -413.027     727.022             179             179
  124       -1613.242     938.449       -1613.242     938.449             124             124
  203        -823.662   -1004.249        -823.662   -1004.249             203             203
  159        1785.607     400.092        1785.607     400.092             159             159
  252        -594.105   -1360.576        -594.105   -1360.576             252             252
   68          -3.842    -188.598          -3.842    -188.598              68              68
   32        -499.857    1581.350        -499.857    1581.350              32              32
  135        -200.306     177.267        -200.306     177.267             135             135
  115         622.430    1438.688         622.430    1438.688             115             115
  218       -1233.467    -327.296       -1233.467    -327.296             218             218
   30        1329.148     622.834        1329.148     622.834              30              30
  110         879.463    -202.133         879.463    -202.133             110             110
   39         138.387     210.478         138.387     210.478              39              39
   52       -1033.294     120.301       -1033.294     120.301              52              52
   17       -1174.955    -857.049       -1174.955    -857.049              17              17
   87         123.484    1043.854         123.484    1043.854              87              87
   50        -577.599     780.981        -577.599     780.981              50              50
   32         181.628     647.604         181.628     647.604              32              32
  214         280.996     491.331         280.996     491.331             214             214
   30         239.157   -1142.938         239.157   -1142.938              30              30
   10        -597.545     597.760        -597.545     597.760              10              10
  248        1269.291      18.700        1269.291      18.700             248             248
   87        -123.306    -610.780        -123.306    -610.780              87              87
  105        1119.595   -1001.104        1119.595   -1001.104             105             105
   30         534.069      23.043         534.069      23.043              30              30
  211        -681.469   -1679.623        -681.469   -1679.623             211             211
   32         399.953   -1937.034         399.953   -1937.034              32              32
  248         850.720    -695.834         850.720    -695.834             248             248
  131       -1063.942    1125.029       -1063.942    1125.029             131             131
    8         522.599     665.391         522.599     665.391               8               8
  207         638.468    -622.101         638.468    -622.101             207             207
   54       -1576.709     265.403       -1576.709     265.403              54              54
  133        -181.531    -608.781        -181.531    -608.781             133             133
  154        1415.078     363.165        1415.078     363.165             154             154
  213         269.374    -203.678         269.374    -203.678             213             213
  129        -747.778    2450.443        -747.778    2450.443             129             129
  222         870.371     438.759         870.371     438.759             222             222
  246        -285.127   -1747.452        -285.127   -1747.452             246             246
    8       -1173.258     140.709       -1173.258     140.709               8               8
   82          65.065    -699.217          65.065    -699.217              82              82
  209        -760.725   -1790.551        -760.725   -1790.551             209             209
   38         652.999     439.557         652.999     439.557              38              38
  193        -758.129    -552.217        -758.129    -552.217             193             193
  248        -342.490    -729.821        -342.490    -729.821             248             248
   91        2769.883    1096.925        2769.883    1096.925              91              91
  210       -1196.224      65.672       -1196.224      65.672             210             210
   80        -416.432     626.888        -416.432     626.888              80              80
  141         324.266    -847.798         324.266    -847.798             141             141
  242        -289.823    1750.571        -289.823    1750.571             242             242
   39        -223.232     596.778        -223.232     596.778              39              39
  172         468.754     -96.379         468.754     -96.379             172             172
  253         -73.106    -449.210         -73.106    -449.210             253             253
   32         716.275     466.035         716.275     466.035              32              32
    3         -94.539   -1355.324         -94.539   -1355.324               3               3
  102        -411.687    -922.935        -411.687    -922.935             102             102
   62         682.605    -109.955         682.605    -109.955              62              62
  215        -934.838    -779.241        -934.838    -779.241             215             215
  134        -836.955    -396.101        -836.955    -396.101             134             134
   54         778.991    2153.795         778.991    2153.795              54              54
   91         441.449     645.354         441.449     645.354              91              91
  143         869.887    -381.702         869.887    -381.702             143             143
    6       -1704.908     911.532       -1704.908     911.532               6               6
  146         582.426     -99.242         582.426     -99.242             146             146
   21         509.932    -150.456         509.932    -150.456              21              21
  160        -765.525     -41.193        -765.525     -41.193             160             160
  103       -1010.955    1067.175       -1010.955    1067.175             103             103
  150         571.705    -107.345         571.705    -107.345             150             150
  127         571.278    -383.078         571.278    -383.078             127             127
   94         195.992    -551.284         195.992    -551.284              94              94
  159         409.574   -1680.470         409.574   -1680.470             159             159
  209        -757.422   -1787.042        -757.422   -1787.042             209             209
   48        -297.507    -175.350        -297.507    -175.350              48              48
  198         206.606    -436.593         206.606    -436.593             198             198
  146           0.970      50.369           0.970      50.369             146             146
   41         -76.715   -1491.637         -76.715   -1491.637              41              41
   33         348.962     231.781         348.962     231.781              33              33
  101        1975.878   -1025.381        1975.878   -1025.381             101             101
  121         616.122     844.469         616.122     844.469             121             121
  175        -350.000      -0.018        -350.000      -0.018             175             175
   88         616.340    -844.255         616.340    -844.255              88              88
  161        1975.659    1025.824        1975.659    1025.824             161             161
   91         348.848    -231.630         348.848    -231.630              91              91
   86         -77.069    1491.679         -77.069    1491.679              86              86
  193           0.912     -50.368           0.912     -50.368             193             193
   95         206.458     436.675         206.458     436.675              95              95
  188        -297.613     175.390        -297.613     175.390             188             188
    0        -757.715    1786.967        -757.715    1786.967              -0              -0
   55         409.326    1680.432         409.326    1680.432              55              55
   67         195.897     551.150         195.897     551.150              67              67
   55         571.181     383.013         571.181     383.013              55              55
  146         571.570     107.264         571.570     107.264             146             146
  211       -1010.868   -1067.442       -1010.868   -1067.442             211             211
   61        -765.491      41.039        -765.491      41.039              61              61
   36         509.948     150.480         509.948     150.480              36              36
  232         582.334      99.236         582.334      99.236             232             232
  221       -1704.738    -911.874       -1704.738    -911.874             221             221
  140         869.916     381.793         869.916     381.793             140             140
  127         441.551    -645.389         441.551    -645.389             127             127
   92         779.264   -2153.599         779.264   -2153.599              92              92
  235        -837.111     396.133        -837.111     396.133             235             235
   30        -934.922     779.146        -934.922     779.146              30              30
   46         682.626     110.107         682.626     110.107              46              46
   27        -411.841     922.894        -411.841     922.894              27              27
  228         -94.709    1355.208         -94.709    1355.208             228             228
  193         716.369    -466.030         716.369    -466.030             193             193
   68         -73.195     449.119         -73.195     449.119              68              68
    6         468.712      96.324         468.712      96.324               6               6
   38        -223.173    -596.947        -223.173    -596.947              38              38
  190        -289.524   -1750.599        -289.524   -1750.599             190             190
  181         324.115     847.893         324.115     847.893             181             181
  127        -416.348    -626.983        -416.348    -626.983             127             127
   95       -1196.074     -65.870       -1196.074     -65.870              95              95
   17        2770.097   -1096.386        2770.097   -1096.386              17              17
  213        -342.764     729.871        -342.764     729.871             213             213
   33        -758.244     552.104        -758.244     552.104              33              33
  112         653.042    -439.377         653.042    -439.377             112             112
  146        -761.072    1790.457        -761.072    1790.457             146             146
   33          64.923     699.125          64.923     699.125              33              33
  167       -1173.217    -140.959       -1173.217    -140.959             167             167
  214        -285.306    1747.267        -285.306    1747.267             214             214
   88         870.482    -438.874         870.482    -438.874              88              88
   58        -747.339   -2450.616        -747.339   -2450.616              58              58
  169         269.442     203.800         269.442     203.800             169             169
  149        1415.120    -362.885        1415.120    -362.885             149             149
   94        -181.750     608.767        -181.750     608.767              94              94
  146       -1576.630    -265.671       -1576.630    -265.671             146             146
  115         638.466     622.179         638.466     622.179             115             115
  234         522.695    -665.345         522.695    -665.345             234             234
   17       -1063.708   -1125.093       -1063.708   -1125.093              17              17
  207         850.686     696.168         850.686     696.168             207             207
  214         399.614    1937.169         399.614    1937.169             214             214
   48        -681.710    1679.400        -681.710    1679.400              48              48
  253         534.168     -23.070         534.168     -23.070             253             253
  241        1119.428    1001.198        1119.428    1001.198             241             241
   21        -123.420     610.597        -123.420     610.597              21              21
  191        1269.239     -18.656        1269.239     -18.656             191             191
   53        -597.520    -597.944        -597.520    -597.944              53              53
   27         238.953    1142.855         238.953    1142.855              27              27
  230         281.033    -491.477         281.033    -491.477             230             230
  243         181.654    -647.704         181.654    -647.704             243             243
  209        -577.527    -781.155        -577.527    -781.155             209             209
  101         123.598   -1043.810         123.598   -1043.810             101             101
   83       -1175.135     856.853       -1175.135     856.853              83              83
  226       -1033.178    -120.558       -1033.178    -120.558             226             226
   59         138.565    -210.514         138.565    -210.514              59              59
  117         879.506     202.196         879.506     202.196             117             117
   83        1329.170    -622.688        1329.170    -622.688              83              83
  206       -1233.581     326.987       -1233.581     326.987             206             206
  150         622.673   -1438.659         622.673   -1438.659             150             150
  251        -200.334    -177.322        -200.334    -177.322             251             251
  164        -499.605   -1581.386        -499.605   -1581.386             164             164
  239          -3.871     188.733          -3.871     188.733             239             239
   53        -594.283    1360.471        -594.283    1360.471              53              53
   78        1785.612    -399.851        1785.612    -399.851              78              78
  132        -824.017    1004.014        -824.017    1004.014             132             132
  148       -1613.129    -938.848       -1613.129    -938.848             148             148
  224        -412.901    -727.114        -412.901    -727.114             224             224
  248       -1718.339     134.869       -1718.339     134.869             248             248
  126        -486.204    -748.047        -486.204    -748.047             126             126
  242        -372.504    -799.961        -372.504    -799.961             242             242
  199         578.673    -984.755         578.673    -984.755             199             199
   84          88.157      38.942          88.157      38.942              84              84
   34         111.965    1062.735         111.965    1062.735              34              34
  197       -1128.727    -908.984       -1128.727    -908.984             197             197
   70        -136.754    -202.546        -136.754    -202.546              70              70
   56       -1638.019     483.015       -1638.019     483.015              56              56
  132        -328.286      86.018        -328.286      86.018             132             132
  123        -220.414     641.168        -220.414     641.168             123             123
   83         707.316   -1212.269         707.316   -1212.269              83              83
  106        -425.730    1341.247        -425.730    1341.247             106             106
  111         611.223     499.935         611.223     499.935             111             111
   37         398.850     448.518         398.850     448.518              37              37
  208         416.451    1374.493         416.451    1374.493             208             208
  195         126.697   -1788.774         126.697   -1788.774             195             195
    8        -157.317   -1526.906        -157.317   -1526.906               8               8
   12         343.315     208.696         343.315     208.696              12              12
   56         -94.680     455.234         -94.680     455.234              56              56
   91       -1053.949     252.711       -1053.949     252.711              91              91
  218          97.624    -199.264          97.624    -199.264             218             218
  207        1566.596     195.999        1566.596     195.999             207             207
   87         466.198     184.286         466.198     184.286              87              87
  126       -1110.833    -550.910       -1110.833    -550.910             126             126
  190        -575.543    -963.931        -575.543    -963.931             190             190
  140          40.167    -962.179          40.167    -962.179             140             140
  204         518.742     653.353         518.742     653.353             204             204
   67        1475.859   -1062.498        1475.859   -1062.498              67              67
   32        -148.126     544.520        -148.126     544.520              32              32
  173        -390.734     -64.697        -390.734     -64.697             173             173
   59        -422.290     998.449        -422.290     998.449              59              59
  159        -751.841     233.513        -751.841     233.513             159             159
  159         197.502    1537.224         197.502    1537.224             159             159
    3         -75.300     649.283         -75.300     649.283               3               3
  244          83.352     447.464          83.352     447.464             244             244
  193        -468.886     344.947        -468.886     344.947             193             193
  201        -446.136     286.546        -446.136     286.546             201             201
   58        1114.238    1053.588        1114.238    1053.588              58              58
  249        1632.008    -377.144        1632.008    -377.144             249             249
   78         832.693     319.230         832.693     319.230              78              78
  182       -1017.785    -678.903       -1017.785    -678.903             182             182
   77        -785.551     602.429        -785.551     602.429              77              77
  184        1120.596     243.908        1120.596     243.908             184             184
   38         815.029   -1897.375         815.029   -1897.375              38              38
  115         278.044    -169.869         278.044    -169.869             115             115
  137         483.658    1234.693         483.658    1234.693             137             137
  234        -516.907      25.253        -516.907      25.253             234             234
  123        1150.299    -502.645        1150.299    -502.645             123             123
