SINAL     NFT                         FFT                         NFT INVERSA     FFT INVERSA
-----     -----------------------     -----------------------     -----------     -----------
   74       31625.000       0.000       31625.000       0.000              74              74
  169         617.651     330.721         617.651     330.721             169             169
  120          32.314    1228.296          32.314    1228.296             120             120
   41         744.080     543.560         744.080     543.560              41              41
  176         224.395     -74.035         224.395     -74.035             176             176
   29           8.139    -810.399           8.139    -810.399              29              29
  221         605.021    -194.306         605.021    -194.306             221             221
   73        -417.674    1020.794        -417.674    1020.794              73              73
   52         592.974     753.533         592.974     753.533              52              52
  184        -234.459    -136.008        -234.459    -136.008             184             184
   86        1005.728     630.262        1005.728     630.262              86              86
  242        -419.262    -290.357        -419.262    -290.357             242             242
  204         243.571      88.039         243.571      88.039             204             204
    8        -640.907    -631.381        -640.907    -631.381               8               8
   54         541.763    2584.820         541.763    2584.820              54              54
   81          62.119     573.027          62.119     573.027              81              81
  251         834.388      24.813         834.388      24.813             251             251
  136       -1000.341    1314.541       -1000.341    1314.541             136             136
   57        -874.632   -1048.474        -874.632   -1048.474              57              57
  115        -845.727     293.429        -845.727     293.429             115             115
  157         442.764     133.492         442.764     133.492             157             157
  115         537.213     779.197         537.213     779.197             115             115
   88         383.607     870.302         383.607     870.302              88              88
   60        -744.768   -1135.158        -744.768   -1135.158              60              60
  141         139.115     912.866         139.115     912.866             141             141
  170        -179.960    -785.358        -179.960    -785.358             170             170
  101        -305.400     414.501        -305.400     414.501             101             101
  181           5.842     436.978           5.842     436.978             181             181
   55         133.993    -759.812         133.993    -759.812              55              55
  106         846.901     670.651         846.901     670.651             106             106
  107        -354.435    -377.005        -354.435    -377.005             107             107
  130         896.377    -880.465         896.377    -880.465             130             130
   19         563.467     494.671         563.467     494.671              19              19
  227        1005.826    -546.412        1005.826    -546.412             227             227
  172       -1220.188    -296.413       -1220.188    -296.413             172             172
  196       -1147.884    1274.370       -1147.884    1274.370             196             196
    0        -273.112     844.637        -273.112     844.637               0               0
  137        -327.298     940.454        -327.298     940.454             137             137
   13         230.164    -448.270         230.164    -448.270              13              13
   53       -1151.692    -206.694       -1151.692    -206.694              53              53
   66        -708.948     555.361        -708.948     555.361              66              66
   99        -724.249    1068.718        -724.249    1068.718              99              99
   39         -63.122    -487.233         -63.122    -487.233              39              39
   15        -444.440    -629.957        -444.440    -629.957              15              15
  108        -853.303      86.002        -853.303      86.002             108             108
   93         374.611   -1267.697         374.611   -1267.697              93              93
   96        3169.239    1405.453        3169.239    1405.453              96              96
  104        -691.859    -992.138        -691.859    -992.138             104             104
  229         262.786    -434.791         262.786    -434.791             229             229
  154         339.688    -332.551         339.688    -332.551             154             154
  219        1414.562    -383.454        1414.562    -383.454             219             219
  131        1057.956     250.238        1057.956     250.238             131             131
   13         281.496    -688.273         281.496    -688.273              13              13
   51         599.424    -438.725         599.424    -438.725              51              51
  192         380.510   -1228.025         380.510   -1228.025             192             192
  155       -1722.708    1032.218       -1722.708    1032.218             155             155
  221         504.390     818.138         504.390     818.138             221             221
   37       -1001.773    -898.117       -1001.773    -898.117              37              37
   80        -986.160    1507.991        -986.160    1507.991              80              80
   21       -1065.777     508.301       -1065.777     508.301              21              21
  144         131.962     678.055         131.962     678.055             144             144
  188          16.922    -671.057          16.922    -671.057             188             188
  152         223.368    1458.535         223.368    1458.535             152             152
  164        -382.559      61.672        -382.559      61.672             164             164
  159        -275.992    -389.043        -275.992    -389.043             159             159
   68        -643.183    -743.666        -643.183    -743.666              68              68
  104         386.050    -205.391         386.050    -205.391             104             104
  160         821.097    -255.680         821.097    -255.680             160             160
  206        -492.892    -100.832        -492.892    -100.832             206             206
  117        1347.586    -665.968        1347.586    -665.968             117             117
  213         -63.113    1174.559         -63.113    1174.559             213             213
   16       -1347.919     -47.064       -1347.919     -47.064              16              16
  217       -1455.496     579.146       -1455.496     579.146             217             217
  253       -2231.731      71.721       -2231.731      71.721             253             253
   31        -659.297   -1159.658        -659.297   -1159.658              31              31
   69         479.221     292.673         479.221     292.673              69              69
   91         286.709    -932.637         286.709    -932.637              91              91
  128         920.430     -65.895         920.430     -65.895             128             128
  174        -863.320    -414.766        -863.320    -414.766             174             174
   64        -551.123     334.785        -551.123     334.785              64              64
   26         103.264    -537.284         103.264    -537.284              26              26
  138         566.238    1669.309         566.238    1669.309             138             138
  196       -1065.865    -382.983       -1065.865    -382.983             196             196
   40       -1063.639   -2057.673       -1063.639   -2057.673              40              40
  190        2055.149     596.301        2055.149     596.301             190             190
  132         732.841    -214.227         732.841    -214.227             132             132
  195        -655.982     326.153        -655.982     326.153             195             195
  156        -591.943    -872.113        -591.943    -872.113             156             156
  170         574.060      81.219         574.060      81.219             170             170
   20        -485.809   -1285.966        -485.809   -1285.966              20              20
  177        -388.775    -323.209        -388.775    -323.209             177             177
   58         919.120     214.355         919.120     214.355              58              58
  208        1021.287   -1028.328        1021.287   -1028.328             208             208
   74         -15.138    -214.488         -15.138    -214.488              74              74
  223          88.776     595.975          88.776     595.975             223             223
  112        -513.147      30.046        -513.147      30.046             112             112
  142        -549.429   -1299.392        -549.429   -1299.392             142             142
   71         323.549   -1132.159         323.549   -1132.159              71              71
   17        -733.512     517.838        -733.512     517.838              17              17
   92       -1540.510    -953.097       -1540.510    -953.097              92              92
  188        -687.300    -192.352        -687.300    -192.352             188             188
  230        -334.183    -600.563        -334.183    -600.563             230             230
  109         822.288     731.973         822.288     731.973             109             109
  149       -1250.633     587.434       -1250.633     587.434             149             149
  228        -226.045     -47.597        -226.045     -47.597             228             228
  141        -741.809    1151.164        -741.809    1151.164             141             141
  219         619.869     416.048         619.869     416.048             219             219
   63       -1268.900    -289.190       -1268.900    -289.190              63              63
   13        -367.337    1017.324        -367.337    1017.324              13              13
  138         -87.560    1051.442         -87.560    1051.442             138             138
  127        -622.831    -294.976        -622.831    -294.976             127             127
   40         752.220    -453.481         752.220    -453.481              40              40
   20        -188.395     226.306        -188.395     226.306              20              20
   68         149.955     775.718         149.955     775.718              68              68
   80          24.510    -375.853          24.510    -375.853              80              80
  210           5.278     342.037           5.278     342.037             210             210
  201          74.217     158.927          74.217     158.927             201             201
   20        1807.567    -716.043        1807.567    -716.043              20              20
  110          49.665     306.156          49.665     306.156             110             110
  115         184.487     472.164         184.487     472.164             115             115
   41        -780.165    -571.707        -780.165    -571.707              41              41
   32        -551.763     620.222        -551.763     620.222              32              32
  174         -49.108    1487.504         -49.108    1487.504             174             174
  250        1038.947     404.135        1038.947     404.135             250             250
  106          34.398    1001.082          34.398    1001.082             106             106
  141         636.133    -742.416         636.133    -742.416             141             141
  106        -464.145   -1308.559        -464.145   -1308.559             106             106
  248        -331.271    1134.969        -331.271    1134.969             248             248
  213         603.000      -0.003         603.000      -0.003             213             213
  123        -331.109   -1135.018        -331.109   -1135.018             123             123
   85        -464.316    1308.490        -464.316    1308.490              85              85
  145         636.052     742.356         636.052     742.356             145             145
   98          34.584   -1001.228          34.584   -1001.228              98              98
  195        1038.981    -404.055        1038.981    -404.055             195             195
   39         -48.958   -1487.535         -48.958   -1487.535              39              39
   70        -551.712    -620.229        -551.712    -620.229              70              70
   80        -780.220     571.607        -780.220     571.607              80              80
    2         184.645    -472.144         184.645    -472.144               2               2
  133          49.808    -306.099          49.808    -306.099             133             133
   93        1807.439     716.348        1807.439     716.348              93              93
  141          74.134    -158.965          74.134    -158.965             141             141
    5           5.268    -342.047           5.268    -342.047               5               5
  134          24.398     375.820          24.398     375.820             134             134
  161         150.030    -775.725         150.030    -775.725             161             161
   73        -188.395    -226.302        -188.395    -226.302              73              73
  215         752.060     453.604         752.060     453.604             215             215
  116        -622.986     294.778        -622.986     294.778             116             116
   19         -87.454   -1051.532         -87.454   -1051.532              19              19
  236        -367.257   -1017.343        -367.257   -1017.343             236             236
  226       -1268.950     289.012       -1268.950     289.012             226             226
  135         619.931    -415.969         619.931    -415.969             135             135
   21        -741.672   -1151.237        -741.672   -1151.237              21              21
    3        -226.087      47.638        -226.087      47.638               3               3
   53       -1250.500    -587.582       -1250.500    -587.582              53              53
   15         822.431    -731.692         822.431    -731.692              15              15
  109        -334.364     600.652        -334.364     600.652             109             109
  195        -687.397     192.340        -687.397     192.340             195             195
  121       -1540.645     952.888       -1540.645     952.888             121             121
  102        -733.299    -517.890        -733.299    -517.890             102             102
  152         323.441    1132.312         323.441    1132.312             152             152
  245        -549.600    1299.263        -549.600    1299.263             245             245
  188        -513.039     -30.216        -513.039     -30.216             188             188
   42          88.990    -595.949          88.990    -595.949              42              42
   87         -15.054     214.564         -15.054     214.564              87              87
  127        1021.191    1028.508        1021.191    1028.508             127             127
   81         919.109    -214.208         919.109    -214.208              81              81
  158        -388.892     323.199        -388.892     323.199             158             158
  207        -486.000    1285.865        -486.000    1285.865             207             207
   84         574.076     -81.172         574.076     -81.172              84              84
   35        -592.104     871.959        -592.104     871.959              35              35
   45        -655.834    -326.326        -655.834    -326.326              45              45
  225         732.922     214.324         732.922     214.324             225             225
   41        2055.159    -595.906        2055.159    -595.906              41              41
  179       -1064.141    2057.476       -1064.141    2057.476             179             179
  131       -1065.905     382.607       -1065.905     382.607             131             131
  115         566.553   -1669.275         566.553   -1669.275             115             115
  139         103.124     537.327         103.124     537.327             139             139
  247        -551.104    -334.878        -551.104    -334.878             247             247
  134        -863.327     414.635        -863.327     414.635             134             134
  119         920.465      66.056         920.465      66.056             119             119
  217         286.499     932.649         286.499     932.649             217             217
   13         479.144    -292.631         479.144    -292.631              13              13
  140        -659.674    1159.483        -659.674    1159.483             140             140
  221       -2231.779     -72.233       -2231.779     -72.233             221             221
   67       -1455.305    -579.464       -1455.305    -579.464              67              67
  155       -1347.736      46.779       -1347.736      46.779             155             155
   74         -62.677   -1174.558         -62.677   -1174.558              74              74
    6        1347.580     666.239        1347.580     666.239               6               6
   21        -492.855     100.734        -492.855     100.734              21              21
  177         821.113     255.802         821.113     255.802             177             177
  159         385.978     205.438         385.978     205.438             159             159
   11        -643.326     743.501        -643.326     743.501              11              11
  109        -276.024     388.872        -276.024     388.872             109             109
  201        -382.491     -61.894        -382.491     -61.894             201             201
   98         223.661   -1458.548         223.661   -1458.548              98              98
  236          16.819     671.030          16.819     671.030             236             236
   27         132.037    -678.121         132.037    -678.121              27              27
    0       -1065.716    -508.531       -1065.716    -508.531              -0              -0
  188        -985.844   -1508.099        -985.844   -1508.099             188             188
  111       -1001.776     897.997       -1001.776     897.997             111             111
   36         504.630    -818.069         504.630    -818.069              36              36
  234       -1722.385   -1032.375       -1722.385   -1032.375             234             234
   81         380.552    1228.205         380.552    1228.205              81              81
   77         599.521     438.837         599.521     438.837              77              77
  158         281.540     688.291         281.540     688.291             158             158
  212        1058.139    -250.083        1058.139    -250.083             212             212
  192        1414.529     383.700        1414.529     383.700             192             192
   41         339.613     332.597         339.613     332.597              41              41
  203         262.715     434.813         262.715     434.813             203             203
   71        -691.895     991.912        -691.895     991.912              71              71
  160        3169.488   -1404.961        3169.488   -1404.961             160             160
  165         374.183    1267.764         374.183    1267.764             165             165
   84        -853.415     -86.215        -853.415     -86.215              84              84
   44        -444.578     629.811        -444.578     629.811              44              44
  130         -63.245     487.063         -63.245     487.063             130             130
  151        -724.108   -1068.962        -724.108   -1068.962             151             151
  200        -708.851    -555.493        -708.851    -555.493             200             200
  205       -1151.641     206.485       -1151.641     206.485             205             205
  158         230.185     448.201         230.185     448.201             158             158
  222        -327.096    -940.622        -327.096    -940.622             222             222
  126        -272.935    -844.719        -272.935    -844.719             126             126
   62       -1147.590   -1274.494       -1147.590   -1274.494              62              62
  233       -1220.008     296.313       -1220.008     296.313             233             233
  235        1005.964     546.590        1005.964     546.590             235             235
    8         563.675    -494.555         563.675    -494.555               8               8
   76         896.285     880.629         896.285     880.629              76              76
  216        -354.434     376.866        -354.434     376.866             216             216
   35         847.081    -670.541         847.081    -670.541              35              35
   76         133.879     759.798         133.879     759.798              76              76
  149           5.935    -437.052           5.935    -437.052             149             149
  147        -305.285    -414.552        -305.285    -414.552             147             147
  113        -180.013     785.279        -180.013     785.279             113             113
  127         139.330    -912.880         139.330    -912.880             127             127
  229        -744.853    1134.968        -744.853    1134.968             229             229
  190         383.895    -870.362         383.895    -870.362             190             190
   29         537.421    -779.127         537.421    -779.127              29              29
  185         442.788    -133.414         442.788    -133.414             185             185
  127        -845.663    -293.559        -845.663    -293.559             127             127
   71        -874.696    1048.244        -874.696    1048.244              71              71
  132        -999.896   -1314.809        -999.896   -1314.809             132             132
  198         834.611     -24.717         834.611     -24.717             198             198
  231          62.367    -573.122          62.367    -573.122             231             231
   42         542.320   -2584.663         542.320   -2584.663              42              42
   27        -640.863     631.421        -640.863     631.421              27              27
   20         243.780     -87.958         243.780     -87.958              20              20
  173        -419.077     290.286        -419.077     290.286             173             173
  179        1006.054    -630.094        1006.054    -630.094             179             179
  221        -234.278     135.969        -234.278     135.969             221             221
  122         593.329    -753.444         593.329    -753.444             122             122
   82        -417.232   -1020.773        -417.232   -1020.773              82              82
  188         605.315     194.536         605.315     194.536             188             188
  248           8.364     810.433           8.364     810.433             248             248
  144         224.856      74.025         224.856      74.025             144             144
  165         744.748    -543.474         744.748    -543.474             165             165
  228          33.365   -1228.233          33.365   -1228.233             228             228
  153         619.393    -330.480         619.393    -330.480             153             153
