SINAL     NFT                         FFT                         NFT INVERSA     FFT INVERSA
-----     -----------------------     -----------------------     -----------     -----------
  226       32712.000       0.000       32712.000       0.000             226             226
   97        1404.731     161.753        1404.731     161.753              97              97
  203        -149.593    1056.368        -149.593    1056.368             203             203
  176        -425.370    -341.527        -425.370    -341.527             176             176
  124         -78.729     110.983         -78.729     110.983             124             124
   19        -786.611    -705.161        -786.611    -705.161              19              19
  226        -353.778    1446.088        -353.778    1446.088             226             226
  224        1333.929    -667.942        1333.929    -667.942             224             224
  188         259.361    -622.349         259.361    -622.349             188             188
  124         568.462    -961.356         568.462    -961.356             124             124
   45         -82.334    -183.183         -82.334    -183.183              45              45
   96        -953.422     231.561        -953.422     231.561              96              96
  152         250.567    -695.832         250.567    -695.832             152             152
   60          29.396    1248.116          29.396    1248.116              60              60
  130        -498.363    -486.517        -498.363    -486.517             130             130
  152         866.432    -810.450         866.432    -810.450             152             152
  190         116.051   -1897.692         116.051   -1897.692             190             190
   17         685.539   -1982.283         685.539   -1982.283              17              17
  180        -707.613     689.728        -707.613     689.728             180             180
   91         152.460     691.546         152.460     691.546              91              91
  110         249.030     -36.400         249.030     -36.400             110             110
  228        2053.966    -662.939        2053.966    -662.939             228             228
  133        -237.312    1013.395        -237.312    1013.395             133             133
   25        -745.360     696.913        -745.360     696.913              25              25
  242         591.420     -54.805         591.420     -54.805             242             242
   49        -774.937     533.763        -774.937     533.763              49              49
    6         235.767    -549.187         235.767    -549.187               6               6
  195        -115.642    1254.633        -115.642    1254.633             195             195
  243         334.533       8.188         334.533       8.188             243             243
   28        -732.311     365.650        -732.311     365.650              28              28
   29         883.933    -538.014         883.933    -538.014              29              29
  213        -455.773    -174.389        -455.773    -174.389             213             213
  125        -168.213     521.393        -168.213     521.393             125             125
  233         748.748    -422.134         748.748    -422.134             233             233
  134        1801.312    -104.510        1801.312    -104.510             134             134
  250         459.919     296.064         459.919     296.064             250             250
  253         218.871    1624.007         218.871    1624.007             253             253
  105         617.345     786.467         617.345     786.467             105             105
  219       -1166.685    -813.532       -1166.685    -813.532             219             219
  185         363.619   -1277.524         363.619   -1277.524             185             185
  230         110.619     314.887         110.619     314.887             230             230
    9        -533.731   -1587.507        -533.731   -1587.507               9               9
   25         -58.329    -578.965         -58.329    -578.965              25              25
  127         371.967      71.363         371.967      71.363             127             127
   69       -1234.184     533.654       -1234.184     533.654              69              69
  156        -919.630     156.525        -919.630     156.525             156             156
   23         -90.301    -149.646         -90.301    -149.646              23              23
    3         473.792   -2493.691         473.792   -2493.691               3               3
  173        -111.369     864.244        -111.369     864.244             173             173
  204        -312.086   -2498.112        -312.086   -2498.112             204             204
   95        -342.085    -148.226        -342.085    -148.226              95              95
   27         297.362    -508.517         297.362    -508.517              27              27
  176        -461.272     427.840        -461.272     427.840             176             176
  228        1377.747    -592.643        1377.747    -592.643             228             228
   52         434.709     337.044         434.709     337.044              52              52
  163        -662.185    -872.022        -662.185    -872.022             163             163
   21       -1547.252    2244.454       -1547.252    2244.454              21              21
   59         985.778    -826.948         985.778    -826.948              59              59
  103         368.008     620.878         368.008     620.878             103             103
    9         264.156    -673.433         264.156    -673.433               9               9
   87       -1222.529     207.652       -1222.529     207.652              87              87
  132       -1616.480    1653.643       -1616.480    1653.643             132             132
  222        -290.496    -197.319        -290.496    -197.319             222             222
  213         828.195     691.760         828.195     691.760             213             213
  110        1388.997     503.045        1388.997     503.045             110             110
  101        1359.499     338.869        1359.499     338.869             101             101
  208         -65.182    -614.695         -65.182    -614.695             208             208
  107         962.605     571.981         962.605     571.981             107             107
  207       -1174.537    1182.594       -1174.537    1182.594             207             207
  172        -791.437   -1270.076        -791.437   -1270.076             172             172
   36         213.772    -318.704         213.772    -318.704              36              36
  181        -305.013    1971.405        -305.013    1971.405             181             181
  181         787.857    -605.985         787.857    -605.985             181             181
   61        1069.893    -884.042        1069.893    -884.042              61              61
   52        1015.476    1296.967        1015.476    1296.967              52              52
  250        1888.169   -1951.184        1888.169   -1951.184             250             250
  218        -232.863      12.549        -232.863      12.549             218             218
   75        -871.826     961.579        -871.826     961.579              75              75
  254         823.251     547.757         823.251     547.757             254             254
  135         728.614    -280.902         728.614    -280.902             135             135
   24        -973.026    1233.672        -973.026    1233.672              24              24
   93         -78.380    1480.683         -78.380    1480.683              93              93
  163         546.332    1233.022         546.332    1233.022             163             163
  200          97.254    1277.802          97.254    1277.802             200             200
   66        1327.355    -506.447        1327.355    -506.447              66              66
  216        1701.199     649.301        1701.199     649.301             216             216
  108         715.966    -172.823         715.966    -172.823             108             108
   88       -1116.673     -18.146       -1116.673     -18.146              88              88
   19        -554.599     619.480        -554.599     619.480              19              19
  211       -1062.800    -568.811       -1062.800    -568.811             211             211
   97          62.692    -802.359          62.692    -802.359              97              97
  107       -1440.416     425.249       -1440.416     425.249             107             107
   88         369.033     354.198         369.033     354.198              88              88
   64        -566.251      14.403        -566.251      14.403              64              64
   64         979.613    -569.948         979.613    -569.948              64              64
  198         -39.350     633.805         -39.350     633.805             198             198
  165        -743.819     215.302        -743.819     215.302             165             165
   17        -381.162    -171.188        -381.162    -171.188              17              17
   49        -123.045   -1659.045        -123.045   -1659.045              49              49
  117         277.188    -347.983         277.188    -347.983             117             117
  189        -990.834     100.644        -990.834     100.644             189             189
   86         930.919      59.827         930.919      59.827              86              86
   42         366.444      81.064         366.444      81.064              42              42
  114       -1231.225   -1294.301       -1231.225   -1294.301             114             114
  148        -372.854    -816.520        -372.854    -816.520             148             148
   95        -136.697    1426.884        -136.697    1426.884              95              95
  109        -969.016     144.649        -969.016     144.649             109             109
  110         581.651    1016.856         581.651    1016.856             110             110
  171         286.385    -802.083         286.385    -802.083             171             171
  107        1113.835    -385.862        1113.835    -385.862             107             107
  246        -760.717   -1013.133        -760.717   -1013.133             246             246
  195         571.830     278.481         571.830     278.481             195             195
  200         884.261    -188.169         884.261    -188.169             200             200
  153        -131.456     413.502        -131.456     413.502             153             153
  140         346.987     601.145         346.987     601.145             140             140
   11        1276.690     490.253        1276.690     490.253              11              11
  113         410.283      72.573         410.283      72.573             113             113
  248        -106.036     -46.447        -106.036     -46.447             248             248
   99        -322.032    -378.895        -322.032    -378.895              99              99
  133        -639.028   -1007.511        -639.028   -1007.511             133             133
  203         789.396     540.855         789.396     540.855             203             203
  196          16.310     175.858          16.310     175.858             196             196
  240        -356.319   -1020.813        -356.319   -1020.813             240             240
   35        1208.165    1233.005        1208.165    1233.005              35              35
    5         412.677     509.544         412.677     509.544               5               5
   48        -266.596     590.099        -266.596     590.099              48              48
  234        1043.157     -21.095        1043.157     -21.095             234             234
  170         770.250     258.689         770.250     258.689             170             170
   66         294.000      -0.030         294.000      -0.030              66              66
   27         770.300    -258.653         770.300    -258.653              27              27
   32        1043.088      21.171        1043.088      21.171              32              32
  255        -266.552    -590.235        -266.552    -590.235             255             255
  114         412.772    -509.532         412.772    -509.532             114             114
   74        1208.299   -1232.756        1208.299   -1232.756              74              74
  113        -356.582    1020.789        -356.582    1020.789             113             113
    6          16.324    -175.910          16.324    -175.910               6               6
  170         789.420    -540.697         789.420    -540.697             170             170
  223        -639.266    1007.410        -639.266    1007.410             223             223
  116        -322.078     378.755        -322.078     378.755             116             116
   85        -105.984      46.332        -105.984      46.332              85              85
   74         410.371     -72.603         410.371     -72.603              74              74
  107        1276.768    -490.119        1276.768    -490.119             107             107
   24         347.014    -601.114         347.014    -601.114              24              24
   19        -131.406    -413.500        -131.406    -413.500              19              19
    4         884.207     188.337         884.207     188.337               4               4
  164         571.775    -278.348         571.775    -278.348             164             164
   30        -760.919    1013.015        -760.919    1013.015              30              30
  118        1113.753     385.984        1113.753     385.984             118             118
  156         286.155     801.997         286.155     801.997             156             156
  130         581.678   -1016.873         581.678   -1016.873             130             130
  251        -969.106    -144.862        -969.106    -144.862             251             251
  104        -136.507   -1426.856        -136.507   -1426.856             104             104
   71        -373.055     816.569        -373.055     816.569              71              71
  235       -1231.413    1294.053       -1231.413    1294.053             235             235
  139         366.538     -81.099         366.538     -81.099             139             139
   76         930.878     -59.718         930.878     -59.718              76              76
   28        -990.863    -100.817        -990.863    -100.817              28              28
  117         277.136     348.055         277.136     348.055             117             117
  247        -123.360    1658.943        -123.360    1658.943             247             247
   95        -381.217     170.944        -381.217     170.944              95              95
  145        -743.748    -215.570        -743.748    -215.570             145             145
   23         -39.160    -633.876         -39.160    -633.876              23              23
   94         979.510     570.051         979.510     570.051              94              94
    3        -566.293     -14.612        -566.293     -14.612               3               3
   98         369.039    -354.225         369.039    -354.225              98              98
  208       -1440.357    -425.512       -1440.357    -425.512             208             208
   10          62.597     802.327          62.597     802.327              10              10
   12       -1062.852     568.483       -1062.852     568.483              12              12
  175        -554.386    -619.709        -554.386    -619.709             175             175
  127       -1116.469      17.868       -1116.469      17.868             127             127
   98         716.198     172.806         716.198     172.806              98              98
  250        1701.439    -649.138        1701.439    -649.138             250             250
  234        1327.251     506.504        1327.251     506.504             234             234
  123          97.430   -1277.977          97.430   -1277.977             123             123
   13         546.511   -1233.031         546.511   -1233.031              13              13
  239         -78.179   -1480.717         -78.179   -1480.717             239             239
   32        -972.758   -1233.754        -972.758   -1233.754              32              32
   44         728.672     281.079         728.672     281.079              44              44
  101         823.334    -547.624         823.334    -547.624             101             101
  188        -871.638    -961.652        -871.638    -961.652             188             188
  174        -232.682     -12.446        -232.682     -12.446             174             174
   97        1887.960    1951.473        1887.960    1951.473              97              97
   37        1015.681   -1296.855        1015.681   -1296.855              37              37
  245        1069.688     884.227        1069.688     884.227             245             245
   77         787.633     605.971         787.633     605.971              77              77
  177        -304.787   -1971.500        -304.787   -1971.500             177             177
   66         213.636     318.823         213.636     318.823              66              66
  106        -791.709    1269.859        -791.709    1269.859             106             106
   39       -1174.246   -1182.901       -1174.246   -1182.901              39              39
   57         962.808    -571.799         962.808    -571.799              57              57
  201         -65.210     614.661         -65.210     614.661             201             201
  185        1359.616    -338.725        1359.616    -338.725             185             185
   80        1389.008    -502.866        1389.008    -502.866              80              80
   39         828.131    -691.630         828.131    -691.630              39              39
  189        -290.738     197.228        -290.738     197.228             189             189
  178       -1616.297   -1653.905       -1616.297   -1653.905             178             178
  247       -1222.415    -207.740       -1222.415    -207.740             247             247
  199         264.151     673.506         264.151     673.506             199             199
  191         368.158    -620.805         368.158    -620.805             191             191
  167         985.566     827.071         985.566     827.071             167             167
   70       -1546.923   -2244.671       -1546.923   -2244.671              70              70
   33        -662.211     872.042        -662.211     872.042              33              33
  161         434.898    -336.906         434.898    -336.906             161             161
   49        1377.646     592.931        1377.646     592.931              49              49
  156        -461.245    -427.851        -461.245    -427.851             156             156
  174         297.264     508.668         297.264     508.668             174             174
   32        -342.131     148.296        -342.131     148.296              32              32
  188        -312.482    2498.055        -312.482    2498.055             188             188
  219        -111.179    -864.280        -111.179    -864.280             219             219
  133         473.378    2493.737         473.378    2493.737             133             133
  121         -90.382     149.451         -90.382     149.451             121             121
  137        -919.624    -156.796        -919.624    -156.796             137             137
  231       -1233.990    -533.901       -1233.990    -533.901             231             231
  158         372.103     -71.270         372.103     -71.270             158             158
  127         -58.369     578.996         -58.369     578.996             127             127
   52        -533.905    1587.343        -533.905    1587.343              52              52
   80         110.788    -314.962         110.788    -314.962              80              80
  193         363.461    1277.495         363.461    1277.495             193             193
  158       -1166.699     813.109       -1166.699     813.109             158             158
  119         617.655    -786.597         617.655    -786.597             119             119
  250         219.280   -1624.044         219.280   -1624.044             250             250
  103         460.131    -295.959         460.131    -295.959             103             103
   48        1801.363     104.816        1801.363     104.816              48              48
   75         748.620     422.204         748.620     422.204              75              75
  143        -168.167    -521.470        -168.167    -521.470             143             143
  237        -455.751     174.299        -455.751     174.299             237             237
  254         883.869     538.084         883.869     538.084             254             254
  134        -732.226    -365.869        -732.226    -365.869             134             134
  180         334.603      -8.226         334.603      -8.226             180             180
  189        -115.379   -1254.676        -115.379   -1254.676             189             189
   45         235.717     549.222         235.717     549.222              45              45
  251        -774.760    -533.937        -774.760    -533.937             251             251
  222         591.508      54.866         591.508      54.866             222             222
  207        -745.138    -697.076        -745.138    -697.076             207             207
   44        -236.913   -1013.365        -236.913   -1013.365              44              44
  123        2053.983     663.351        2053.983     663.351             123             123
  125         249.025      36.430         249.025      36.430             125             125
   77         152.600    -691.484         152.600    -691.484              77              77
   55        -707.394    -689.663        -707.394    -689.663              55              55
   89         685.341    1982.552         685.341    1982.552              89              89
  210         115.839    1897.656         115.839    1897.656             210             210
  177         866.360     810.444         866.360     810.444             177             177
  226        -498.381     486.250        -498.381     486.250             226             226
  186          29.731   -1248.190          29.731   -1248.190             186             186
   80         250.550     695.857         250.550     695.857              80              80
   98        -953.224    -231.766        -953.224    -231.766              98              98
  238         -82.105     183.173         -82.105     183.173             238             238
  160         568.550     961.411         568.550     961.411             160             160
   36         259.507     622.282         259.507     622.282              36              36
  140        1334.010     667.981        1334.010     667.981             140             140
   24        -353.363   -1446.246        -353.363   -1446.246              24              24
   31        -786.399     704.994        -786.399     704.994              31              31
  244         -78.246    -111.090         -78.246    -111.090             244             244
   72        -424.796     341.335        -424.796     341.335              72              72
  106        -148.427   -1056.476        -148.427   -1056.476             106             106
  131        1406.549    -161.521        1406.549    -161.521             131             131
