SINAL     NFT                         FFT                         NFT INVERSA     FFT INVERSA
-----     -----------------------     -----------------------     -----------     -----------
  108       32919.000       0.000       32919.000       0.000             108             108
   70        -836.111    -314.138        -836.111    -314.138              70              70
  167        -182.958   -1170.789        -182.958   -1170.789             167             167
  181        -974.018    -521.437        -974.018    -521.437             181             181
  115        -314.440    -153.522        -314.440    -153.522             115             115
   53         439.046   -1946.534         439.046   -1946.534              53              53
   76        1014.146    -895.053        1014.146    -895.053              76              76
  121        -232.831    1376.341        -232.831    1376.341             121             121
  137        -502.994    -742.930        -502.994    -742.930             137             137
  193         334.746     274.632         334.746     274.632             193             193
  100         841.565    -616.652         841.565    -616.652             100             100
  250        -393.929      69.603        -393.929      69.603             250             250
  182       -1781.308    1130.584       -1781.308    1130.584             182             182
  197        -308.617    -586.913        -308.617    -586.913             197             197
  167         -98.524    -339.509         -98.524    -339.509             167             167
   14          90.819     547.156          90.819     547.156              14              14
  183        1213.992    1448.660        1213.992    1448.660             183             183
  121        -791.746    -215.129        -791.746    -215.129             121             121
  189         217.125     -46.650         217.125     -46.650             189             189
  189         965.262    1226.961         965.262    1226.961             189             189
   73         291.121     372.176         291.121     372.176              73              73
   39         408.923    -244.346         408.923    -244.346              39              39
   61       -1687.203    -768.021       -1687.203    -768.021              61              61
  163        -199.040     381.126        -199.040     381.126             163             163
   91         732.634    -515.421         732.634    -515.421              91              91
  128        -391.974      64.338        -391.974      64.338             128             128
  201         705.514    -297.947         705.514    -297.947             201             201
  203       -1035.653     839.741       -1035.653     839.741             203             203
  189         276.131    -984.071         276.131    -984.071             189             189
  166        -265.284   -1475.163        -265.284   -1475.163             166             166
   34         482.169     214.397         482.169     214.397              34              34
   41         703.350     107.243         703.350     107.243              41              41
  236         -92.579   -1033.463         -92.579   -1033.463             236             236
  202       -1079.275   -2121.788       -1079.275   -2121.788             202             202
  223        -809.110    -797.659        -809.110    -797.659             223             223
   95        -229.825    -350.459        -229.825    -350.459              95              95
    0        -715.784    -839.285        -715.784    -839.285               0               0
   43         -21.963    1421.535         -21.963    1421.535              43              43
  217        1588.374     968.408        1588.374     968.408             217             217
  137          27.077    -363.805          27.077    -363.805             137             137
  237         878.618   -1341.201         878.618   -1341.201             237             237
   61         337.178     216.583         337.178     216.583              61              61
  132       -1268.653    -319.970       -1268.653    -319.970             132             132
  163         321.051     267.566         321.051     267.566             163             163
    3         814.505     371.489         814.505     371.489               3               3
   43         660.982     174.101         660.982     174.101              43              43
  178        -457.819    -177.291        -457.819    -177.291             178             178
  186         937.503    -146.675         937.503    -146.675             186             186
  164        -303.011    -148.456        -303.011    -148.456             164             164
  112        -112.907   -1061.261        -112.907   -1061.261             112             112
  120       -1559.194    -149.560       -1559.194    -149.560             120             120
  238         517.320    1301.457         517.320    1301.457             238             238
  152       -2042.777    1229.802       -2042.777    1229.802             152             152
  181         841.131     506.858         841.131     506.858             181             181
  146          55.004    1337.314          55.004    1337.314             146             146
  243       -1427.431    -178.802       -1427.431    -178.802             243             243
   53         602.838   -1582.742         602.838   -1582.742              53              53
   91         846.721    -670.482         846.721    -670.482              91              91
  191        -154.717     475.601        -154.717     475.601             191             191
  242         635.982     467.303         635.982     467.303             242             242
    1         777.046    2009.724         777.046    2009.724               1               1
  226         -71.316    -501.096         -71.316    -501.096             226             226
   28         666.652      43.070         666.652      43.070              28              28
  237       -1115.427     857.401       -1115.427     857.401             237             237
  172        -247.040    1083.977        -247.040    1083.977             172             172
  251        -128.816     319.556        -128.816     319.556             251             251
   77         375.859    -227.692         375.859    -227.692              77              77
  173        1090.720    -553.402        1090.720    -553.402             173             173
   39         273.034    1211.189         273.034    1211.189              39              39
   39       -1775.687     567.554       -1775.687     567.554              39              39
   55          67.934     315.931          67.934     315.931              55              55
   20        1221.634    -474.546        1221.634    -474.546              20              20
  100       -1285.435     182.207       -1285.435     182.207             100             100
  187        -472.724    -132.244        -472.724    -132.244             187             187
  184         462.505     -94.397         462.505     -94.397             184             184
  104        -626.113      -4.737        -626.113      -4.737             104             104
  231         554.851    -355.729         554.851    -355.729             231             231
  106        1183.291    1656.316        1183.291    1656.316             106             106
   35        -966.864     396.860        -966.864     396.860              35              35
  140         368.380    1284.305         368.380    1284.305             140             140
  218        -848.190    -242.271        -848.190    -242.271             218             218
  155         532.972   -2080.449         532.972   -2080.449             155             155
  122        -271.850    1027.987        -271.850    1027.987             122             122
  114        -135.548     728.770        -135.548     728.770             114             114
   80       -1077.914   -1345.311       -1077.914   -1345.311              80              80
   12         755.556    -845.076         755.556    -845.076              12              12
  102       -1296.189     -79.606       -1296.189     -79.606             102             102
  134         144.860     957.821         144.860     957.821             134             134
  104        1603.221    -513.102        1603.221    -513.102             104             104
   37         821.236     443.783         821.236     443.783              37              37
  121         852.314     561.877         852.314     561.877             121             121
  105        -103.185     512.296        -103.185     512.296             105             105
    7        -298.120    -129.295        -298.120    -129.295               7               7
  149        -399.128     234.335        -399.128     234.335             149             149
   87         328.136    -264.904         328.136    -264.904              87              87
  180        1267.882    1196.580        1267.882    1196.580             180             180
  145         102.505     586.506         102.505     586.506             145             145
  165         216.704    -725.843         216.704    -725.843             165             165
   98         -83.975    -853.060         -83.975    -853.060              98              98
  184        -508.879      83.603        -508.879      83.603             184             184
  204         -92.143     169.622         -92.143     169.622             204             204
  153        -162.089     534.268        -162.089     534.268             153             153
  205        -505.908    -347.013        -505.908    -347.013             205             205
   49        -594.917    -564.157        -594.917    -564.157              49              49
   85        -641.009     270.223        -641.009     270.223              85              85
  133        -192.195     104.486        -192.195     104.486             133             133
  153        -271.834     256.954        -271.834     256.954             153             153
   60         187.087     732.497         187.087     732.497              60              60
  240        -447.796     239.846        -447.796     239.846             240             240
  188         386.211      76.575         386.211      76.575             188             188
  200         905.474     514.208         905.474     514.208             200             200
  203         757.869     405.259         757.869     405.259             203             203
   88        -854.837     246.854        -854.837     246.854              88              88
   67        1486.440     452.156        1486.440     452.156              67              67
   62         736.762     418.579         736.762     418.579              62              62
  168        -683.087    -301.259        -683.087    -301.259             168             168
   80         662.078    -254.573         662.078    -254.573              80              80
  164        -416.679     756.107        -416.679     756.107             164             164
   46        -472.592     762.360        -472.592     762.360              46              46
  184       -1529.195   -1132.896       -1529.195   -1132.896             184             184
  202       -1371.715     515.609       -1371.715     515.609             202             202
  167        1025.705    -219.651        1025.705    -219.651             167             167
   34         692.842   -1148.069         692.842   -1148.069              34              34
  210        -114.199    -814.468        -114.199    -814.468             210             210
   61       -1326.554    -708.402       -1326.554    -708.402              61              61
  121        1649.159    1807.583        1649.159    1807.583             121             121
  135       -1057.351     200.981       -1057.351     200.981             135             135
  207        1158.353    -586.128        1158.353    -586.128             207             207
   30       -2029.000      -0.172       -2029.000      -0.172              30              30
  233        1158.308     586.261        1158.308     586.261             233             233
  136       -1057.285    -201.278       -1057.285    -201.278             136             136
  235        1649.444   -1807.274        1649.444   -1807.274             235             235
  130       -1326.731     708.302       -1326.731     708.302             130             130
   85        -114.264     814.472        -114.264     814.472              85              85
   28         692.675    1148.109         692.675    1148.109              28              28
  215        1025.540     219.685        1025.540     219.685             215             215
  218       -1371.768    -515.905       -1371.768    -515.905             218             218
  182       -1529.351    1132.532       -1529.351    1132.532             182             182
   20        -472.353    -762.592        -472.353    -762.592              20              20
  202        -416.423    -756.215        -416.423    -756.215             202             202
  115         662.118     254.663         662.118     254.663             115             115
  221        -683.045     301.053        -683.045     301.053             221             221
  149         736.965    -418.559         736.965    -418.559             149             149
  203        1486.499    -451.971        1486.499    -451.971             203             203
   33        -854.806    -247.051        -854.806    -247.051              33              33
  212         757.997    -405.184         757.997    -405.184             212             212
  115         905.528    -514.079         905.528    -514.079             115             115
  113         386.128     -76.532         386.128     -76.532             113             113
  120        -447.820    -239.967        -447.820    -239.967             120             120
  162         187.168    -732.478         187.168    -732.478             162             162
   42        -271.846    -256.974        -271.846    -256.974              42              42
   67        -192.226    -104.500        -192.226    -104.500              67              67
   74        -640.992    -270.293        -640.992    -270.293              74              74
   76        -594.995     564.072        -594.995     564.072              76              76
   22        -505.914     346.867        -505.914     346.867              22              22
  136        -161.939    -534.340        -161.939    -534.340             136             136
  198         -92.071    -169.631         -92.071    -169.631             198             198
  157        -508.798     -83.657        -508.798     -83.657             157             157
   87         -84.016     853.037         -84.016     853.037              87              87
  229         216.675     725.753         216.675     725.753             229             229
  135         102.706    -586.635         102.706    -586.635             135             135
  223        1268.119   -1196.392        1268.119   -1196.392             223             223
  208         328.037     264.969         328.037     264.969             208             208
   10        -399.108    -234.430        -399.108    -234.430              10              10
   53        -298.093     129.198        -298.093     129.198              53              53
  236        -102.997    -512.367        -102.997    -512.367             236             236
  225         852.496    -561.741         852.496    -561.741             225             225
   15         821.343    -443.604         821.343    -443.604              15              15
  162        1603.052     513.367        1603.052     513.367             162             162
  246         144.840    -957.783         144.840    -957.783             246             246
  218       -1296.258      79.484       -1296.258      79.484             218             218
   21         755.380     845.249         755.380     845.249              21              21
  211       -1078.184    1345.030       -1078.184    1345.030             211             211
  112        -135.396    -728.922        -135.396    -728.922             112             112
  225        -271.641   -1027.981        -271.641   -1027.981             225             225
  245         532.617    2080.516         532.617    2080.516             245             245
   68        -848.225     241.912        -848.225     241.912              68              68
   85         368.622   -1284.383         368.622   -1284.383              85              85
  103        -966.725    -397.093        -966.725    -397.093             103             103
  189        1183.641   -1656.097        1183.641   -1656.097             189             189
  247         554.731     355.895         554.731     355.895             247             247
  145        -626.143       4.637        -626.143       4.637             145             145
    1         462.470      94.466         462.470      94.466               1               1
   66        -472.799     132.132        -472.799     132.132              66              66
  222       -1285.325    -182.451       -1285.325    -182.451             222             222
   23        1221.619     474.687        1221.619     474.687              23              23
  202          67.907    -316.022          67.907    -316.022             202             202
  165       -1775.543    -567.928       -1775.543    -567.928             165             165
  181         273.404   -1211.122         273.404   -1211.122             181             181
   34        1090.684     553.619        1090.684     553.619              34              34
  138         375.785     227.686         375.785     227.686             138             138
   60        -128.799    -319.681        -128.799    -319.681              60              60
    2        -246.879   -1084.070        -246.879   -1084.070               2               2
   90       -1115.205    -857.552       -1115.205    -857.552              90              90
   71         666.765     -42.913         666.765     -42.913              71              71
   55         -71.330     501.013         -71.330     501.013              55              55
   71         777.440   -2009.612         777.440   -2009.612              71              71
   41         636.043    -467.081         636.043    -467.081              41              41
   71        -154.639    -475.489        -154.639    -475.489              71              71
  233         846.596     670.753         846.596     670.753             233             233
   31         602.448    1582.812         602.448    1582.812              31              31
   34       -1427.516     178.397       -1427.516     178.397              34              34
  255          55.275   -1337.397          55.275   -1337.397             255             255
  243         841.133    -506.734         841.133    -506.734             243             243
  147       -2042.593   -1230.125       -2042.593   -1230.125             147             147
  224         517.577   -1301.224         517.577   -1301.224             224             224
  232       -1559.172     149.495       -1559.172     149.495             232             232
  216        -112.947    1061.329        -112.947    1061.329             216             216
   53        -302.893     148.417        -302.893     148.417              53              53
   79         937.567     146.849         937.567     146.849              79              79
  149        -457.778     177.214        -457.778     177.214             149             149
   45         661.111    -173.994         661.111    -173.994              45              45
  225         814.582    -371.323         814.582    -371.323             225             225
  151         321.040    -267.439         321.040    -267.439             151             151
  112       -1268.666     319.824       -1268.666     319.824             112             112
  192         337.350    -216.441         337.350    -216.441             192             192
  175         878.450    1341.380         878.450    1341.380             175             175
   59          27.063     363.716          27.063     363.716              59              59
  101        1588.510    -968.191        1588.510    -968.191             101             101
  100         -21.852   -1421.403         -21.852   -1421.403             100             100
   93        -715.981     839.343        -715.981     839.343              93              93
  240        -229.902     350.540        -229.902     350.540             240             240
  161        -809.243     797.658        -809.243     797.658             161             161
   96       -1079.529    2121.626       -1079.529    2121.626              96              96
   74         -92.590    1033.324         -92.590    1033.324              74              74
  232         703.473    -107.224         703.473    -107.224             232             232
  151         482.226    -214.302         482.226    -214.302             151             151
  146        -265.508    1475.104        -265.508    1475.104             146             146
   17         275.982     983.957         275.982     983.957              17              17
  223       -1035.440    -840.029       -1035.440    -840.029             223             223
  124         705.555     298.023         705.555     298.023             124             124
   49        -391.898     -64.450        -391.898     -64.450              49              49
    1         732.592     515.478         732.592     515.478               1               1
  124        -199.003    -381.211        -199.003    -381.211             124             124
   37       -1687.220     767.680       -1687.220     767.680              37              37
  149         409.081     244.276         409.081     244.276             149             149
   92         291.330    -372.272         291.330    -372.272              92              92
   13         965.551   -1226.849         965.551   -1226.849              13              13
  109         217.133      46.689         217.133      46.689             109             109
  146        -791.675     214.913        -791.675     214.913             146             146
   93        1214.335   -1448.494        1214.335   -1448.494              93              93
    3          90.920    -547.058          90.920    -547.058               3               3
  192         -98.558     339.556         -98.558     339.556             192             192
   63        -308.697     586.821        -308.697     586.821              63              63
  154       -1780.979   -1130.890       -1780.979   -1130.890             154             154
   49        -393.631     -69.583        -393.631     -69.583              49              49
    0         841.696     616.822         841.696     616.822               0               0
   74         334.944    -274.558         334.944    -274.558              74              74
  108        -502.922     742.832        -502.922     742.832             108             108
  101        -232.300   -1376.321        -232.300   -1376.321             101             101
  174        1014.288     895.381        1014.288     895.381             174             174
  202         438.962    1946.595         438.962    1946.595             202             202
   86        -314.154     153.382        -314.154     153.382              86              86
   80        -973.577     521.234        -973.577     521.234              80              80
   42        -182.300    1170.652        -182.300    1170.652              42              42
  161        -834.415     313.824        -834.415     313.824             161             161
