SINAL     NFT                         FFT                         NFT INVERSA     FFT INVERSA
-----     -----------------------     -----------------------     -----------     -----------
  126       32046.000       0.000       32046.000       0.000             126             126
    0         585.012     312.408         585.012     312.408               0               0
   10       -1744.357     -60.024       -1744.357     -60.024              10              10
  216         143.845    -399.347         143.845    -399.347             216             216
    3        -970.625     977.951        -970.625     977.951               3               3
   28        -639.310     406.494        -639.310     406.494              28              28
  127         -48.511     807.170         -48.511     807.170             127             127
   57        -888.130     908.530        -888.130     908.530              57              57
  218         287.177     453.053         287.177     453.053             218             218
  138         876.113     665.959         876.113     665.959             138             138
   88       -1673.742    -930.004       -1673.742    -930.004              88              88
  157         412.314     633.726         412.314     633.726             157             157
    6        -714.573     621.973        -714.573     621.973               6               6
   21         -41.430     444.842         -41.430     444.842              21              21
   59        -351.323    -235.596        -351.323    -235.596              59              59
  106        -487.446     424.008        -487.446     424.008             106             106
  203        -340.980     301.036        -340.980     301.036             203             203
   62        -521.023   -1008.337        -521.023   -1008.337              62              62
  240       -1115.243     300.164       -1115.243     300.164             240             240
   72       -1334.866     -17.317       -1334.866     -17.317              72              72
  183       -1314.790   -1243.371       -1314.790   -1243.371             183             183
  102         350.119     -97.061         350.119     -97.061             102             102
   85         479.962    -794.858         479.962    -794.858              85              85
  169        1030.083     500.266        1030.083     500.266             169             169
  106        -360.299     792.594        -360.299     792.594             106             106
  196         442.576      69.202         442.576      69.202             196             196
  164         223.644     902.469         223.644     902.469             164             164
   71         641.169     244.501         641.169     244.501              71              71
  106        -237.896     294.029        -237.896     294.029             106             106
  135        1240.733     498.437        1240.733     498.437             135             135
  155         352.781    -964.829         352.781    -964.829             155             155
  232         552.445    1343.537         552.445    1343.537             232             232
  136        1089.408     911.912        1089.408     911.912             136             136
  166        -227.932     113.876        -227.932     113.876             166             166
  193        -290.783    -909.818        -290.783    -909.818             193             193
  139       -1186.474   -1510.238       -1186.474   -1510.238             139             139
  194         -71.875      51.281         -71.875      51.281             194             194
   64        -313.596      90.998        -313.596      90.998              64              64
  197         547.918    -282.066         547.918    -282.066             197             197
  157       -1128.849     470.274       -1128.849     470.274             157             157
  202         169.942     700.941         169.942     700.941             202             202
   29          -8.017     213.243          -8.017     213.243              29              29
   58       -2041.824     218.212       -2041.824     218.212              58              58
  209        -154.483    -296.521        -154.483    -296.521             209             209
   50        -876.401    -529.731        -876.401    -529.731              50              50
  118        -407.301    -124.572        -407.301    -124.572             118             118
   59        -491.645   -1924.358        -491.645   -1924.358              59              59
  254        -375.574    1501.491        -375.574    1501.491             254             254
  180         516.033   -1254.415         516.033   -1254.415             180             180
   44        -156.692    -211.873        -156.692    -211.873              44              44
   71         794.411     912.156         794.411     912.156              71              71
  107         263.995   -1438.102         263.995   -1438.102             107             107
  146         751.037     571.789         751.037     571.789             146             146
  156         419.694    1203.349         419.694    1203.349             156             156
   21        -688.100    -645.534        -688.100    -645.534              21              21
  253        1042.166   -1640.888        1042.166   -1640.888             253             253
   97        -724.584     927.940        -724.584     927.940              97              97
  186        -741.387     621.290        -741.387     621.290             186             186
   68         555.963    -501.234         555.963    -501.234              68              68
  203        1603.397    1360.600        1603.397    1360.600             203             203
   65         917.168     395.653         917.168     395.653              65              65
  223        -216.331     362.083        -216.331     362.083             223             223
  180        -674.197     354.591        -674.197     354.591             180             180
  202        -167.520     621.238        -167.520     621.238             202             202
  133         802.947    1465.039         802.947    1465.039             133             133
  117        1120.932    1585.917        1120.932    1585.917             117             117
   85        -488.192     604.642        -488.192     604.642              85              85
   72       -1106.768     467.685       -1106.768     467.685              72              72
  182        -897.989    -544.888        -897.989    -544.888             182             182
   26         256.011     646.853         256.011     646.853              26              26
  229         658.147    -178.759         658.147    -178.759             229             229
  129         420.843    -446.327         420.843    -446.327             129             129
   56         112.220     966.898         112.220     966.898              56              56
   32        -213.468    -674.656        -213.468    -674.656              32              32
   82          76.930      18.257          76.930      18.257              82              82
  107        -680.208     226.508        -680.208     226.508             107             107
  151        1595.763    -511.744        1595.763    -511.744             151             151
  142        -149.841     789.073        -149.841     789.073             142             142
  106         642.235    1127.602         642.235    1127.602             106             106
   75        -427.521     864.473        -427.521     864.473              75              75
  186        -349.009     101.838        -349.009     101.838             186             186
  177        -686.391     240.322        -686.391     240.322             177             177
  183         401.956     845.520         401.956     845.520             183             183
   77       -1034.564     905.271       -1034.564     905.271              77              77
   77         263.247    -700.856         263.247    -700.856              77              77
  205        -945.845    -218.407        -945.845    -218.407             205             205
   74        -383.880    -332.738        -383.880    -332.738              74              74
  174         464.690     -86.332         464.690     -86.332             174             174
  135         543.575    -268.487         543.575    -268.487             135             135
  142        -866.656   -1102.062        -866.656   -1102.062             142             142
  122        1759.566    -265.625        1759.566    -265.625             122             122
  201        1362.238   -1175.446        1362.238   -1175.446             201             201
  110        1299.917     651.522        1299.917     651.522             110             110
   46         -53.831    -229.551         -53.831    -229.551              46              46
  147        -535.931    -514.719        -535.931    -514.719             147             147
  244         477.164   -1064.554         477.164   -1064.554             244             244
  164        1458.577    -273.977        1458.577    -273.977             164             164
  233         994.831    1550.623         994.831    1550.623             233             233
   60        -515.920    -228.967        -515.920    -228.967              60              60
   91         726.013   -1665.874         726.013   -1665.874              91              91
    4        1139.793     452.332        1139.793     452.332               4               4
   34        -178.742    -360.676        -178.742    -360.676              34              34
  220         360.329   -1002.836         360.329   -1002.836             220             220
   60         922.546   -1913.765         922.546   -1913.765              60              60
   66       -1024.038    -462.149       -1024.038    -462.149              66              66
   47       -2209.661    -135.979       -2209.661    -135.979              47              47
  168         391.299   -1750.055         391.299   -1750.055             168             168
  217        1031.231     235.078        1031.231     235.078             217             217
  189         221.331    1693.473         221.331    1693.473             189             189
   18         249.698    -964.788         249.698    -964.788              18              18
   37       -1112.434     793.768       -1112.434     793.768              37              37
  120       -1216.078     409.045       -1216.078     409.045             120             120
  195        -761.964     401.263        -761.964     401.263             195             195
  221        1264.677    -593.114        1264.677    -593.114             221             221
  198         562.131   -1285.930         562.131   -1285.930             198             198
   17         814.781    -133.874         814.781    -133.874              17              17
  170        -171.467    -654.362        -171.467    -654.362             170             170
   16         842.462    -498.322         842.462    -498.322              16              16
  192        -277.461    -860.787        -277.461    -860.787             192             192
   50        -690.311    -299.202        -690.311    -299.202              50              50
  159         683.863     358.849         683.863     358.849             159             159
   58        1775.302    1745.731        1775.302    1745.731              58              58
  252       -1157.519    -886.880       -1157.519    -886.880             252             252
   13       -1350.178     564.837       -1350.178     564.837              13              13
  105        -100.755     214.875        -100.755     214.875             105             105
  144        -471.754      97.530        -471.754      97.530             144             144
    2        2104.188    -251.047        2104.188    -251.047               2               2
   14        -728.893    -298.188        -728.893    -298.188              14              14
  121        1060.000       0.105        1060.000       0.105             121             121
   62        -728.916     298.078        -728.916     298.078              62              62
  105        2104.110     251.372        2104.110     251.372             105             105
  126        -471.883     -97.646        -471.883     -97.646             126             126
   96        -100.815    -214.917        -100.815    -214.917              96              96
   70       -1350.108    -565.034       -1350.108    -565.034              70              70
  187       -1157.503     886.649       -1157.503     886.649             187             187
  163        1775.707   -1745.441        1775.707   -1745.441             163             163
  118         683.849    -358.590         683.849    -358.590             118             118
   99        -690.398     299.227        -690.398     299.227              99              99
  124        -277.538     860.820        -277.538     860.820             124             124
   51         842.413     498.493         842.413     498.493              51              51
  117        -171.558     654.339        -171.558     654.339             117             117
  162         814.782     134.029         814.782     134.029             162             162
  172         561.889    1286.002         561.889    1286.002             172             172
   57        1264.443     593.201        1264.443     593.201              57              57
  127        -762.073    -401.499        -762.073    -401.499             127             127
  114       -1216.062    -409.298       -1216.062    -409.298             114             114
   75       -1112.220    -793.918       -1112.220    -793.918              75              75
   41         249.646     964.815         249.646     964.815              41              41
  131         221.683   -1693.417         221.683   -1693.417             131             131
   12        1031.259    -234.707        1031.259    -234.707              12              12
   92         390.862    1750.221         390.862    1750.221              92              92
   34       -2209.717     135.626       -2209.717     135.626              34              34
   70       -1023.923     462.065       -1023.923     462.065              70              70
   88         922.390    1913.927         922.390    1913.927              88              88
   48         360.227    1002.781         360.227    1002.781              48              48
  176        -178.696     360.519        -178.696     360.519             176             176
  232        1139.958    -452.173        1139.958    -452.173             232             232
   50         725.727    1665.927         725.727    1665.927              50              50
  191        -515.904     228.682        -515.904     228.682             191             191
   97         995.195   -1550.515         995.195   -1550.515              97              97
  113        1458.517     274.291        1458.517     274.291             113             113
   40         476.893    1064.622         476.893    1064.622              40              40
  223        -536.038     514.542        -536.038     514.542             223             223
  209         -53.776     229.442         -53.776     229.442             209             209
  111        1300.103    -651.319        1300.103    -651.319             111             111
  154        1362.020    1175.666        1362.020    1175.666             154             154
  117        1759.351     265.857        1759.351     265.857             117             117
  229        -866.993    1101.820        -866.993    1101.820             229             229
  254         543.465     268.430         543.465     268.430             254             254
  242         464.541      86.288         464.541      86.288             242             242
   25        -384.080     332.555        -384.080     332.555              25              25
  116        -945.934     218.117        -945.934     218.117             116             116
  148         263.088     700.699         263.088     700.699             148             148
  197       -1034.430    -905.650       -1034.430    -905.650             197             197
  174         402.096    -845.556         402.096    -845.556             174             174
   19        -686.372    -240.513        -686.372    -240.513              19              19
   55        -348.957    -102.015        -348.957    -102.015              55              55
  249        -427.297    -864.661        -427.297    -864.661             249             249
   61         642.485   -1127.531         642.485   -1127.531              61              61
  186        -149.654    -789.048        -149.654    -789.048             186             186
    5        1595.649     512.029        1595.649     512.029               5               5
  153        -680.247    -226.655        -680.247    -226.655             153             153
  221          76.929     -18.257          76.929     -18.257             221             221
   76        -213.573     674.538        -213.573     674.538              76              76
  242         112.413    -966.944         112.413    -966.944             242             242
   14         420.782     446.369         420.782     446.369              14              14
  253         658.073     178.762         658.073     178.762             253             253
  218         256.007    -646.888         256.007    -646.888             218             218
   64        -898.162     544.639        -898.162     544.639              64              64
  188       -1106.649    -468.030       -1106.649    -468.030             188             188
   60        -487.946    -604.878        -487.946    -604.878              60              60
  177        1121.296   -1585.826        1121.296   -1585.826             177             177
  229         803.159   -1464.883         803.159   -1464.883             229             229
   28        -167.474    -621.200        -167.474    -621.200              28              28
  131        -674.115    -354.662        -674.115    -354.662             131             131
   84        -216.156    -362.099        -216.156    -362.099              84              84
  183         917.341    -395.500         917.341    -395.500             183             183
  248        1603.595   -1360.254        1603.595   -1360.254             248             248
   58         555.735     501.410         555.735     501.410              58              58
  181        -741.379    -621.381        -741.379    -621.381             181             181
  234        -724.388    -927.907        -724.388    -927.907             234             234
   83        1041.899    1641.163        1041.899    1641.163              83              83
   41        -688.218     645.332        -688.218     645.332              41              41
  127         419.948   -1203.312         419.948   -1203.312             127             127
   24         751.123    -571.544         751.123    -571.544              24              24
  215         263.718    1438.176         263.718    1438.176             215             215
  146         794.489    -912.029         794.489    -912.029             146             146
   80        -156.817     211.936        -156.817     211.936              80              80
  209         515.721    1254.475         515.721    1254.475             209             209
  208        -375.449   -1501.513        -375.449   -1501.513             208             208
   11        -492.053    1924.333        -492.053    1924.333              11              11
  215        -407.396     124.437        -407.396     124.437             215             215
  106        -876.530     529.527        -876.530     529.527             106             106
  233        -154.587     296.399        -154.587     296.399             233             233
   35       -2041.755    -218.645       -2041.755    -218.645              35              35
   92          -7.857    -213.317          -7.857    -213.317              92              92
  247         170.088    -700.943         170.088    -700.943             247             247
   33       -1128.702    -470.425       -1128.702    -470.425              33              33
   55         547.952     282.190         547.952     282.190              55              55
   55        -313.558     -91.034        -313.558     -91.034              55              55
  221         -71.851     -51.226         -71.851     -51.226             221             221
  115       -1186.655    1510.041       -1186.655    1510.041             115             115
  233        -290.782     909.622        -290.782     909.622             233             233
  194        -227.727    -114.101        -227.727    -114.101             194             194
  144        1089.704    -911.857        1089.704    -911.857             144             144
  108         552.732   -1343.424         552.732   -1343.424             108             108
   23         352.690     964.891         352.690     964.891              23              23
   71        1240.823    -498.306        1240.823    -498.306              71              71
  101        -237.856    -294.106        -237.856    -294.106             101             101
   81         641.228    -244.440         641.228    -244.440              81              81
  253         223.786    -902.437         223.786    -902.437             253             253
   80         442.564     -69.113         442.564     -69.113              80              80
  164        -360.153    -792.625        -360.153    -792.625             164             164
   39        1030.168    -499.981        1030.168    -499.981              39              39
  207         479.737     795.021         479.737     795.021             207             207
  189         349.942      97.163         349.942      97.163             189             189
  255       -1315.131    1243.133       -1315.131    1243.133             255             255
   98       -1334.876      17.009       -1334.876      17.009              98              98
   14       -1115.113    -300.366       -1115.113    -300.366              14              14
  209        -521.079    1008.192        -521.079    1008.192             209             209
   50        -340.829    -301.206        -340.829    -301.206              50              50
   25        -487.270    -424.140        -487.270    -424.140              25              25
  168        -351.237     235.477        -351.237     235.477             168             168
  157         -41.247    -444.930         -41.247    -444.930             157             157
    2        -714.332    -622.129        -714.332    -622.129               2               2
  204         412.534    -633.624         412.534    -633.624             204             204
  250       -1673.709     929.693       -1673.709     929.693             250             250
  249         876.469    -665.907         876.469    -665.907             249             249
  237         287.380    -453.058         287.380    -453.058             237             237
   49        -887.798    -908.701        -887.798    -908.701              49              49
   49         -48.130    -807.143         -48.130    -807.143              49              49
  202        -638.959    -406.554        -638.959    -406.554             202             202
  165        -970.029    -978.014        -970.029    -978.014             165             165
   27         144.329     399.479         144.329     399.479              27              27
  141       -1743.471      59.774       -1743.471      59.774             141             141
   54         586.860    -312.254         586.860    -312.254              54              54
