SINAL     NFT                         FFT                         NFT INVERSA     FFT INVERSA
-----     -----------------------     -----------------------     -----------     -----------
   47       31037.000       0.000       31037.000       0.000              47              47
  126        1176.771    -855.938        1176.771    -855.938             126             126
   89       -1056.000     -83.500       -1056.000     -83.500              89              89
  183         -52.410   -1916.921         -52.410   -1916.921             183             183
  140       -1170.365    1195.106       -1170.365    1195.106             140             140
  199         934.828     122.802         934.828     122.802             199             199
   17        -417.244     177.631        -417.244     177.631              17              17
  160       -2720.351    -877.016       -2720.351    -877.016             160             160
   68         493.776      50.134         493.776      50.134              68              68
  199         122.353     202.688         122.353     202.688             199             199
   45         851.531     -51.004         851.531     -51.004              45              45
  137         392.286    1233.026         392.286    1233.026             137             137
    7        -441.155    -875.891        -441.155    -875.891               7               7
  137         365.207     333.151         365.207     333.151             137             137
  164        -130.531   -1013.006        -130.531   -1013.006             164             164
  146        -894.167    -101.586        -894.167    -101.586             146             146
  210         163.773   -1454.097         163.773   -1454.097             210             210
  156        -504.577    -609.303        -504.577    -609.303             156             156
   90        1403.194     434.692        1403.194     434.692              90              90
  247       -1035.993    -688.671       -1035.993    -688.671             247             247
   44        2159.993    -323.434        2159.993    -323.434              44              44
  160        -228.265    -232.106        -228.265    -232.106             160             160
  247         -93.828     185.870         -93.828     185.870             247             247
   61         761.247    -502.722         761.247    -502.722              61              61
  146        -945.573     274.641        -945.573     274.641             146             146
  220       -1461.028    -356.835       -1461.028    -356.835             220             220
  243        -846.901     -99.707        -846.901     -99.707             243             243
  112          24.684    1339.550          24.684    1339.550             112             112
  245        1910.568    -655.249        1910.568    -655.249             245             245
  130         343.334    1489.788         343.334    1489.788             130             130
   62         762.763     226.280         762.763     226.280              62              62
   37       -1938.290     222.990       -1938.290     222.990              37              37
    0         680.731    -223.209         680.731    -223.209               0               0
  152        -925.225   -1062.547        -925.225   -1062.547             152             152
  220        -778.200    1298.279        -778.200    1298.279             220             220
  141         882.934    -250.955         882.934    -250.955             141             141
   95         299.118    -270.655         299.118    -270.655              95              95
  237        -863.216     686.306        -863.216     686.306             237             237
   45         614.662     873.905         614.662     873.905              45              45
  164         170.286   -1851.754         170.286   -1851.754             164             164
  181       -1988.313     461.912       -1988.313     461.912             181             181
   91         179.915    1241.306         179.915    1241.306              91              91
   46        -831.377    -947.227        -831.377    -947.227              46              46
  189       -1518.387    -113.999       -1518.387    -113.999             189             189
  229        -620.399    1045.721        -620.399    1045.721             229             229
  210        -846.813     670.097        -846.813     670.097             210             210
   79         385.631    -298.525         385.631    -298.525              79              79
  184          58.041     228.914          58.041     228.914             184             184
  111        -842.825    -856.561        -842.825    -856.561             111             111
  170       -1547.109     156.836       -1547.109     156.836             170             170
  175         -55.327    -142.174         -55.327    -142.174             175             175
  155         297.854     -23.412         297.854     -23.412             155             155
   74         411.640      52.455         411.640      52.455              74              74
  167         180.696    -695.936         180.696    -695.936             167             167
  217         860.459    -350.755         860.459    -350.755             217             217
  221        -775.165     108.221        -775.165     108.221             221             221
  131        -433.885   -1084.859        -433.885   -1084.859             131             131
  204         477.318      94.298         477.318      94.298             204             204
   77        1501.480     213.453        1501.480     213.453              77              77
  121          85.117    -625.312          85.117    -625.312             121             121
   78         563.483    -107.677         563.483    -107.677              78              78
  140         838.312     571.277         838.312     571.277             140             140
  158         720.950     236.402         720.950     236.402             158             158
   79          97.266      25.338          97.266      25.338              79              79
   36        -868.006    -227.040        -868.006    -227.040              36              36
  122          56.017    -355.978          56.017    -355.978             122             122
  221         407.566     -27.263         407.566     -27.263             221             221
  132        -569.688    1106.136        -569.688    1106.136             132             132
  104         227.177     -86.208         227.177     -86.208             104             104
   11       -1144.309    1477.584       -1144.309    1477.584              11              11
   40        1352.133    -459.080        1352.133    -459.080              40              40
   30         316.207    -794.193         316.207    -794.193              30              30
  102        -693.362      33.034        -693.362      33.034             102             102
   86        -683.758   -2022.041        -683.758   -2022.041              86              86
  219         234.356     181.386         234.356     181.386             219             219
   76         -47.931     140.152         -47.931     140.152              76              76
   41         219.547     346.150         219.547     346.150              41              41
   43        -409.062     -86.292        -409.062     -86.292              43              43
    4          12.192   -1327.788          12.192   -1327.788               4               4
  153          79.226     672.652          79.226     672.652             153             153
  213        -511.846     696.123        -511.846     696.123             213             213
  180        1219.085    -532.951        1219.085    -532.951             180             180
   53        -214.011    1137.178        -214.011    1137.178              53              53
   32        1236.509    -925.210        1236.509    -925.210              32              32
   91        -566.971   -1525.609        -566.971   -1525.609              91              91
   14          -4.053    -197.463          -4.053    -197.463              14              14
  253         454.895    -502.161         454.895    -502.161             253             253
  223       -1344.200     -33.192       -1344.200     -33.192             223             223
  219        -666.437     694.189        -666.437     694.189             219             219
   75        -296.245    -183.399        -296.245    -183.399              75              75
   88        1455.255    1444.917        1455.255    1444.917              88              88
   42         311.189     -39.645         311.189     -39.645              42              42
  215         997.714     903.893         997.714     903.893             215             215
  247         596.843     290.115         596.843     290.115             247             247
  122        -588.692    1934.343        -588.692    1934.343             122             122
  252        -870.481   -1298.674        -870.481   -1298.674             252             252
  114          37.238     518.766          37.238     518.766             114             114
   87         -19.844    -589.220         -19.844    -589.220              87              87
  129         454.588    -705.061         454.588    -705.061             129             129
  218        -200.952    -137.969        -200.952    -137.969             218             218
   98        -606.982    -384.675        -606.982    -384.675              98              98
  169         -47.192    -810.118         -47.192    -810.118             169             169
  249        -565.502    1476.476        -565.502    1476.476             249             249
  201        -666.349      56.206        -666.349      56.206             201             201
    0        -145.934    -252.364        -145.934    -252.364              -0              -0
  212         672.383     -28.151         672.383     -28.151             212             212
   22        -561.882     124.344        -561.882     124.344              22              22
   42        1135.534    1030.864        1135.534    1030.864              42              42
    0         832.038     -68.479         832.038     -68.479              -0              -0
   26         -56.351     788.218         -56.351     788.218              26              26
  195        1657.784    -165.805        1657.784    -165.805             195             195
  213        -365.084     688.120        -365.084     688.120             213             213
  206        -469.135     -45.485        -469.135     -45.485             206             206
  248        -390.859     301.555        -390.859     301.555             248             248
  245        -319.725    -208.193        -319.725    -208.193             245             245
   41       -1362.417    -441.927       -1362.417    -441.927              41              41
    7         678.219    1197.825         678.219    1197.825               7               7
  242        -465.372    -332.467        -465.372    -332.467             242             242
    8       -1115.938   -1125.205       -1115.938   -1125.205               8               8
  226        1137.220   -1854.357        1137.220   -1854.357             226             226
   62         835.742    -471.088         835.742    -471.088              62              62
   97         199.062    -332.604         199.062    -332.604              97              97
   13        -728.017    -188.700        -728.017    -188.700              13              13
   21       -2014.533    -848.307       -2014.533    -848.307              21              21
   88        -701.751     114.470        -701.751     114.470              88              88
  135        1161.926   -1148.128        1161.926   -1148.128             135             135
   18       -1018.728     240.718       -1018.728     240.718              18              18
  202        -504.006    -588.184        -504.006    -588.184             202             202
  223       -1769.000      -0.083       -1769.000      -0.083             223             223
  147        -504.032     588.184        -504.032     588.184             147             147
  165       -1018.576    -240.794       -1018.576    -240.794             165             165
   66        1161.765    1148.387        1161.765    1148.387              66              66
   61        -701.825    -114.552        -701.825    -114.552              61              61
  159       -2014.626     848.010       -2014.626     848.010             159             159
   12        -727.859     188.591        -727.859     188.591              12              12
   62         199.188     332.680         199.188     332.680              62              62
  115         835.763     471.299         835.763     471.299             115             115
   34        1136.856    1854.537        1136.856    1854.537              34              34
  104       -1116.182    1124.868       -1116.182    1124.868             104             104
  116        -465.363     332.188        -465.363     332.188             116             116
   60         678.411   -1197.805         678.411   -1197.805              60              60
   44       -1362.493     441.675       -1362.493     441.675              44              44
   73        -319.672     208.051        -319.672     208.051              73              73
   10        -390.725    -301.701        -390.725    -301.701              10              10
   37        -469.026      45.328        -469.026      45.328              37              37
   63        -364.779    -688.234        -364.779    -688.234              63              63
   52        1657.865     166.034        1657.865     166.034              52              52
   44         -56.186    -788.267         -56.186    -788.267              44              44
   50         832.079      68.588         832.079      68.588              50              50
   61        1135.649   -1030.677        1135.649   -1030.677              61              61
   15        -561.914    -124.384        -561.914    -124.384              15              15
  112         672.345      28.295         672.345      28.295             112             112
  159        -146.063     252.333        -146.063     252.333             159             159
   28        -666.381     -56.369        -666.381     -56.369              28              28
  134        -565.233   -1476.511        -565.233   -1476.511             134             134
  248         -47.304     810.218         -47.304     810.218             248             248
  164        -607.009     384.587        -607.009     384.587             164             164
  152        -200.891     137.948        -200.891     137.948             152             152
  195         454.518     705.125         454.518     705.125             195             195
  132         -19.936     589.128         -19.936     589.128             132             132
   44          37.315    -518.818          37.315    -518.818              44              44
  105        -870.667    1298.390        -870.667    1298.390             105             105
  198        -588.231   -1934.569        -588.231   -1934.569             198             198
  106         597.038    -290.019         597.038    -290.019             106             106
    8         997.920    -903.715         997.920    -903.715               8               8
  210         311.204      39.698         311.204      39.698             210             210
  168        1455.434   -1444.626        1455.434   -1444.626             168             168
  124        -296.411     183.441        -296.411     183.441             124             124
  244        -666.391    -694.215        -666.391    -694.215             244             244
   17       -1344.147      33.099       -1344.147      33.099              17              17
  240         454.906     502.335         454.906     502.335             240             240
   48          -4.055     197.558          -4.055     197.558              48              48
   61        -567.130    1525.541        -567.130    1525.541              61              61
   58        1236.415     925.292        1236.415     925.292              58              58
   59        -213.803   -1137.277        -213.803   -1137.277              59              59
   98        1218.973     533.143        1218.973     533.143              98              98
  121        -511.788    -696.232        -511.788    -696.232             121             121
  112          79.335    -672.541          79.335    -672.541             112             112
  142          11.950    1327.839          11.950    1327.839             142             142
  171        -409.067      86.170        -409.067      86.170             171             171
  174         219.625    -346.121         219.625    -346.121             174             174
  158         -47.907    -140.118         -47.907    -140.118             158             158
   28         234.359    -181.237         234.359    -181.237              28              28
   78        -684.112    2021.937        -684.112    2021.937              78              78
  187        -693.277     -33.234        -693.277     -33.234             187             187
  162         316.185     794.171         316.185     794.171             162             162
   70        1352.026     459.138        1352.026     459.138              70              70
   95       -1144.100   -1477.866       -1144.100   -1477.866              95              95
   59         227.196      86.227         227.196      86.227              59              59
    9        -569.459   -1106.221        -569.459   -1106.221               9               9
  227         407.614      27.406         407.614      27.406             227             227
  103          55.956     356.016          55.956     356.016             103             103
  115        -867.981     226.880        -867.981     226.880             115             115
  170          97.408     -25.351          97.408     -25.351             170             170
  209         721.093    -236.301         721.093    -236.301             209             209
  123         838.445    -571.102         838.445    -571.102             123             123
  124         563.460     107.843         563.460     107.843             124             124
  122          85.041     625.342          85.041     625.342             122             122
  247        1501.491    -213.202        1501.491    -213.202             247             247
  113         477.199     -94.157         477.199     -94.157             113             113
  139        -434.171    1084.796        -434.171    1084.796             139             139
  231        -775.134    -108.380        -775.134    -108.380             231             231
  162         860.415     350.904         860.415     350.904             162             162
  200         180.528     695.922         180.528     695.922             200             200
   34         411.582     -52.451         411.582     -52.451              34              34
  222         297.735      23.427         297.735      23.427             222             222
   43         -55.515     142.130         -55.515     142.130              43              43
  155       -1547.173    -157.105       -1547.173    -157.105             155             155
   78        -842.931     856.370        -842.931     856.370              78              78
  186          58.115    -228.990          58.115    -228.990             186             186
   71         385.522     298.497         385.522     298.497              71              71
  253        -846.783    -670.334        -846.783    -670.334             253             253
   88        -620.274   -1045.812        -620.274   -1045.812              88              88
   99       -1518.393     113.809       -1518.393     113.809              99              99
   75        -831.433     947.033        -831.433     947.033              75              75
   19         180.160   -1241.324         180.160   -1241.324              19              19
    6       -1988.136    -462.143       -1988.136    -462.143               6               6
  146         170.171    1851.755         170.171    1851.755             146             146
  115         614.881    -873.920         614.881    -873.920             115             115
   65        -863.023    -686.438        -863.023    -686.438              65              65
  155         299.200     270.727         299.200     270.727             155             155
   87         882.904     251.050         882.904     251.050              87              87
  169        -778.002   -1298.379        -778.002   -1298.379             169             169
   14        -925.303    1062.440        -925.303    1062.440              14              14
    1         680.751     223.255         680.751     223.255               1               1
  123       -1938.128    -223.384       -1938.128    -223.384             123             123
  138         763.017    -226.225         763.017    -226.225             138             138
  126         343.734   -1489.706         343.734   -1489.706             126             126
  245        1910.479     655.599        1910.479     655.599             245             245
  129          24.797   -1339.513          24.797   -1339.513             129             129
  239        -846.974      99.678        -846.974      99.678             239             239
  128       -1461.019     356.642       -1461.019     356.642             128             128
  105        -945.319    -274.747        -945.319    -274.747             105             105
  146         761.344     502.895         761.344     502.895             146             146
   73         -93.677    -185.851         -93.677    -185.851              73              73
  139        -228.106     232.128        -228.106     232.128             139             139
  112        2160.014     323.845        2160.014     323.845             112             112
  116       -1036.067     688.500       -1036.067     688.500             116             116
   39        1403.330    -434.426        1403.330    -434.426              39              39
  191        -504.673     609.305        -504.673     609.305             191             191
   47         163.571    1454.107         163.571    1454.107              47              47
  110        -894.101     101.377        -894.101     101.377             110             110
  188        -130.542    1012.904        -130.542    1012.904             188             188
  135         365.390    -333.174         365.390    -333.174             135             135
  210        -441.155     875.707        -441.155     875.707             210             210
    8         392.677   -1233.044         392.677   -1233.044               8               8
  154         851.639      51.151         851.639      51.151             154             154
  216         122.463    -202.670         122.463    -202.670             216             216
  154         493.799     -50.022         493.799     -50.022             154             154
   14       -2720.332     876.534       -2720.332     876.534              14              14
   25        -416.811    -177.773        -416.811    -177.773              25              25
   54         935.180    -122.694         935.180    -122.694              54              54
  101       -1169.775   -1195.225       -1169.775   -1195.225             101             101
  195         -52.145    1916.956         -52.145    1916.956             195             195
   69       -1055.092      83.246       -1055.092      83.246              69              69
  103        1178.360     856.037        1178.360     856.037             103             103
