SINAL     NFT                         FFT                         NFT INVERSA     FFT INVERSA
-----     -----------------------     -----------------------     -----------     -----------
  242       32207.000       0.000            -nan        -nan             242            -nan
  248         912.639    -467.176            -nan        -nan             248            -nan
  171         292.935     889.254            -nan        -nan             171            -nan
   45        -813.558     430.554            -nan        -nan              45            -nan
  175        -514.240     417.672            -nan        -nan             175            -nan
  207        1290.512     363.349            -nan        -nan             207            -nan
   33        -188.659   -1132.914            -nan        -nan              33            -nan
  237         365.109    1251.370            -nan        -nan             237            -nan
   25           9.383    -642.775           0.000      -0.000              25            -nan
   24          64.715     104.167            -nan        -nan              24               0
  112        -641.344    -456.845            -nan        -nan             112            -nan
  168         668.061    1199.327       -3504.080   -5921.938             168            -nan
   82        2124.867     408.112        3687.512   -2396.983              82               0
   17        1151.414    -149.881         -83.149       0.000              17               0
   58        -235.097     508.445            -nan        -nan              58               0
  172         153.176    -775.066            -nan        -nan             172            -nan
   66        -314.926    -950.801            -nan        -nan              66            -nan
  244         629.560    -404.553     -304854060850104909311224385471569580799332494188497236369050973015295143396050254276073635226219883822530516463061109206935754444482262987670598203037314787283552783881483988447903966906862636317325353083942465448004157011075167827479889711562992243978924204274279705153039988602102545483992495334359040.000 29532596493198199841820628790321597610205031878176457073500762265088500302956324189992073345392417290054973509048884648189807010289868083410057746294159584240884267713891795425806251216568431584753877051521404992127836664126610023610719006921618542209189363332457582724731908295061308550385612466683904.000             244            -nan
  194         446.416   -1297.556            -nan        -nan             194               0
  123       -1124.662    -526.903          23.935     -11.955             123            -nan
   59         539.919     722.907     -29680244476962599353798882699696099123530433505147682796408870897661847563979061288922260978149202747810651742087340758513005595389015623322054428968768883250256413961040224892163058480157365516131716052583835303422928889275807932258298561403615013112475392825320684796172196758803605094400.000 -71654531540065393575560901402531653024925657064213791536455032993958979587971287174841508576492610920582920518012518180906533174226922780068378774341181396246881626012217682910010383229771116623392376521450797082214476654062210237046350630861723944924505616465161778630561701074748177383424.000              59               0
  255       -1273.332     371.692           0.000       0.000             255               0
  238         430.418   -1468.211            -nan        -nan             238               0
   96       -1335.645    1222.586     -9846526503540559970905025283741184372292516446046893308491906768188973022255312660185879512870077467639170042399883052860182500067741156266575248940520552827599359066837255599674851327660099752302398907016602976256.000       0.000              96            -nan
   72         962.851    -833.419           0.000       0.000              72            -1504025593491433782180887678500855711472933900424723982480048128
    0        1494.436   -1435.623        -144.513      -0.000               0              -0
  205         988.951    -251.444          -5.346     -45.916             205              -0
   17         490.885    -209.452        -713.602     576.296              17               0
   27        -457.229    1839.635           0.000       0.000              27              -0
  200         235.641      50.406            -nan        -nan             200              -0
   63        -237.351   -1127.375            -nan        -nan              63            -nan
   13         864.326     203.673            -nan        -nan              13            -nan
  193          58.688     -96.515           0.000      -0.000             193            -nan
  234        -188.546    -345.663            -nan        -nan             234              -0
   59         387.043     562.955           7.667      -0.000              59            -nan
  113        -102.733    -120.483           0.000      -0.000             113               0
  185        1089.956    -620.367           0.000      -0.000             185              -0
   93        -573.682      96.815            -nan        -nan              93              -0
   95         112.142     -58.911           0.000      -0.000              95            -nan
  210        1288.132     -83.798           0.000      -0.000             210              -0
  118        -691.405     540.827          -0.000      -0.000             118              -0
  207        1211.799     856.992          -0.000      -0.000             207              -0
  123       -1367.310    -200.544        -289.026      -0.000             123              -0
  201         662.347      46.079          -0.000      -0.000             201              -0
  225         519.290    1209.678          46.000      -0.000             225               0
  182         242.072     803.904            -nan        -nan             182               0
  117         910.799    -102.452            -nan        -nan             117            -nan
   36        1270.168     529.066            -nan        -nan              36            -nan
  171         284.252    -501.398     -161187.677 -272409.151             171            -nan
   55       -1779.417   -1660.245            -nan        -nan              55             -14
  159        1638.733    -971.221        1101.033    -549.917             159            -nan
  230         340.726    -161.551     -452940219162865737133335364264945100006972547233608048880038822861695859072211200949173847802496116963693677770736472407265022187630111607305224862619574695018548835123831666612687106593413277264460849181477132304384.000      -0.000             230               0
   54         150.676    -281.728      -32332.882   25232.822              54            -38613829425649256821530492726079928250677042495548260631983654180742309692582945155643498503832093833126446384225826812940321472316768113053710519180150342984273942398992192522155192133902960935381219978566959104
  141        -316.369    -457.060            -nan        -nan             141              -3
   71       -1537.938     448.587           0.000      -0.000              71            -nan
  126        -242.233   -1069.219           0.000      -0.000             126               0
  141         484.330    -265.605          -0.000      -0.000             141               0
   21         739.809   -1225.687          -0.000      -0.000              21              -0
  143        1375.896     670.426          -0.000      -0.000             143              -0
  168       -1046.893    1024.057           0.000      -0.000             168              -0
  221        1519.082    -773.356     -4019498648994490801874365320022458368.000      -0.000             221               0
  207         -97.250      53.560            -nan        -nan             207              -0
  182        -134.626     580.685            -nan        -nan             182            -nan
  159         246.940     210.425            -nan        -nan             159            -nan
  185        -481.070     631.952            -nan        -nan             185            -nan
  242       -1691.721    -376.947          -0.000      -0.000             242            -nan
   16        -726.843    -620.611          -0.000       0.000              16               0
  115        -778.664    -387.052          -0.000      -0.000             115               0
   79         672.828    1146.932          -0.000       0.000              79               0
  111         940.876    1042.814           0.000       0.000             111               0
   70        -160.756     388.255           0.000       0.000              70               0
  198        1632.905    -237.021           0.000       0.000             198               0
   63        -388.282   -2599.655           0.000       0.000              63               0
  193         942.251     265.060           0.000       0.000             193               0
  143       -1066.075   -1151.359           0.000       0.000             143               0
   32       -1405.461    -531.852           0.000       0.000              32               0
  120        -626.664    -885.687           0.000       0.000             120               0
    4         -48.365    -789.833            -nan        -nan               4               0
   69       -1372.621    -804.724            -nan        -nan              69            -nan
   35        1317.727      57.900            -nan        -nan              35            -nan
   60        -802.999   -1711.079            -nan        -nan              60            -nan
  228        -493.765   -1921.549       -3824.860       0.000             228            -nan
   10       -1193.633   -1249.515     -14023286799104826513533713158254636054116493880145050981461045683352543329117984469484842039920449985449963077129657375298296626967106079082320398486809030365058159830531707029396545755905191183386863893505750560414412639016999984620093530861224787845821705109278511088990224068966232121454727519186976768.000 1358499438687118049245488207557837661753430400738839660986911220005279430060581878721453898280970357359477931202306633540796025624486408898703757763397028562599091029818327040578291653699035243886050408925481066895657257184251891781116329480053383720111700354120104620275648523159713979806579090725535744.000              10              -0
  114        1147.590   -1467.845           0.000       0.000             114            -1195506120980803516359139856511425674571769646722911667660153956511538201654860588590502154363853759563136640179341683112339616579772517877673033787865161847299971939259332036441771855307661599233297527421222360984199972004266476768251081188631417626053267495336023527649633695066193280321517766311936
  113        -625.381     512.592           0.000      -0.000             113               0
   81         551.233      98.478         687.016   -4095.191              81               0
  241        1215.906     144.383           0.000      -0.000             241               0
  255        1416.466     241.435          -0.000      -0.000             255               0
  102         650.828    -312.855          -0.000      -0.000             102              -0
  129        -803.118     458.664           0.000      -0.000             129              -0
  168       -1270.875     103.331          -0.000      -0.000             168               0
   68        -267.665    -203.170           0.000      -0.000              68              -0
   80        -118.790    -579.181          -0.000      -0.000              80               0
   95        -531.875    -169.887          -0.000      -0.000              95              -0
  227        -979.511    1566.244          -0.000      -0.000             227              -0
   10        -291.315    -168.727           0.000       0.000              10              -0
   81          -0.525   -1716.484           0.000       0.000              81               0
  244        1660.497    1133.544           0.000       0.000             244               0
  125         394.444     258.311          -5.649      -5.184             125               0
  161         440.327      -1.368          -0.000       0.000             161              -0
   99        -355.553    1389.688           0.000       0.000              99               0
  195        1951.674     879.308           0.000       0.000             195               0
  103       -1865.308     116.700          -0.000      -0.000             103               0
  163        -389.817    -602.614          -0.000      -0.000             163              -0
  133          74.937     718.411          -0.000      -0.000             133              -0
  247         957.168     599.720           0.000      -0.000             247              -0
  196        1701.875      68.708           0.000      -0.000             196              -0
  254        1615.315    1259.259          -2.222       3.923             254              -0
  251          65.807    -690.744          40.373      21.580             251               0
    9         -54.582     541.333           0.000      -0.000               9               0
   33        -517.890     555.930            -nan        -nan              33              -0
   55         -55.980     721.528            -nan        -nan              55            -nan
  237          33.785   -1500.493            -nan        -nan             237            -nan
   43       -2198.338     186.791           0.000       0.000              43            -nan
  170        -294.375    -625.009            -nan        -nan             170               0
   95         863.285   -1587.258           7.667      -0.054              95            -nan
  125         323.917    1454.511          -0.000       0.000             125               0
  156        -280.896    -386.221          -0.000       0.000             156              -0
   95         295.815   -1061.143            -nan        -nan              95              -0
  227        2179.411    -394.920           0.000       0.000             227            -nan
   30        -550.550    -851.232           0.000       0.000              30               0
    7         222.619    -376.992           0.000       0.000               7               0
   40         113.916    -881.867           0.000       0.000              40               0
  110        1129.645    -183.751           0.000       0.000             110               0
  102        -596.759    -282.401           0.000       2.257             102               0
   12         113.460     -44.069         -45.945       0.000              12               0
  120        -354.852    -250.946            -nan        -nan             120              -0
  184         268.952   -1477.419            -nan        -nan             184            -nan
    0         367.000       0.132           0.000       0.000              -0               0
  246         268.671    1477.555           0.000       0.000             246               0
   89        -354.904     250.879           0.000       0.000              89               0
   99         113.464      44.111           0.000       0.000              99               0
  186        -596.738     282.340           0.000       0.000             186               0
  193        1129.667     183.993           0.000       0.000             193               0
    7         113.753     881.915           0.000       0.000               7               0
   64         222.555     377.030           0.000       0.000              64               0
  184        -550.604     851.123           0.000       0.000             184               0
  203        2179.365     395.251           0.000       0.000             203               0
   62         295.512    1061.117           0.000       0.000              62               0
  180        -281.020     386.022           0.000       0.000             180               0
  212         324.139   -1454.465           0.000       0.000             212               0
   95         862.914    1587.429           0.000       0.000              95               0
  236        -294.657     624.843           0.000       0.000             236               0
  194       -2198.319    -187.234           0.000       0.000             194               0
  139          33.640    1500.354           0.000       0.000             139               0
  150         -55.811    -721.737           0.000       0.000             150               0
   33        -517.720    -556.120           0.000       0.000              33               0
    8         -54.366    -541.385           0.000       0.000               8               0
   51          65.861     690.653           0.000       0.000              51               0
  128        1615.650   -1259.087           0.000       0.000             128               0
  236        1701.856     -68.461           0.000       0.000             236               0
   81         957.134    -599.609           0.000       0.000              81               0
  136          74.909    -718.380           0.000       0.000             136               0
   20        -390.033     602.535           0.000       0.000              20               0
  191       -1865.209    -117.115           0.000       0.000             191               0
  239        1951.898    -879.063           0.000       0.000             239               0
   32        -355.355   -1389.714           0.000       0.000              32               0
   56         440.349       1.514           0.000       0.000              56               0
  167         394.507    -258.221           0.000       0.000             167               0
   33        1660.603   -1133.142           0.000       0.000              33               0
   47          -0.988    1716.556           0.000       0.000              47               0
    1        -291.485     168.576           0.000       0.000               1               0
  133        -979.322   -1566.393           0.000       0.000             133               0
  233        -531.902     169.917           0.000       0.000             233               0
  194        -118.889     579.207           0.000       0.000             194               0
  140        -267.732     203.119           0.000       0.000             140               0
   41       -1270.824    -103.551           0.000       0.000              41               0
  123        -802.872    -458.757           0.000       0.000             123               0
   87         650.964     313.011           0.000       0.000              87               0
  104        1416.583    -241.162           0.000       0.000             104               0
   47        1215.880    -144.108           0.000       0.000              47               0
   43         551.127     -98.291           0.000       0.000              43               0
  199        -625.355    -512.509           0.000       0.000             199               0
   27        1147.247    1468.231           0.000       0.000              27               0
  238       -1193.959    1249.421           0.000       0.000             238               0
   82        -494.099    1921.491           0.000       0.000              82               0
  177        -803.229    1710.834           0.000       0.000             177               0
   15        1317.706     -57.775           0.000       0.000              15               0
   91       -1372.823     804.466           0.000       0.000              91               0
  229         -48.492     789.775           0.000       0.000             229               0
  144        -626.841     885.508           0.000       0.000             144               0
   71       -1405.497     531.543           0.000       0.000              71               0
   54       -1066.074    1151.072           0.000       0.000              54               0
   25         942.455    -264.960           0.000       0.000              25               0
   92        -388.587    2599.452           0.000       0.000              92               0
  246        1632.939     236.996           0.000       0.000             246               0
    8        -160.684    -388.527           0.000       0.000               8               0
  125         941.058   -1042.814           0.000       0.000             125               0
   47         672.915   -1146.836           0.000       0.000              47               0
  175        -778.834     386.943           0.000       0.000             175               0
  158        -726.989     620.427           0.000       0.000             158               0
   94       -1691.714     376.530           0.000       0.000              94               0
  177        -480.789    -632.145           0.000       0.000             177               0
   35         247.115    -210.449           0.000       0.000              35               0
   72        -134.413    -580.737           0.000       0.000              72               0
  115         -97.078     -53.565           0.000       0.000             115               0
  175        1519.019     773.542           0.000       0.000             175               0
  114       -1046.644   -1024.295           0.000       0.000             114               0
  238        1376.126    -670.110           0.000       0.000             238               0
    6         739.599    1225.863           0.000       0.000               6               0
  218         484.230     265.665           0.000       0.000             218               0
   30        -242.488    1069.107           0.000       0.000              30               0
   50       -1537.820    -448.915           0.000       0.000              50               0
  162        -316.286     456.986           0.000       0.000             162               0
   57         150.782     281.712           0.000       0.000              57               0
   32         340.843     161.598           0.000       0.000              32               0
  245        1638.572     971.482           0.000       0.000             245               0
  235       -1779.652    1659.808           0.000       0.000             235               0
   48         284.382     501.202           0.000       0.000              48               0
   80        1270.387    -529.050           0.000       0.000              80               0
  208         910.810     102.432           0.000       0.000             208               0
  192         242.225    -804.030           0.000       0.000             192               0
  152         519.519   -1209.647           0.000       0.000             152               0
    6         662.316     -45.976           0.000       0.000               6               0
  217       -1367.287     200.237           0.000       0.000             217               0
  244        1212.032    -856.857           0.000       0.000             244               0
  252        -691.239    -540.931           0.000       0.000             252               0
  226        1288.195      84.029           0.000       0.000             226               0
  113         112.123      58.918           0.000       0.000             113               0
   44        -573.584     -96.910           0.000       0.000              44               0
  146        1089.926     620.521           0.000       0.000             146               0
   16        -102.725     120.383           0.000       0.000              16               0
  138         387.180    -562.924           0.000       0.000             138               0
   67        -188.551     345.621           0.000       0.000              67               0
   51          58.773      96.481           0.000       0.000              51               0
  211         864.416    -203.535           0.000       0.000             211               0
  183        -237.501    1127.271           0.000       0.000             183               0
  226         235.717     -50.533           0.000       0.000             226               0
   69        -456.807   -1839.732           0.000       0.000              69               0
  166         491.016     209.632           0.000       0.000             166               0
  233         989.033     251.683           0.000       0.000             233               0
   32        1494.217    1435.866           0.000       0.000              32               0
  196         962.601     833.435           0.000       0.000             196               0
   28       -1335.474   -1222.859           0.000       0.000              28               0
  195         430.206    1468.247           0.000       0.000             195               0
  253       -1273.194    -372.025           0.000       0.000             253               0
   61         540.150    -722.813           0.000       0.000              61               0
  184       -1124.613     526.773           0.000       0.000             184               0
  232         446.404    1297.595           0.000       0.000             232               0
  109         629.618     404.571           0.000       0.000             109               0
    9        -314.952     950.640           0.000       0.000               9               0
  185         153.228     774.899           0.000       0.000             185               0
   46        -234.768    -508.660           0.000       0.000              46               0
  161        1151.659     149.933           0.000       0.000             161               0
  191        2125.052    -407.910           0.000       0.000             191               0
    8         668.259   -1199.264           0.000       0.000               8               0
  150        -641.337     456.722           0.000       0.000             150               0
  188          64.915    -104.214           0.000       0.000             188               0
  234           9.492     642.666           0.000       0.000             234               0
    7         365.558   -1251.367           0.000       0.000               7               0
  232        -188.542    1132.830           0.000       0.000             232               0
  125        1290.877    -363.271           0.000       0.000             125               0
   24        -513.833    -417.849           0.000       0.000              24               0
  115        -812.879    -430.758           0.000       0.000             115               0
  192         294.035    -889.200           0.000       0.000             192               0
   75         914.296     467.343           0.000       0.000              75               0
