SINAL     NFT                         FFT                         NFT INVERSA     FFT INVERSA
-----     -----------------------     -----------------------     -----------     -----------
   33       33468.000       0.000       33468.000       0.000              33              33
  115       -1094.319     477.803       -1094.319     477.803             115             115
   25        1114.502     269.592        1114.502     269.592              25              25
  113         -91.420   -1305.953         -91.420   -1305.953             113             113
   43        -439.247    1693.215        -439.247    1693.215              43              43
  167        -559.203    -487.622        -559.203    -487.622             167             167
   30         592.752    1003.086         592.752    1003.086              30              30
  160        -992.904     741.111        -992.904     741.111             160             160
  230        -947.786     143.287        -947.786     143.287             230             230
  228          -2.425    -865.619          -2.425    -865.619             228             228
  166       -1015.901    -689.696       -1015.901    -689.696             166             166
   36        -274.475     313.135        -274.475     313.135              36              36
   21        -495.533     103.023        -495.533     103.023              21              21
  254         -11.791    -336.879         -11.791    -336.879             254             254
  195       -1748.746      28.070       -1748.746      28.070             195             195
  105         407.163    1252.427         407.163    1252.427             105             105
   66        -515.447    -699.218        -515.447    -699.218              66              66
   22       -1852.342    -128.732       -1852.342    -128.732              22              22
  180        1428.099     576.026        1428.099     576.026             180             180
  161         748.599     497.235         748.599     497.235             161             161
  249       -1462.701    -413.798       -1462.701    -413.798             249             249
   73        -676.320      18.522        -676.320      18.522              73              73
   14        -105.380    -635.941        -105.380    -635.941              14              14
   77        -125.330     225.665        -125.330     225.665              77              77
   25         -61.524    1227.521         -61.524    1227.521              25              25
  223         146.573    -994.826         146.573    -994.826             223             223
  183        1576.403     395.733        1576.403     395.733             183             183
  234         139.162    1254.193         139.162    1254.193             234             234
   37        -674.488     401.319        -674.488     401.319              37              37
  248         851.315     -18.705         851.315     -18.705             248             248
  132         928.405     336.658         928.405     336.658             132             132
   70        1026.769   -1185.111        1026.769   -1185.111              70              70
  107        -996.871      71.100        -996.871      71.100             107             107
  157         297.824    -539.340         297.824    -539.340             157             157
  184        -328.642     936.035        -328.642     936.035             184             184
  150        -189.021     702.855        -189.021     702.855             150             150
   69        1224.641    2260.814        1224.641    2260.814              69              69
  214         479.812    -403.358         479.812    -403.358             214             214
   55        -393.269     723.850        -393.269     723.850              55              55
   43         169.016    -683.369         169.016    -683.369              43              43
  187        -350.704   -1122.337        -350.704   -1122.337             187             187
  221        1050.820      92.355        1050.820      92.355             221             221
   79         449.337     107.888         449.337     107.888              79              79
  209       -1553.819    -670.434       -1553.819    -670.434             209             209
  220       -1470.958    -231.218       -1470.958    -231.218             220             220
   18       -1353.952   -1131.975       -1353.952   -1131.975              18              18
   58       -1567.167     585.604       -1567.167     585.604              58              58
   30        -641.036    1289.481        -641.036    1289.481              30              30
   41        -770.342   -1171.055        -770.342   -1171.055              41              41
  238       -2156.798    1272.441       -2156.798    1272.441             238             238
  192        -695.137    -818.315        -695.137    -818.315             192             192
   34         500.416     505.177         500.416     505.177              34              34
   56        1702.108     -50.056        1702.108     -50.056              56              56
  207         -84.214   -1237.321         -84.214   -1237.321             207             207
  112        2514.098    -377.617        2514.098    -377.617             112             112
   82         -18.371     564.035         -18.371     564.035              82              82
  174         777.742    1027.930         777.742    1027.930             174             174
   40         424.207     280.290         424.207     280.290              40              40
   60         373.543    -298.445         373.543    -298.445              60              60
  211        -490.941     192.830        -490.941     192.830             211             211
   32         151.434    -925.675         151.434    -925.675              32              32
  192         598.819     -69.653         598.819     -69.653             192             192
   26        -499.155       2.158        -499.155       2.158              26              26
  140         579.971   -1305.526         579.971   -1305.526             140             140
   94         476.066   -1793.962         476.066   -1793.962              94              94
  211        -252.342   -1216.407        -252.342   -1216.407             211             211
   35        1733.522    1171.609        1733.522    1171.609              35              35
  164       -1277.815     549.174       -1277.815     549.174             164             164
  169        1445.995    1280.674        1445.995    1280.674             169             169
   91        -200.171     196.629        -200.171     196.629              91              91
  208        -124.539    -210.581        -124.539    -210.581             208             208
  101         381.780    -347.561         381.780    -347.561             101             101
   56        -722.710     586.930        -722.710     586.930              56              56
   32         -38.785    -447.129         -38.785    -447.129              32              32
   54        -880.245     -34.289        -880.245     -34.289              54              54
   20         -97.187     677.573         -97.187     677.573              20              20
   50        1562.282     689.905        1562.282     689.905              50              50
  113         985.262    1098.638         985.262    1098.638             113             113
   51        -711.347     -20.816        -711.347     -20.816              51              51
   92         313.823   -1118.018         313.823   -1118.018              92              92
   96        -593.585     164.261        -593.585     164.261              96              96
  244         292.419     414.382         292.419     414.382             244             244
  127         139.557    1966.918         139.557    1966.918             127             127
  152       -1200.423     -86.274       -1200.423     -86.274             152             152
  195        -351.978   -2100.951        -351.978   -2100.951             195             195
  240       -1821.070      56.968       -1821.070      56.968             240             240
  234        -912.006     534.803        -912.006     534.803             234             234
  113         965.731     538.703         965.731     538.703             113             113
   24         100.943     -59.061         100.943     -59.061              24              24
   39         617.824   -1009.924         617.824   -1009.924              39              39
   69         117.768     789.929         117.768     789.929              69              69
   57       -1012.204     622.301       -1012.204     622.301              57              57
  232         225.406      89.525         225.406      89.525             232             232
   95       -1356.809      35.581       -1356.809      35.581              95              95
  197          87.880    1041.976          87.880    1041.976             197             197
   71         454.495     353.098         454.495     353.098              71              71
   51        -349.180     469.049        -349.180     469.049              51              51
  233          48.001    -605.909          48.001    -605.909             233             233
  235           2.777     513.382           2.777     513.382             235             235
  220          -6.543    -260.457          -6.543    -260.457             220             220
   68        -790.948     958.642        -790.948     958.642              68              68
  188         377.827   -1869.848         377.827   -1869.848             188             188
   66         549.943     633.862         549.943     633.862              66              66
  125        -850.774    -596.291        -850.774    -596.291             125             125
  220         680.149      44.328         680.149      44.328             220             220
  121       -1149.977   -1859.191       -1149.977   -1859.191             121             121
  146        2214.757   -1005.919        2214.757   -1005.919             146             146
   15        -986.343   -1264.805        -986.343   -1264.805              15              15
  234        -379.889     937.232        -379.889     937.232             234             234
  198        -657.820     365.615        -657.820     365.615             198             198
  107        -111.472     -60.998        -111.472     -60.998             107             107
   74         858.950     349.309         858.950     349.309              74              74
  186       -1060.663     411.990       -1060.663     411.990             186             186
  235         141.681     517.108         141.681     517.108             235             235
  227         923.260    -718.490         923.260    -718.490             227             227
  125        -412.190   -1553.155        -412.190   -1553.155             125             125
  219        -754.945     728.958        -754.945     728.958             219             219
  206         640.109   -1484.918         640.109   -1484.918             206             206
  239        -569.078    -339.290        -569.078    -339.290             239             239
  244        -603.561   -1307.904        -603.561   -1307.904             244             244
  245        -820.215     183.874        -820.215     183.874             245             245
   52        -167.379     207.995        -167.379     207.995              52              52
   45         112.896     344.888         112.896     344.888              45              45
  221        -207.776    -262.245        -207.776    -262.245             221             221
  148        -339.396    -434.485        -339.396    -434.485             148             148
  243          93.619     270.963          93.619     270.963             243             243
   37        -109.853    -570.455        -109.853    -570.455              37              37
  199       -1091.688   -2067.378       -1091.688   -2067.378             199             199
  220         744.000       0.204         744.000       0.204             220             220
   16       -1092.053    2067.323       -1092.053    2067.323              16              16
  164        -109.899     570.401        -109.899     570.401             164             164
   33          93.672    -270.940          93.672    -270.940              33              33
  204        -339.471     434.460        -339.471     434.460             204             204
  230        -207.803     262.202        -207.803     262.202             230             230
  158         112.947    -344.858         112.947    -344.858             158             158
  168        -167.388    -207.957        -167.388    -207.957             168             168
   96        -820.198    -183.883        -820.198    -183.883              96              96
   49        -603.739    1307.889        -603.739    1307.889              49              49
  183        -569.046     339.226        -569.046     339.226             183             183
   74         639.898    1484.988         639.898    1484.988              74              74
  247        -754.810    -729.097        -754.810    -729.097             247             247
   35        -412.346    1553.089        -412.346    1553.089              35              35
  149         923.191     718.506         923.191     718.506             149             149
  177         141.719    -517.201         141.719    -517.201             177             177
   14       -1060.560    -412.207       -1060.560    -412.207              14              14
  120         859.049    -349.161         859.049    -349.161             120             120
   47        -111.529      60.986        -111.529      60.986              47              47
  234        -657.764    -365.715        -657.764    -365.715             234             234
   70        -379.693    -937.166        -379.693    -937.166              70              70
   30        -986.411    1264.787        -986.411    1264.787              30              30
  222        2214.622    1006.340        2214.622    1006.340             222             222
   60       -1150.332    1858.924       -1150.332    1858.924              60              60
   83         680.165     -44.338         680.165     -44.338              83              83
   11        -850.861     596.052        -850.861     596.052              11              11
   26         550.093    -633.804         550.093    -633.804              26              26
  231         377.467    1869.813         377.467    1869.813             231             231
  254        -790.806    -958.924        -790.806    -958.924             254             254
   63          -6.553     260.381          -6.553     260.381              63              63
  174           2.878    -513.443           2.878    -513.443             174             174
  219          47.896     605.838          47.896     605.838             219             219
   80        -349.086    -469.224        -349.086    -469.224              80              80
   82         454.552    -353.110         454.552    -353.110              82              82
  252          87.976   -1041.987          87.976   -1041.987             252             252
   28       -1356.808     -35.796       -1356.808     -35.796              28              28
   57         225.456     -89.519         225.456     -89.519              57              57
  155       -1012.050    -622.490       -1012.050    -622.490             155             155
  197         118.007    -789.837         118.007    -789.837             197             197
  153         617.693    1010.065         617.693    1010.065             153             153
  205         100.931      59.013         100.931      59.013             205             205
  125         965.729    -538.575         965.729    -538.575             125             125
  228        -912.063    -534.917        -912.063    -534.917             228             228
  196       -1821.053     -57.168       -1821.053     -57.168             196             196
  161        -352.251    2100.852        -352.251    2100.852             161             161
  121       -1200.322      85.852       -1200.322      85.852             121             121
  118         140.036   -1966.975         140.036   -1966.975             118             118
  175         292.559    -414.267         292.559    -414.267             175             175
  242        -593.475    -164.286        -593.475    -164.286             242             242
  166         313.727    1118.056         313.727    1118.056             166             166
  154        -711.219      20.571        -711.219      20.571             154             154
   56         985.600   -1098.543         985.600   -1098.543              56              56
  196        1562.384    -689.629        1562.384    -689.629             196             196
  120         -97.173    -677.525         -97.173    -677.525             120             120
  117        -880.256      34.221        -880.256      34.221             117             117
   23         -38.818     447.135         -38.818     447.135              23              23
  131        -722.534    -587.034        -722.534    -587.034             131             131
  143         381.815     347.659         381.815     347.659             143             143
  255        -124.510     210.532        -124.510     210.532             255             255
  130        -200.017    -196.724        -200.017    -196.724             130             130
  207        1446.243   -1280.421        1446.243   -1280.421             207             207
  173       -1277.657    -549.292       -1277.657    -549.292             173             173
   94        1733.796   -1171.113        1733.796   -1171.113              94              94
   31        -252.551    1216.602        -252.551    1216.602              31              31
    0         475.803    1794.113         475.803    1794.113              -0              -0
   90         579.734    1305.547         579.734    1305.547              90              90
   60        -499.142      -2.329        -499.142      -2.329              60              60
   58         598.842      69.734         598.842      69.734              58              58
  246         151.266     925.640         151.266     925.640             246             246
    1        -490.866    -192.999        -490.866    -192.999               1               1
  212         373.576     298.430         373.576     298.430             212             212
  195         424.317    -280.318         424.317    -280.318             195             195
  127         777.942   -1027.823         777.942   -1027.823             127             127
  184         -18.205    -563.957         -18.205    -563.957             184             184
  136        2514.005     378.133        2514.005     378.133             136             136
   32         -84.535    1237.293         -84.535    1237.293              32              32
   50        1701.963      50.249        1701.963      50.249              50              50
  255         500.221    -505.115         500.221    -505.115             255             255
  208        -695.560     818.143        -695.560     818.143             208             208
   36       -2156.722   -1272.820       -2156.722   -1272.820              36              36
  165        -770.562    1170.900        -770.562    1170.900             165             165
  106        -640.882   -1289.638        -640.882   -1289.638             106             106
   93       -1567.102    -585.757       -1567.102    -585.757              93              93
  106       -1354.095    1131.813       -1354.095    1131.813             106             106
  226       -1470.885     230.958       -1470.885     230.958             226             226
  210       -1553.693     670.133       -1553.693     670.133             210             210
  130         449.619    -107.867         449.619    -107.867             130             130
  102        1050.946     -92.172        1050.946     -92.172             102             102
   98        -350.827    1122.241        -350.827    1122.241              98              98
  129         168.992     683.236         168.992     683.236             129             129
  233        -393.031    -724.058        -393.031    -724.058             233             233
   50         479.889     403.273         479.889     403.273              50              50
   47        1225.055   -2260.707        1225.055   -2260.707              47              47
   71        -188.920    -702.835        -188.920    -702.835              71              71
   81        -328.433    -935.990        -328.433    -935.990              81              81
   48         297.783     539.480         297.783     539.480              48              48
  162        -996.739     -71.216        -996.739     -71.216             162             162
  141        1026.728    1185.258        1026.728    1185.258             141             141
  107         928.512    -336.587         928.512    -336.587             107             107
  152         851.277      18.784         851.277      18.784             152             152
  143        -674.418    -401.512        -674.418    -401.512             143             143
   63         139.477   -1254.167         139.477   -1254.167              63              63
   92        1576.480    -395.374        1576.480    -395.374              92              92
   14         146.324     994.845         146.324     994.845              14              14
  248         -61.371   -1227.549         -61.371   -1227.549             248             248
  228        -125.327    -225.593        -125.327    -225.593             228             228
   47        -105.529     635.964        -105.529     635.964              47              47
   43        -676.346     -18.640        -676.346     -18.640              43              43
  228       -1462.663     413.519       -1462.663     413.519             228             228
  255         748.830    -497.153         748.830    -497.153             255             255
   79        1428.130    -575.758        1428.130    -575.758              79              79
  137       -1852.418     128.473       -1852.418     128.473             137             137
  105        -515.458     699.088        -515.458     699.088             105             105
  173         407.401   -1252.375         407.401   -1252.375             173             173
  244       -1748.669     -28.285       -1748.669     -28.285             244             244
   76         -11.694     336.907         -11.694     336.907              76              76
  128        -495.394    -103.100        -495.394    -103.100             128             128
  118        -274.298    -313.128        -274.298    -313.128             118             118
  178       -1015.843     689.572       -1015.843     689.572             178             178
  227          -2.374     865.557          -2.374     865.557             227             227
  248        -947.553    -143.559        -947.553    -143.559             248             248
  155        -992.442    -741.344        -992.442    -741.344             155             155
   21         593.269   -1002.952         593.269   -1002.952              21              21
   40        -558.932     487.539        -558.932     487.539              40              40
  226        -438.470   -1693.213        -438.470   -1693.213             226             226
  102         -90.970    1306.026         -90.970    1306.026             102             102
   88        1115.403    -269.427        1115.403    -269.427              88              88
  132       -1092.513    -477.944       -1092.513    -477.944             132             132
