SINAL     NFT                         FFT                         NFT INVERSA     FFT INVERSA
-----     -----------------------     -----------------------     -----------     -----------
  116       32636.000       0.000       32636.000       0.000             116             116
   23        -689.148    1370.163        -689.148    1370.163              23              23
  200         412.516     318.039         412.516     318.039             200             200
    4         -97.547     371.339         -97.547     371.339               4               4
  231        -364.195   -1166.739        -364.195   -1166.739             231             231
   78       -1934.217    -559.976       -1934.217    -559.976              78              78
   64        -600.227    -301.051        -600.227    -301.051              64              64
  160          29.488   -2219.025          29.488   -2219.025             160             160
  223        -432.925     396.310        -432.925     396.310             223             223
   78        -351.929    -373.314        -351.929    -373.314              78              78
  139        -649.367     120.259        -649.367     120.259             139             139
  221        -102.035     258.425        -102.035     258.425             221             221
   84         279.285     956.781         279.285     956.781              84              84
  152         707.232     711.246         707.232     711.246             152             152
  177       -1065.388    -553.475       -1065.388    -553.475             177             177
  197         461.184     -60.865         461.184     -60.865             197             197
   29        -292.808    -782.268        -292.808    -782.268              29              29
  147        -594.436     177.659        -594.436     177.659             147             147
  139        -633.109    -780.630        -633.109    -780.630             139             139
  236       -2079.882     -35.641       -2079.882     -35.641             236             236
  143        1490.921    1567.219        1490.921    1567.219             143             143
  162         412.252     551.959         412.252     551.959             162             162
  222       -1599.375    -238.312       -1599.375    -238.312             222             222
  255        -790.734      39.276        -790.734      39.276             255             255
   16        1105.467    -234.429        1105.467    -234.429              16              16
   57         399.751     214.043         399.751     214.043              57              57
   59       -1235.733   -1144.877       -1235.733   -1144.877              59              59
  129          59.946     277.406          59.946     277.406             129             129
   29        -343.642   -1168.872        -343.642   -1168.872              29              29
   67        1133.383    -426.476        1133.383    -426.476              67              67
  107       -1323.860   -1946.299       -1323.860   -1946.299             107             107
  146        -828.664    1016.657        -828.664    1016.657             146             146
   91         405.054     739.147         405.054     739.147              91              91
   51         461.762    -142.193         461.762    -142.193              51              51
  150         114.576     746.994         114.576     746.994             150             150
   67        -268.696      50.292        -268.696      50.292              67              67
  130        -270.768   -1839.240        -270.768   -1839.240             130             130
  215           8.666     284.648           8.666     284.648             215             215
  227         559.944    -432.880         559.944    -432.880             227             227
   98       -1249.166    -934.914       -1249.166    -934.914              98              98
   37        1205.522    -455.051        1205.522    -455.051              37              37
  111         121.634    1470.173         121.634    1470.173             111             111
   63        -619.020   -1886.331        -619.020   -1886.331              63              63
  122         385.718    -197.697         385.718    -197.697             122             122
    7        -382.866    -876.175        -382.866    -876.175               7               7
  241         928.532    -588.061         928.532    -588.061             241             241
   64        1211.548     828.105        1211.548     828.105              64              64
   37        -371.857    1787.747        -371.857    1787.747              37              37
  132         373.141     486.360         373.141     486.360             132             132
  203        -531.785    -242.435        -531.785    -242.435             203             203
   17       -1275.703    -346.919       -1275.703    -346.919              17              17
   20        -365.310      12.718        -365.310      12.718              20              20
  109         325.115     216.599         325.115     216.599             109             109
  240        -217.343    1475.050        -217.343    1475.050             240             240
   20        -961.130    -239.788        -961.130    -239.788              20              20
  126         629.293    -575.407         629.293    -575.407             126             126
   42        -189.571     554.391        -189.571     554.391              42              42
   79        1353.415     -16.488        1353.415     -16.488              79              79
    0         -57.866     131.012         -57.866     131.012              -0              -0
   72          66.212      98.582          66.212      98.582              72              72
  146       -1583.504    -934.975       -1583.504    -934.975             146             146
  107        -159.426    -322.008        -159.426    -322.008             107             107
  219         154.005      34.366         154.005      34.366             219             219
  238        -513.579      15.482        -513.579      15.482             238             238
  158          59.000     243.004          59.000     243.004             158             158
  113        -332.797     185.152        -332.797     185.152             113             113
   49       -1638.412    1365.922       -1638.412    1365.922              49              49
   33        1557.620     265.291        1557.620     265.291              33              33
   73          22.083    -348.551          22.083    -348.551              73              73
   20        2267.421   -2094.269        2267.421   -2094.269              20              20
  131         983.451    -473.263         983.451    -473.263             131             131
  111       -1211.321   -1121.586       -1211.321   -1121.586             111             111
  132         240.689     931.336         240.689     931.336             132             132
  195         871.940    -412.647         871.940    -412.647             195             195
  233          65.069    -924.933          65.069    -924.933             233             233
  140         524.711    -976.970         524.711    -976.970             140             140
  180        -444.864    -479.579        -444.864    -479.579             180             180
   41         196.874    -100.655         196.874    -100.655              41              41
  177           7.930    -889.675           7.930    -889.675             177             177
   57         147.320    -790.221         147.320    -790.221              57              57
  245        1101.066    -320.284        1101.066    -320.284             245             245
  195       -1004.698    -599.753       -1004.698    -599.753             195             195
   77        1060.782     510.504        1060.782     510.504              77              77
   98         -91.319     160.871         -91.319     160.871              98              98
  180         337.726    1108.902         337.726    1108.902             180             180
   97       -1953.167      58.434       -1953.167      58.434              97              97
  224         373.010    -199.471         373.010    -199.471             224             224
  222         211.314     775.006         211.314     775.006             222             222
  177       -1318.539    1207.287       -1318.539    1207.287             177             177
  225         411.094     768.556         411.094     768.556             225             225
   39         -19.709    -321.719         -19.709    -321.719              39              39
   68          85.439    1097.830          85.439    1097.830              68              68
   76         143.656    -284.945         143.656    -284.945              76              76
    2       -1099.722    -184.781       -1099.722    -184.781               2               2
   50         111.899     181.039         111.899     181.039              50              50
  234         918.080      40.988         918.080      40.988             234             234
  115        -343.024    -372.852        -343.024    -372.852             115             115
   99         930.767     945.813         930.767     945.813              99              99
   12         585.042     751.414         585.042     751.414              12              12
  189        -129.148     651.092        -129.148     651.092             189             189
  120       -1038.759     558.960       -1038.759     558.960             120             120
  143         359.525    1385.254         359.525    1385.254             143             143
   44          84.327      32.182          84.327      32.182              44              44
  252        -592.418     236.132        -592.418     236.132             252             252
   83        -126.539    -732.586        -126.539    -732.586              83              83
   22        -154.391     661.702        -154.391     661.702              22              22
  137         263.730     150.723         263.730     150.723             137             137
    7         362.256     251.993         362.256     251.993               7               7
   64        -185.235    -445.294        -185.235    -445.294              64              64
   59         -71.533    -149.939         -71.533    -149.939              59              59
   65        -222.708     129.956        -222.708     129.956              65              65
   53          78.706    1810.991          78.706    1810.991              53              53
  254         126.579     114.952         126.579     114.952             254             254
  143        -191.760     190.585        -191.760     190.585             143             143
  152         644.260     411.934         644.260     411.934             152             152
  178        -527.080    -251.131        -527.080    -251.131             178             178
  240         577.396    -449.556         577.396    -449.556             240             240
  121         568.306    -209.265         568.306    -209.265             121             121
  145         792.588    1923.541         792.588    1923.541             145             145
  162         485.172     750.175         485.172     750.175             162             162
   90         715.830     908.646         715.830     908.646              90              90
  184         802.910    1568.292         802.910    1568.292             184             184
  230        -483.570   -2217.622        -483.570   -2217.622             230             230
  166        -524.635    -319.509        -524.635    -319.509             166             166
  186        1325.886    -175.393        1325.886    -175.393             186             186
   24        1560.714   -1069.576        1560.714   -1069.576              24              24
  145         992.560      21.223         992.560      21.223             145             145
   46        -917.052    -966.803        -917.052    -966.803              46              46
  123         858.000       0.114         858.000       0.114             123             123
  157        -917.168     966.662        -917.168     966.662             157             157
  236         992.685     -21.074         992.685     -21.074             236             236
  244        1560.542    1069.792        1560.542    1069.792             244             244
   45        1325.725     175.523        1325.725     175.523              45              45
   24        -524.810     319.369        -524.810     319.369              24              24
  241        -483.919    2217.310        -483.919    2217.310             241             241
  128         803.215   -1568.447         803.215   -1568.447             128             128
   47         715.963    -908.655         715.963    -908.655              47              47
  122         485.266    -750.202         485.266    -750.202             122             122
  136         792.859   -1923.392         792.859   -1923.392             136             136
  111         568.187     209.448         568.187     209.448             111             111
  181         577.200     449.643         577.200     449.643             181             181
  201        -527.201     250.961        -527.201     250.961             201             201
  164         644.269    -411.911         644.269    -411.911             164             164
  180        -191.809    -190.685        -191.809    -190.685             180             180
   88         126.542    -115.043         126.542    -115.043              88              88
   61          78.940   -1811.000          78.940   -1811.000              61              61
  102        -222.741    -129.915        -222.741    -129.915             102             102
   73         -71.592     149.959         -71.592     149.959              73              73
  182        -185.321     445.229        -185.321     445.229             182             182
  248         362.281    -251.994         362.281    -251.994             248             248
  235         263.693    -150.730         263.693    -150.730             235             235
   16        -154.347    -661.732        -154.347    -661.732              16              16
  176        -126.717     732.533        -126.717     732.533             176             176
  210        -592.392    -236.331        -592.392    -236.331             210             210
  183          84.347     -32.290          84.347     -32.290             183             183
  107         359.709   -1385.272         359.709   -1385.272             107             107
  234       -1038.674    -559.139       -1038.674    -559.139             234             234
   72        -128.953    -651.121        -128.953    -651.121              72              72
  154         585.228    -751.301         585.228    -751.301             154             154
  102         930.891    -945.573         930.891    -945.573             102             102
  229        -343.119     372.872        -343.119     372.872             229             229
  134         918.044     -40.821         918.044     -40.821             134             134
   90         111.804    -181.001         111.804    -181.001              90              90
   19       -1099.796     184.603       -1099.796     184.603              19              19
  159         143.629     284.906         143.629     284.906             159             159
   76          85.605   -1097.842          85.605   -1097.842              76              76
  147         -19.786     321.702         -19.786     321.702             147             147
  206         411.145    -768.545         411.145    -768.545             206             206
  198       -1318.363   -1207.482       -1318.363   -1207.482             198             198
   28         211.484    -774.860         211.484    -774.860              28              28
   61         372.909     199.624         372.909     199.624              61              61
  124       -1953.131     -58.743       -1953.131     -58.743             124             124
  229         338.037   -1108.776         338.037   -1108.776             229             229
  226         -91.203    -160.759         -91.203    -160.759             226             226
   48        1060.882    -510.172        1060.882    -510.172              48              48
   62       -1004.762     599.741       -1004.762     599.741              62              62
   31        1101.074     320.586        1101.074     320.586              31              31
  151         147.166     790.341         147.166     790.341             151             151
  135           7.781     889.705           7.781     889.705             135             135
  214         196.854     100.714         196.854     100.714             214             214
  144        -444.910     479.567        -444.910     479.567             144             144
  115         524.597     977.086         524.597     977.086             115             115
  231          64.950     924.901          64.950     924.901             231             231
   65         871.876     412.703         871.876     412.703              65              65
   69         240.782    -931.278         240.782    -931.278              69              69
  158       -1211.447    1121.446       -1211.447    1121.446             158             158
  172         983.523     473.446         983.523     473.446             172             172
   48        2267.029    2094.559        2267.029    2094.559              48              48
  230          21.905     348.338          21.905     348.338             230             230
   71        1557.479    -265.224        1557.479    -265.224              71              71
  150       -1638.353   -1366.274       -1638.353   -1366.274             150             150
  204        -332.781    -185.199        -332.781    -185.199             204             204
  205          59.001    -242.989          59.001    -242.989             205             205
  241        -513.605     -15.556        -513.605     -15.556             241             241
  223         153.984     -34.321         153.984     -34.321             223             223
  108        -159.558     322.005        -159.558     322.005             108             108
   62       -1583.639     934.659       -1583.639     934.659              62              62
  115          66.335     -98.665          66.335     -98.665             115             115
   59         -57.747    -131.080         -57.747    -131.080              59              59
    5        1353.423      16.656        1353.423      16.656               5               5
  143        -189.532    -554.441        -189.532    -554.441             143             143
  120         629.123     575.487         629.123     575.487             120             120
  129        -961.229     239.504        -961.229     239.504             129             129
  117        -217.072   -1475.138        -217.072   -1475.138             117             117
   91         325.130    -216.495         325.130    -216.495              91              91
  178        -365.372     -12.746        -365.372     -12.746             178             178
  179       -1275.741     346.700       -1275.741     346.700             179             179
  123        -531.703     242.275        -531.703     242.275             123             123
   73         373.321    -486.398         373.321    -486.398              73              73
   59        -371.447   -1787.790        -371.447   -1787.790              59              59
   81        1211.774    -827.726        1211.774    -827.726              81              81
  218         928.386     588.388         928.386     588.388             218             218
  175        -383.056     876.185        -383.056     876.185             175             175
   56         385.661     197.821         385.661     197.821              56              56
   27        -619.336    1886.168        -619.336    1886.168              27              27
  245         121.942   -1470.201         121.942   -1470.201             245             245
  214        1205.396     455.344        1205.396     455.344             214             214
  199       -1249.356     934.718       -1249.356     934.718             199             199
   37         559.904     432.929         559.904     432.929              37              37
  189           8.686    -284.626           8.686    -284.626             189             189
   15        -271.086    1839.146        -271.086    1839.146              15              15
  188        -268.660     -50.498        -268.660     -50.498             188             188
  137         114.741    -747.042         114.741    -747.042             137             137
  220         461.739     142.236         461.739     142.236             220             220
  174         405.101    -739.096         405.101    -739.096             174             174
  105        -828.563   -1016.654        -828.563   -1016.654             105             105
   73       -1324.100    1946.175       -1324.100    1946.175              73              73
  237        1133.378     426.636        1133.378     426.636             237             237
  220        -343.860    1168.743        -343.860    1168.743             220             220
  132          59.973    -277.463          59.973    -277.463             132             132
  242       -1235.873    1144.592       -1235.873    1144.592             242             242
  108         399.900    -214.092         399.900    -214.092             108             108
  253        1105.394     234.529        1105.394     234.529             253             253
  115        -790.817     -39.498        -790.817     -39.498             115             115
  225       -1599.335     237.930       -1599.335     237.930             225             225
   88         412.493    -552.019         412.493    -552.019              88              88
   38        1491.123   -1566.966        1491.123   -1566.966              38              38
  149       -2079.942      35.392       -2079.942      35.392             149             149
  211        -633.129     780.538        -633.129     780.538             211             211
  112        -594.279    -177.769        -594.279    -177.769             112             112
  209        -292.786     782.193        -292.786     782.193             209             209
   37         461.272      60.875         461.272      60.875              37              37
   74       -1065.346     553.191       -1065.346     553.191              74              74
  129         707.515    -711.240         707.515    -711.240             129             129
   93         279.523    -956.742         279.523    -956.742              93              93
  101        -101.931    -258.391        -101.931    -258.391             101             101
  119        -649.243    -120.307        -649.243    -120.307             119             119
   52        -351.837     373.299        -351.837     373.299              52              52
   45        -432.673    -396.281        -432.673    -396.281              45              45
  157          29.302    2219.054          29.302    2219.054             157             157
  241        -600.096     300.852        -600.096     300.852             241             241
   60       -1933.956     559.586       -1933.956     559.586              60              60
   90        -363.853    1166.528        -363.853    1166.528              90              90
  123         -96.836    -371.540         -96.836    -371.540             123             123
   25         413.434    -318.107         413.434    -318.107              25              25
    8        -687.197   -1370.308        -687.197   -1370.308               8               8
