SINAL     NFT                         FFT                         NFT INVERSA     FFT INVERSA
-----     -----------------------     -----------------------     -----------     -----------
  154       33226.000       0.000       33226.000       0.000             154             154
  197         344.671      41.083         344.671      41.083             197             197
  187       -1439.081    1090.930       -1439.081    1090.930             187             187
  139         278.587    -273.296         278.587    -273.296             139             139
  130         208.254    -575.707         208.254    -575.707             130             130
  160        -745.106     496.352        -745.106     496.352             160             160
  186       -1021.221    -207.819       -1021.221    -207.819             186             186
  169         239.166   -1272.936         239.166   -1272.936             169             169
   45         103.445    -167.058         103.445    -167.058              45              45
   12         477.360    -922.675         477.360    -922.675              12              12
  137         706.491    -742.818         706.491    -742.818             137             137
  157         268.073    -463.707         268.073    -463.707             157             157
  167         445.678    -516.847         445.678    -516.847             167             167
   20        1665.411    1693.135        1665.411    1693.135              20              20
  250       -1900.919   -1134.116       -1900.919   -1134.116             250             250
   61         393.334    -873.620         393.334    -873.620              61              61
  159         -78.963      44.431         -78.963      44.431             159             159
  165        1643.850     319.831        1643.850     319.831             165             165
   12        1301.068    -963.889        1301.068    -963.889              12              12
  102         -74.219    -887.378         -74.219    -887.378             102             102
  131       -1268.061      72.925       -1268.061      72.925             131             131
  238         -10.868    -957.221         -10.868    -957.221             238             238
  152        -914.061     -55.849        -914.061     -55.849             152             152
   67        2074.752     760.639        2074.752     760.639              67              67
  149        -321.956    1178.232        -321.956    1178.232             149             149
  109         199.676   -1511.236         199.676   -1511.236             109             109
   20         -44.240   -1319.516         -44.240   -1319.516              20              20
   93        -569.045   -1322.105        -569.045   -1322.105              93              93
   50         532.494    -730.631         532.494    -730.631              50              50
  254       -2098.371      62.289       -2098.371      62.289             254             254
  205         909.174   -1132.001         909.174   -1132.001             205             205
  204        1321.107     514.835        1321.107     514.835             204             204
  196         106.804    1458.216         106.804    1458.216             196             196
  137        -272.794     637.978        -272.794     637.978             137             137
   87          -0.236    1042.183          -0.236    1042.183              87              87
   70         671.375    -563.191         671.375    -563.191              70              70
   41         774.334    -861.126         774.334    -861.126              41              41
   18        -347.570    -923.615        -347.570    -923.615              18              18
  240        -237.840     435.492        -237.840     435.492             240             240
   87          90.942     168.801          90.942     168.801              87              87
   30         930.580     -12.652         930.580     -12.652              30              30
  121        -168.117      12.090        -168.117      12.090             121             121
  244         722.153    -355.425         722.153    -355.425             244             244
  198         902.153    -386.510         902.153    -386.510             198             198
  142          79.919     -85.327          79.919     -85.327             142             142
  239         235.423    -364.405         235.423    -364.405             239             239
    4        1338.793     973.156        1338.793     973.156               4               4
   45         705.583     -76.806         705.583     -76.806              45              45
  148         983.303      52.029         983.303      52.029             148             148
   16         769.840    -761.017         769.840    -761.017              16              16
  148         962.868     633.862         962.868     633.862             148             148
   24         -56.399    -214.509         -56.399    -214.509              24              24
  255         651.984     479.970         651.984     479.970             255             255
   44        -382.253    -604.904        -382.253    -604.904              44              44
   91         807.067     796.873         807.067     796.873              91              91
  148        -955.745   -1447.620        -955.745   -1447.620             148             148
  154        -257.183    -269.565        -257.183    -269.565             154             154
  112        -487.730     564.738        -487.730     564.738             112             112
  241       -1800.056    1383.666       -1800.056    1383.666             241             241
  204         -33.501     292.133         -33.501     292.133             204             204
  110         345.092     -72.450         345.092     -72.450             110             110
  191       -1403.604     322.743       -1403.604     322.743             191             191
  153        1026.200    -432.290        1026.200    -432.290             153             153
   51        -181.564     133.739        -181.564     133.739              51              51
   72        -312.971   -1095.002        -312.971   -1095.002              72              72
  241        -737.724    1126.811        -737.724    1126.811             241             241
  122        -102.478    -401.916        -102.478    -401.916             122             122
  114         243.528    -288.756         243.528    -288.756             114             114
    3        1019.476    1380.549        1019.476    1380.549               3               3
  106       -1646.566     285.367       -1646.566     285.367             106             106
  202         178.643    1155.990         178.643    1155.990             202             202
   34         328.820   -1219.592         328.820   -1219.592              34              34
  228       -1016.242     878.249       -1016.242     878.249             228             228
  191         497.487    1496.502         497.487    1496.502             191             191
  233        1401.012    -573.632        1401.012    -573.632             233             233
  114         269.784   -1765.040         269.784   -1765.040             114             114
  174         320.406      78.004         320.406      78.004             174             174
  237        -569.211     109.388        -569.211     109.388             237             237
  159        -414.231    -185.764        -414.231    -185.764             159             159
   67         822.867    1199.382         822.867    1199.382              67              67
  254         -22.651   -1068.143         -22.651   -1068.143             254             254
   51         501.505    -431.565         501.505    -431.565              51              51
   92       -1697.734     600.758       -1697.734     600.758              92              92
  253        -587.588       5.040        -587.588       5.040             253             253
   96          31.693    -471.704          31.693    -471.704              96              96
  184        -328.551     223.337        -328.551     223.337             184             184
  145         349.148    1123.077         349.148    1123.077             145             145
  251         520.467    -414.960         520.467    -414.960             251             251
   40          25.394     218.534          25.394     218.534              40              40
  131         381.660     152.411         381.660     152.411             131             131
  200       -1156.592     274.222       -1156.592     274.222             200             200
  151        -170.536     607.840        -170.536     607.840             151             151
   66         383.409      49.636         383.409      49.636              66              66
   97         826.231    -146.905         826.231    -146.905              97              97
  202         -71.237      -7.863         -71.237      -7.863             202             202
  139         142.546     630.673         142.546     630.673             139             139
   82         555.095     274.208         555.095     274.208              82              82
   68        -130.397     -82.129        -130.397     -82.129              68              68
  253       -1964.184    -741.711       -1964.184    -741.711             253             253
   86         683.407    -431.832         683.407    -431.832              86              86
  175       -1296.328    -338.671       -1296.328    -338.671             175             175
  200        -708.993     193.094        -708.993     193.094             200             200
  121         608.612    1837.824         608.612    1837.824             121             121
  147         299.306     502.330         299.306     502.330             147             147
  135        -940.875      73.933        -940.875      73.933             135             135
   98        -169.366    1082.441        -169.366    1082.441              98              98
    5        -100.163    1587.111        -100.163    1587.111               5               5
   54        -769.158     582.213        -769.158     582.213              54              54
   80          13.686   -1369.438          13.686   -1369.438              80              80
  165         145.247    -938.987         145.247    -938.987             165             165
  122         136.329   -1713.518         136.329   -1713.518             122             122
   78        -332.788     440.805        -332.788     440.805              78              78
  217        -521.697     344.223        -521.697     344.223             217             217
  214        -550.206   -1164.632        -550.206   -1164.632             214             214
   75        1040.436    -523.135        1040.436    -523.135              75              75
   58         696.196   -2418.170         696.196   -2418.170              58              58
  142       -1189.552    -373.742       -1189.552    -373.742             142             142
  221         831.157    -405.726         831.157    -405.726             221             221
   53        2235.067    1014.093        2235.067    1014.093              53              53
  183        -840.101     829.885        -840.101     829.885             183             183
   97       -1371.470    1869.249       -1371.470    1869.249              97              97
  254           3.094    -311.640           3.094    -311.640             254             254
   78          46.160    2121.869          46.160    2121.869              78              78
  164        -613.566      42.458        -613.566      42.458             164             164
   95        -188.466     -88.582        -188.466     -88.582              95              95
   25        -270.121    -630.483        -270.121    -630.483              25              25
   47        -873.571      37.937        -873.571      37.937              47              47
  178         576.969    -320.217         576.969    -320.217             178             178
   94        1004.000       0.074        1004.000       0.074              94              94
   45         576.807     320.270         576.807     320.270              45              45
    8        -873.644     -38.133        -873.644     -38.133               8               8
   13        -270.233     630.354        -270.233     630.354              13              13
  245        -188.496      88.407        -188.496      88.407             245             245
  130        -613.545     -42.752        -613.545     -42.752             130             130
  161          46.541   -2121.938          46.541   -2121.938             161             161
  125           3.013     311.608           3.013     311.608             125             125
  228       -1371.121   -1869.505       -1371.121   -1869.505             228             228
  166        -839.748    -829.930        -839.748    -829.930             166             166
  179        2235.353   -1013.552        2235.353   -1013.552             179             179
   52         830.982     406.059         830.982     406.059              52              52
   76       -1189.635     373.726       -1189.635     373.726              76              76
   45         695.849    2418.336         695.849    2418.336              45              45
  131        1040.272     523.235        1040.272     523.235             131             131
   38        -550.507    1164.435        -550.507    1164.435              38              38
    4        -521.666    -344.421        -521.666    -344.421               4               4
  207        -332.696    -440.833        -332.696    -440.833             207             207
   96         136.055    1713.536         136.055    1713.536              96              96
  147         145.067     938.879         145.067     938.879             147             147
  172          13.400    1369.193          13.400    1369.193             172             172
  150        -769.084    -582.646        -769.084    -582.646             150             150
   74         -99.886   -1587.299         -99.886   -1587.299              74              74
   14        -169.204   -1082.506        -169.204   -1082.506              14              14
  148        -940.826     -74.130        -940.826     -74.130             148             148
  152         299.456    -502.374         299.456    -502.374             152             152
  178         608.877   -1837.705         608.877   -1837.705             178             178
  244        -709.036    -193.093        -709.036    -193.093             244             244
  178       -1296.338     338.525       -1296.338     338.525             178             178
  226         683.349     431.967         683.349     431.967             226             226
  166       -1964.263     741.334       -1964.263     741.334             166             166
   16        -130.232      82.008        -130.232      82.008              16              16
   15         555.250    -274.203         555.250    -274.203              15              15
  175         142.706    -630.682         142.706    -630.682             175             175
   29         -71.161       7.846         -71.161       7.846              29              29
    5         826.250     147.003         826.250     147.003               5               5
   50         383.382     -49.644         383.382     -49.644              50              50
  190        -170.488    -607.915        -170.488    -607.915             190             190
  130       -1156.501    -274.423       -1156.501    -274.423             130             130
   22         381.777    -152.357         381.777    -152.357              22              22
  101          25.485    -218.532          25.485    -218.532             101             101
   54         520.427     414.995         520.427     414.995              54              54
   75         349.305   -1123.046         349.305   -1123.046              75              75
  178        -328.543    -223.330        -328.543    -223.330             178             178
   99          31.587     471.726          31.587     471.726              99              99
  206        -587.627      -5.173        -587.627      -5.173             206             206
  216       -1697.535    -601.022       -1697.535    -601.022             216             216
  103         501.585     431.696         501.585     431.696             103             103
  157         -22.734    1068.060         -22.734    1068.060             157             157
   57         823.104   -1199.304         823.104   -1199.304              57              57
  250        -414.260     185.719        -414.260     185.719             250             250
   74        -569.103    -109.477        -569.103    -109.477              74              74
  207         320.535     -77.893         320.535     -77.893             207             207
   69         269.594    1765.047         269.594    1765.047              69              69
   88        1400.939     573.652        1400.939     573.652              88              88
  100         497.640   -1496.559         497.640   -1496.559             100             100
  222       -1016.120    -878.385       -1016.120    -878.385             222             222
   11         328.647    1219.596         328.647    1219.596              11              11
   88         178.789   -1156.063         178.789   -1156.063              88              88
  144       -1646.456    -285.680       -1646.456    -285.680             144             144
  237        1019.811   -1380.344        1019.811   -1380.344             237             237
  255         243.465     288.879         243.465     288.879             255             255
  160        -102.576     401.880        -102.576     401.880             160             160
  253        -737.521   -1126.895        -737.521   -1126.895             253             253
  175        -313.086    1094.993        -313.086    1094.993             175             175
  189        -181.452    -133.801        -181.452    -133.801             189             189
    3        1026.119     432.419        1026.119     432.419               3               3
  225       -1403.548    -323.032       -1403.548    -323.032             225             225
  124         345.143      72.458         345.143      72.458             124             124
  134         -33.487    -292.219         -33.487    -292.219             134             134
  247       -1799.777   -1383.966       -1799.777   -1383.966             247             247
  225        -487.475    -564.705        -487.475    -564.705             225             225
  188        -257.091     269.646        -257.091     269.646             188             188
   67        -955.788    1447.446        -955.788    1447.446              67              67
  148         807.391    -796.779         807.391    -796.779             148             148
   32        -382.192     604.831        -382.192     604.831              32              32
   18         652.237    -479.885         652.237    -479.885              18              18
  108         -56.261     214.492         -56.261     214.492             108             108
  136         963.151    -633.676         963.151    -633.676             136             136
  175         769.840     761.165         769.840     761.165             175             175
  165         983.408     -51.902         983.408     -51.902             165             165
  131         705.648      76.879         705.648      76.879             131             131
  250        1338.977    -972.914        1338.977    -972.914             250             250
  117         235.348     364.507         235.348     364.507             117             117
  200          79.957      85.368          79.957      85.368             200             200
   83         902.139     386.675         902.139     386.675              83              83
  217         722.078     355.523         722.078     355.523             217             217
  166        -168.100     -12.149        -168.100     -12.149             166             166
   94         930.590      12.787         930.590      12.787              94              94
   50          90.936    -168.794          90.936    -168.794              50              50
   54        -237.759    -435.474        -237.759    -435.474              54              54
   76        -347.641     923.607        -347.641     923.607              76              76
   49         774.274     861.200         774.274     861.200              49              49
  214         671.285     563.156         671.285     563.156             214             214
   74          -0.071   -1042.301          -0.071   -1042.301              74              74
  225        -272.641    -638.059        -272.641    -638.059             225             225
  148         107.151   -1458.136         107.151   -1458.136             148             148
   77        1321.229    -514.427        1321.229    -514.427              77              77
  194         908.856    1132.278         908.856    1132.278             194             194
   16       -2098.374     -62.562       -2098.374     -62.562              16              16
  211         532.469     730.831         532.469     730.831             211             211
  186        -569.201    1322.057        -569.201    1322.057             186             186
  242         -44.346    1319.465         -44.346    1319.465             242             242
  144         199.526    1511.084         199.526    1511.084             144             144
  253        -321.605   -1178.452        -321.605   -1178.452             253             253
  135        2074.921    -760.281        2074.921    -760.281             135             135
  176        -914.099      55.769        -914.099      55.769             176             176
   15         -10.976     957.232         -10.976     957.232              15              15
  243       -1267.913     -73.141       -1267.913     -73.141             243             243
   57         -74.105     887.371         -74.105     887.371              57              57
  191        1301.120     964.017        1301.120     964.017             191             191
  153        1643.953    -319.641        1643.953    -319.641             153             153
  188         -78.950     -44.444         -78.950     -44.444             188             188
  186         393.205     873.670         393.205     873.670             186             186
   14       -1900.935    1133.646       -1900.935    1133.646              14              14
  132        1665.927   -1692.926        1665.927   -1692.926             132             132
   13         445.696     516.980         445.696     516.980              13              13
  232         268.130     463.760         268.130     463.760             232             232
   43         706.498     742.919         706.498     742.919              43              43
  108         477.308     922.679         477.308     922.679             108             108
   26         103.533     167.001         103.533     167.001              26              26
   97         239.072    1272.863         239.072    1272.863              97              97
  185       -1021.060     207.463       -1021.060     207.463             185             185
   76        -744.658    -496.590        -744.658    -496.590              76              76
   56         208.614     575.645         208.614     575.645              56              56
    3         279.059     273.169         279.059     273.169               3               3
   45       -1438.018   -1091.283       -1438.018   -1091.283              45              45
  205         346.505     -41.061         346.505     -41.061             205             205
