SINAL     NFT                         FFT                         NFT INVERSA     FFT INVERSA
-----     -----------------------     -----------------------     -----------     -----------
  239       31872.000       0.000       31872.000       0.000             239             239
  123         547.300    -322.885         547.300    -322.885             123             123
   10        -440.793    -504.700        -440.793    -504.700              10              10
  222        -237.920    -411.758        -237.920    -411.758             222             222
   95       -1026.344     403.871       -1026.344     403.871              95              95
  248        -315.192     -84.436        -315.192     -84.436             248             248
  177        1246.957    -151.486        1246.957    -151.486             177             177
   32         196.637    -702.562         196.637    -702.562              32              32
  135        -441.154    -702.054        -441.154    -702.054             135             135
  146         183.864     400.704         183.864     400.704             146             146
  195         586.548     976.690         586.548     976.690             195             195
  176        -559.008      57.611        -559.008      57.611             176             176
   31         509.127    -884.125         509.127    -884.125              31              31
   40        -271.884   -1117.184        -271.884   -1117.184              40              40
   92        -422.438    -258.652        -422.438    -258.652              92              92
  198       -1197.032   -2484.543       -1197.032   -2484.543             198             198
   13         422.990      15.529         422.990      15.529              13              13
  226         643.787     654.345         643.787     654.345             226             226
  134        1424.910    -115.154        1424.910    -115.154             134             134
  136        -666.248    -463.458        -666.248    -463.458             136             136
   31         -60.623    1028.301         -60.623    1028.301              31              31
   93         304.009    -385.936         304.009    -385.936              93              93
  177         -60.187     -33.983         -60.187     -33.983             177             177
  184         346.654     -90.566         346.654     -90.566             184             184
  186        -182.966    -251.852        -182.966    -251.852             186             186
  224         432.949     794.549         432.949     794.549             224             224
   99         442.441     118.008         442.441     118.008              99              99
   61         506.132     814.263         506.132     814.263              61              61
  148        -114.899    1007.462        -114.899    1007.462             148             148
  229       -1172.198    1867.629       -1172.198    1867.629             229             229
   77        -585.707    -805.610        -585.707    -805.610              77              77
  131          -7.025     240.949          -7.025     240.949             131             131
   97        -859.683    -407.516        -859.683    -407.516              97              97
   87         520.594    -220.149         520.594    -220.149              87              87
   98        -169.118     -24.180        -169.118     -24.180              98              98
  193         378.754   -1719.795         378.754   -1719.795             193             193
   80        -963.643    -659.739        -963.643    -659.739              80              80
   19       -1255.549     897.379       -1255.549     897.379              19              19
  225         474.422    -872.437         474.422    -872.437             225             225
  216       -1146.941     884.777       -1146.941     884.777             216             216
  166        -585.004   -1355.326        -585.004   -1355.326             166             166
  165         518.833     813.801         518.833     813.801             165             165
  136        1177.840     693.396        1177.840     693.396             136             136
  198         -18.786     768.466         -18.786     768.466             198             198
  206        -221.522     904.664        -221.522     904.664             206             206
  229        2281.803     137.513        2281.803     137.513             229             229
  140         397.517     630.936         397.517     630.936             140             140
  219        -290.104    -126.258        -290.104    -126.258             219             219
  200         217.075     493.134         217.075     493.134             200             200
   18        -813.944      28.875        -813.944      28.875              18              18
  100         167.903    1293.395         167.903    1293.395             100             100
  231         271.469     612.974         271.469     612.974             231             231
  112         459.088     371.960         459.088     371.960             112             112
   21         -60.778   -1007.539         -60.778   -1007.539              21              21
  160         455.042    -173.172         455.042    -173.172             160             160
   43        1228.800     211.381        1228.800     211.381              43              43
  246        -997.242    -940.158        -997.242    -940.158             246             246
    3         412.105   -1982.278         412.105   -1982.278               3               3
  105          27.017     936.719          27.017     936.719             105             105
  139         405.913     511.041         405.913     511.041             139             139
  232         765.388    -858.279         765.388    -858.279             232             232
  182         338.098   -1305.625         338.098   -1305.625             182             182
   15       -1588.438    -364.689       -1588.438    -364.689              15              15
   74        -612.782    1301.681        -612.782    1301.681              74              74
   14        -743.946    -666.080        -743.946    -666.080              14              14
  113         166.679   -2792.493         166.679   -2792.493             113             113
   11        1414.858     929.379        1414.858     929.379              11              11
   94         422.974     422.826         422.974     422.826              94              94
  133       -1076.024    -372.350       -1076.024    -372.350             133             133
  237         340.022    1372.499         340.022    1372.499             237             237
   54         495.460     381.957         495.460     381.957              54              54
   43         132.005    -127.947         132.005    -127.947              43              43
  146        -381.345    -768.218        -381.345    -768.218             146             146
  191        1752.391    -395.299        1752.391    -395.299             191             191
  242         431.527    -394.339         431.527    -394.339             242             242
   97        -947.453      64.119        -947.453      64.119              97              97
  164         746.627   -1548.699         746.627   -1548.699             164             164
  126       -1417.100    -487.252       -1417.100    -487.252             126             126
   60        -380.079     319.236        -380.079     319.236              60              60
  108        1015.725    -338.416        1015.725    -338.416             108             108
  145        -163.832     901.330        -163.832     901.330             145             145
  161        1835.565    -247.654        1835.565    -247.654             161             161
   84         174.693    -854.686         174.693    -854.686              84              84
    2         712.934     -82.862         712.934     -82.862               2               2
  183       -1337.971    1348.795       -1337.971    1348.795             183             183
  244         402.823    -196.078         402.823    -196.078             244             244
   45         112.077     231.913         112.077     231.913              45              45
  173        1209.974    -441.914        1209.974    -441.914             173             173
  247         422.770    -403.093         422.770    -403.093             247             247
  150        1549.627     223.597        1549.627     223.597             150             150
   56          45.191    1587.442          45.191    1587.442              56              56
  224         -46.315    -386.510         -46.315    -386.510             224             224
   77        -451.366   -2288.056        -451.366   -2288.056              77              77
   72        1385.915    -274.157        1385.915    -274.157              72              72
   42        1193.329   -1024.548        1193.329   -1024.548              42              42
   91         166.037    -132.928         166.037    -132.928              91              91
  185        1705.701    -285.372        1705.701    -285.372             185             185
   54        1199.738    -237.713        1199.738    -237.713              54              54
  185        -953.941     438.599        -953.941     438.599             185             185
   62         121.661    -340.802         121.661    -340.802              62              62
   35         811.221     216.393         811.221     216.393              35              35
  240        1336.270     147.818        1336.270     147.818             240             240
  106        -282.777    -254.629        -282.777    -254.629             106             106
  182        -398.884    -605.897        -398.884    -605.897             182             182
  175         359.798    -395.007         359.798    -395.007             175             175
   92        1109.008    -930.791        1109.008    -930.791              92              92
   23         428.949     364.443         428.949     364.443              23              23
   84         641.673    -182.392         641.673    -182.392              84              84
  218        -942.743   -1742.024        -942.743   -1742.024             218             218
   84         778.325     635.521         778.325     635.521              84              84
  192         210.145   -1933.502         210.145   -1933.502             192             192
  108        -175.958     434.103        -175.958     434.103             108             108
  246        -904.298    -152.320        -904.298    -152.320             246             246
   20       -1332.323     295.203       -1332.323     295.203              20              20
  110        1608.515     343.197        1608.515     343.197             110             110
  173         -18.995    -237.660         -18.995    -237.660             173             173
    9        -483.472    -488.635        -483.472    -488.635               9               9
  155        -531.469    1337.744        -531.469    1337.744             155             155
   90        -178.764     378.183        -178.764     378.183              90              90
    0         809.133   -1349.710         809.133   -1349.710              -0              -0
   50          69.314     214.518          69.314     214.518              50              50
  147        -222.803     -50.054        -222.803     -50.054             147             147
  224         566.726    -131.085         566.726    -131.085             224             224
  127         532.202     118.537         532.202     118.537             127             127
  219         475.375    -726.327         475.375    -726.327             219             219
   11        -708.546    -903.136        -708.546    -903.136              11              11
  219         907.845     275.352         907.845     275.352             219             219
  148       -1641.238     577.145       -1641.238     577.145             148             148
   66        -740.000      -0.077        -740.000      -0.077              66              66
  148       -1641.027    -577.402       -1641.027    -577.402             148             148
  211         908.005    -275.104         908.005    -275.104             211             211
  102        -708.627     903.085        -708.627     903.085             102             102
  132         475.360     726.374         475.360     726.374             132             132
   62         532.269    -118.489         532.269    -118.489              62              62
   29         566.695     131.166         566.695     131.166              29              29
   52        -222.818      50.001        -222.818      50.001              52              52
  154          69.389    -214.477          69.389    -214.477             154             154
   53         808.890    1349.801         808.890    1349.801              53              53
  136        -178.764    -378.342        -178.764    -378.342             136             136
  117        -531.257   -1337.820        -531.257   -1337.820             117             117
  138        -483.499     488.620        -483.499     488.620             138             138
   73         -18.936     237.643         -18.936     237.643              73              73
  225        1608.531    -342.934        1608.531    -342.934             225             225
  128       -1332.355    -295.379       -1332.355    -295.379             128             128
   94        -904.243     152.224        -904.243     152.224              94              94
   80        -175.755    -434.016        -175.755    -434.016              80              80
   45         209.941    1933.576         209.941    1933.576              45              45
  103         778.472    -635.382         778.472    -635.382             103             103
  235        -942.956    1741.871        -942.956    1741.871             235             235
  135         641.782     182.404         641.782     182.404             135             135
  103         429.109    -364.377         429.109    -364.377             103             103
   30        1108.894     930.980        1108.894     930.980              30              30
   27         359.708     395.019         359.708     395.019              27              27
   72        -398.960     605.763        -398.960     605.763              72              72
  158        -282.688     254.488        -282.688     254.488             158             158
  246        1336.398    -147.670        1336.398    -147.670             246             246
   84         811.250    -216.285         811.250    -216.285              84              84
  121         121.580     340.788         121.580     340.788             121             121
  139        -953.758    -438.774        -953.758    -438.774             139             139
  150        1199.870     237.937        1199.870     237.937             150             150
   14        1705.677     285.666        1705.677     285.666              14              14
   95         166.014     132.986         166.014     132.986              95              95
  253        1193.179    1024.751        1193.179    1024.751             253             253
  147        1385.774     274.388        1385.774     274.388             147             147
  157        -451.839    2287.872        -451.839    2287.872             157             157
   26         -46.366     386.228         -46.366     386.228              26              26
  200          45.533   -1587.576          45.533   -1587.576             200             200
   55        1549.689    -223.334        1549.689    -223.334              55              55
   79         422.666     403.141         422.666     403.141              79              79
   80        1209.829     442.032        1209.829     442.032              80              80
  173         112.010    -231.984         112.010    -231.984             173             173
  217         402.681     196.042         402.681     196.042             217             217
  153       -1337.753   -1349.049       -1337.753   -1349.049             153             153
  143         712.992      83.049         712.992      83.049             143             143
   90         174.601     854.703         174.601     854.703              90              90
  247        1835.484     247.866        1835.484     247.866             247             247
  223        -163.778    -901.385        -163.778    -901.385             223             223
  135        1015.563     338.605        1015.563     338.605             135             135
   95        -380.180    -319.272        -380.180    -319.272              95              95
  203       -1417.184     487.082       -1417.184     487.082             203             203
   15         746.394    1548.781         746.394    1548.781              15              15
  198        -947.410     -64.373        -947.410     -64.373             198             198
  233         431.579     394.359         431.579     394.359             233             233
   42        1752.299     395.530        1752.299     395.530              42              42
   15        -381.557     768.044        -381.557     768.044              15              15
  136         131.977     127.810         131.977     127.810             136             136
   33         495.495    -382.022         495.495    -382.022              33              33
   99         340.167   -1372.471         340.167   -1372.471              99              99
    2       -1076.092     372.188       -1076.092     372.188               2               2
  173         423.126    -422.767         423.126    -422.767             173             173
  250        1414.970    -929.004        1414.970    -929.004             250             250
   16         166.062    2792.561         166.062    2792.561              16              16
   12        -744.161     665.759        -744.161     665.759              12              12
  247        -612.609   -1301.857        -612.609   -1301.857             247             247
  164       -1588.417     364.478       -1588.417     364.478             164             164
  170         338.038    1305.648         338.038    1305.648             170             170
   18         765.311     858.253         765.311     858.253              18              18
  108         406.002    -511.112         406.002    -511.112             108             108
  225          27.180    -936.680          27.180    -936.680             225             225
   98         411.759    1982.349         411.759    1982.349              98              98
  188        -997.336     939.812        -997.336     939.812             188             188
  143        1228.915    -211.338        1228.915    -211.338             143             143
   60         454.987     173.143         454.987     173.143              60              60
   86         -60.951    1007.349         -60.951    1007.349              86              86
   30         459.154    -372.116         459.154    -372.116              30              30
  150         271.545    -613.115         271.545    -613.115             150             150
   78         168.071   -1293.456         168.071   -1293.456              78              78
  253        -813.927     -29.060        -813.927     -29.060             253             253
   29         217.218    -493.162         217.218    -493.162              29              29
  173        -290.045     126.128        -290.045     126.128             173             173
  200         397.760    -630.959         397.760    -630.959             200             200
   45        2281.812    -137.217        2281.812    -137.217              45              45
  116        -221.477    -904.777        -221.477    -904.777             116             116
  178         -18.657    -768.487         -18.657    -768.487             178             178
   87        1177.913    -693.179        1177.913    -693.179              87              87
  131         518.817    -813.612         518.817    -813.612             131             131
   59        -585.376    1355.254        -585.376    1355.254              59              59
  121       -1146.819    -884.981       -1146.819    -884.981             121             121
  231         474.244     872.517         474.244     872.517             231             231
   61       -1255.440    -897.575       -1255.440    -897.575              61              61
   38        -963.662     659.665        -963.662     659.665              38              38
  225         378.554    1719.800         378.554    1719.800             225             225
   78        -169.076      24.016        -169.076      24.016              78              78
   51         520.556     220.140         520.556     220.140              51              51
  217        -859.749     407.247        -859.749     407.247             217             217
  242          -6.948    -241.073          -6.948    -241.073             242             242
  221        -585.819     805.313        -585.819     805.313             221             221
  235       -1171.769   -1868.001       -1171.769   -1868.001             235             235
   94        -114.543   -1007.506        -114.543   -1007.506              94              94
  191         506.415    -814.154         506.415    -814.154             191             191
   78         442.555    -117.917         442.555    -117.917              78              78
   27         433.137    -794.437         433.137    -794.437              27              27
   78        -182.942     251.877        -182.942     251.877              78              78
  138         346.715      90.634         346.715      90.634             138             138
  114         -60.120      33.976         -60.120      33.976             114             114
  109         304.018     385.945         304.018     385.945             109             109
   32         -60.388   -1028.305         -60.388   -1028.305              32              32
  193        -666.169     463.398        -666.169     463.398             193             193
  107        1425.029     115.384        1425.029     115.384             107             107
   62         643.912    -654.187         643.912    -654.187              62              62
  111         422.955     -15.294         422.955     -15.294             111             111
   51       -1197.420    2484.377       -1197.420    2484.377              51              51
  107        -422.341     258.498        -422.341     258.498             107             107
  227        -271.895    1117.065        -271.895    1117.065             227             227
  230         509.128     884.048         509.128     884.048             230             230
  195        -558.830     -57.894        -558.830     -57.894             195             195
  103         586.906    -976.688         586.906    -976.688             103             103
   33         184.083    -400.655         184.083    -400.655              33              33
   61        -441.058     701.986        -441.058     701.986              61              61
   78         196.809     702.517         196.809     702.517              78              78
   95        1247.157     151.587        1247.157     151.587              95              95
  100        -315.000      84.281        -315.000      84.281             100             100
   47       -1025.887    -404.100       -1025.887    -404.100              47              47
  173        -237.395     411.683        -237.395     411.683             173             173
  151        -439.974     504.541        -439.974     504.541             151             151
    9         548.981     322.850         548.981     322.850               9               9
