SINAL     NFT                         FFT                         NFT INVERSA     FFT INVERSA
-----     -----------------------     -----------------------     -----------     -----------
    0       32097.000       0.000       32097.000       0.000               0               0
  202        -915.680    1192.774        -915.680    1192.774             202             202
  155        1817.263   -1615.546        1817.263   -1615.546             155             155
   50        -221.433    -670.867        -221.433    -670.867              50              50
   49         655.558     170.043         655.558     170.043              49              49
  108        -843.319    -201.177        -843.319    -201.177             108             108
   74        -921.334    1190.558        -921.334    1190.558              74              74
  183        -870.080    1171.757        -870.080    1171.757             183             183
  194         494.078    -417.054         494.078    -417.054             194             194
  211       -1575.172      94.845       -1575.172      94.845             211             211
  149         522.610    -275.995         522.610    -275.995             149             149
    6         645.519    1208.907         645.519    1208.907               6               6
   20        -666.340     628.180        -666.340     628.180              20              20
  139         473.972      45.149         473.972      45.149             139             139
   68         -89.742     864.917         -89.742     864.917              68              68
  247        -267.507     689.896        -267.507     689.896             247             247
  183       -1797.963   -1158.744       -1797.963   -1158.744             183             183
  106        -249.128    -160.176        -249.128    -160.176             106             106
  199         943.225     403.544         943.225     403.544             199             199
  242       -1482.440    -518.335       -1482.440    -518.335             242             242
  205        -725.421   -1014.436        -725.421   -1014.436             205             205
   91        -594.896     -81.604        -594.896     -81.604              91              91
  215       -1575.252    1575.668       -1575.252    1575.668             215             215
  152       -1563.058     833.871       -1563.058     833.871             152             152
  129         371.853     901.909         371.853     901.909             129             129
   41         167.294   -1132.735         167.294   -1132.735              41              41
  103         -59.535     402.484         -59.535     402.484             103             103
   82       -1241.832     109.799       -1241.832     109.799              82              82
  243         755.219     130.802         755.219     130.802             243             243
  141         474.064    -744.549         474.064    -744.549             141             141
  190         561.160   -2027.993         561.160   -2027.993             190             190
  243        -825.739     -63.842        -825.739     -63.842             243             243
   88        -878.198     884.885        -878.198     884.885              88              88
   89        2906.257    -971.902        2906.257    -971.902              89              89
   38        1283.509     456.121        1283.509     456.121              38              38
  138       -1276.438   -1288.642       -1276.438   -1288.642             138             138
  197         996.381      83.636         996.381      83.636             197             197
  112         328.093   -2635.596         328.093   -2635.596             112             112
   65         953.131     222.982         953.131     222.982              65              65
  135        -142.368   -1675.676        -142.368   -1675.676             135             135
   68        -438.179     524.665        -438.179     524.665              68              68
  215        -951.877     668.800        -951.877     668.800             215             215
  142        -347.809    -952.058        -347.809    -952.058             142             142
   88        -724.648    -409.498        -724.648    -409.498              88              88
   98          74.663    -778.016          74.663    -778.016              98              98
  211         -69.024   -1677.425         -69.024   -1677.425             211             211
   80          19.360    -940.633          19.360    -940.633              80              80
   26        -472.359    1604.691        -472.359    1604.691              26              26
   62        -322.092     150.285        -322.092     150.285              62              62
   24        -212.707    -402.496        -212.707    -402.496              24              24
   12       -1028.358      99.041       -1028.358      99.041              12              12
   11        1262.997      88.578        1262.997      88.578              11              11
  116         -66.967    -978.758         -66.967    -978.758             116             116
  227        -224.265     779.929        -224.265     779.929             227             227
  164         451.367    -390.237         451.367    -390.237             164             164
  246        -561.246    -446.324        -561.246    -446.324             246             246
   12         283.529     122.465         283.529     122.465              12              12
   11        2242.669     225.465        2242.669     225.465              11              11
   72        -414.110   -1827.827        -414.110   -1827.827              72              72
    0        -475.498    -208.840        -475.498    -208.840              -0              -0
  153        -222.733    -588.734        -222.733    -588.734             153             153
    6        -997.260     903.637        -997.260     903.637               6               6
  244          62.792    -755.004          62.792    -755.004             244             244
  242         815.525    -182.087         815.525    -182.087             242             242
   95        -663.075    1397.978        -663.075    1397.978              95              95
   26         335.147    -187.988         335.147    -187.988              26              26
  124         142.577     109.997         142.577     109.997             124             124
   36       -1146.046    -287.179       -1146.046    -287.179              36              36
  139         667.043    -434.761         667.043    -434.761             139             139
  190        -160.524     144.332        -160.524     144.332             190             190
  172        -945.203   -1138.786        -945.203   -1138.786             172             172
  208        -471.353    -812.329        -471.353    -812.329             208             208
  149         -96.376     347.928         -96.376     347.928             149             149
   59         -79.128     105.005         -79.128     105.005              59              59
   40         -98.968     816.490         -98.968     816.490              40              40
  248        -824.852    -353.164        -824.852    -353.164             248             248
   14       -1077.364    -194.318       -1077.364    -194.318              14              14
  121       -1594.235     -19.244       -1594.235     -19.244             121             121
   18         776.495    1010.411         776.495    1010.411              18              18
   76         -41.838    -518.471         -41.838    -518.471              76              76
  145       -1460.849     657.325       -1460.849     657.325             145             145
   30         464.042   -1068.276         464.042   -1068.276              30              30
   87        -138.352   -1996.027        -138.352   -1996.027              87              87
    5        1443.190    -205.156        1443.190    -205.156               5               5
    2         135.120     356.288         135.120     356.288               2               2
  252         538.579    -192.350         538.579    -192.350             252             252
  251        -163.198     896.287        -163.198     896.287             251             251
   15       -1048.616   -1116.815       -1048.616   -1116.815              15              15
    8       -1639.482    -452.342       -1639.482    -452.342               8               8
   68        -162.929    1049.583        -162.929    1049.583              68              68
   15        -271.204   -1020.633        -271.204   -1020.633              15              15
  161       -1186.544     243.476       -1186.544     243.476             161             161
   74        -112.223    -304.483        -112.223    -304.483              74              74
    4        1573.056     158.882        1573.056     158.882               4               4
  148       -1028.802    -535.811       -1028.802    -535.811             148             148
  170        -372.637    -828.674        -372.637    -828.674             170             170
   30         714.065    2002.997         714.065    2002.997              30              30
   17       -1921.376     702.738       -1921.376     702.738              17              17
  207         515.216      -8.197         515.216      -8.197             207             207
  170         422.369     -16.972         422.369     -16.972             170             170
  207          60.302     264.705          60.302     264.705             207             207
  123        -822.467     441.416        -822.467     441.416             123             123
  122         320.890    -797.997         320.890    -797.997             122             122
  101         398.407   -1138.225         398.407   -1138.225             101             101
  183        -159.675   -1483.150        -159.675   -1483.150             183             183
  163         158.957    1505.938         158.957    1505.938             163             163
   93          -1.963     183.974          -1.963     183.974              93              93
  197         -36.647    -538.878         -36.647    -538.878             197             197
   28         103.056   -1330.885         103.056   -1330.885              28              28
  112         328.373    -240.435         328.373    -240.435             112             112
   18         385.509     338.270         385.509     338.270              18              18
  173        -735.320     171.280        -735.320     171.280             173             173
  143         396.841     588.441         396.841     588.441             143             143
  106        -309.075    -618.768        -309.075    -618.768             106             106
  179        -848.095    -279.320        -848.095    -279.320             179             179
  146         959.966    2084.258         959.966    2084.258             146             146
  102        -641.804      34.458        -641.804      34.458             102             102
  175         -39.256    -405.868         -39.256    -405.868             175             175
  161          11.738    -664.418          11.738    -664.418             161             161
  110         293.228     404.732         293.228     404.732             110             110
  243         632.351    -887.760         632.351    -887.760             243             243
  177       -1651.821    -494.085       -1651.821    -494.085             177             177
   16       -2010.799   -1248.999       -2010.799   -1248.999              16              16
   62         803.315   -1557.949         803.315   -1557.949              62              62
  181        1089.640     422.827        1089.640     422.827             181             181
  164        -336.987      78.977        -336.987      78.977             164             164
  232         -71.617    -832.869         -71.617    -832.869             232             232
  212        1080.912    -830.102        1080.912    -830.102             212             212
  181         645.000       0.158         645.000       0.158             181             181
  183        1080.705     830.440        1080.705     830.440             183             183
  126         -71.856     832.918         -71.856     832.918             126             126
  133        -336.990     -78.988        -336.990     -78.988             133             133
   51        1089.665    -422.492        1089.665    -422.492              51              51
  249         802.841    1558.222         802.841    1558.222             249             249
  234       -2011.165    1248.662       -2011.165    1248.662             234             234
  234       -1651.814     493.777       -1651.814     493.777             234             234
  156         632.312     887.800         632.312     887.800             156             156
   72         293.300    -404.728         293.300    -404.728              72              72
  176          11.607     664.401          11.607     664.401             176             176
  185         -39.351     405.774         -39.351     405.774             185             185
  185        -641.771     -34.701        -641.771     -34.701             185             185
  194         960.298   -2084.088         960.298   -2084.088             194             194
  102        -848.189     279.304        -848.189     279.304             102             102
   72        -309.138     618.730        -309.138     618.730              72              72
   44         396.943    -588.372         396.943    -588.372              44              44
   26        -735.270    -171.346        -735.270    -171.346              26              26
  218         385.619    -338.114         385.619    -338.114             218             218
  147         328.332     240.619         328.332     240.619             147             147
  201         102.812    1330.947         102.812    1330.947             201             201
  124         -36.753     538.810         -36.753     538.810             124             124
    1          -1.938    -184.041          -1.938    -184.041               1               1
  189         159.194   -1505.811         159.194   -1505.811             189             189
   45        -159.929    1483.263        -159.929    1483.263              45              45
   17         398.203    1138.271         398.203    1138.271              17              17
  251         320.679     797.940         320.679     797.940             251             251
  227        -822.432    -441.654        -822.432    -441.654             227             227
  181          60.367    -264.729          60.367    -264.729             181             181
  227         422.340      17.014         422.340      17.014             227             227
  184         515.086       8.220         515.086       8.220             184             184
  107       -1921.291    -703.126       -1921.291    -703.126             107             107
  155         714.431   -2002.770         714.431   -2002.770             155             155
   55        -372.828     828.780        -372.828     828.780              55              55
  240       -1028.832     535.676       -1028.832     535.676             240             240
  206        1573.083    -158.588        1573.083    -158.588             206             206
   48        -112.423     304.499        -112.423     304.499              48              48
  218       -1186.571    -243.621       -1186.571    -243.621             218             218
  185        -271.384    1020.588        -271.384    1020.588             185             185
  205        -162.819   -1049.592        -162.819   -1049.592             205             205
   35       -1639.571     452.169       -1639.571     452.169              35              35
  105       -1048.682    1116.620       -1048.682    1116.620             105             105
  134        -162.893    -896.329        -162.893    -896.329             134             134
  220         538.649     192.497         538.649     192.497             220             220
   44         135.255    -356.186         135.255    -356.186              44              44
  237        1443.140     205.547        1443.140     205.547             237             237
   37        -138.774    1996.051        -138.774    1996.051              37              37
   89         463.750    1068.224         463.750    1068.224              89              89
    7       -1460.799    -657.661       -1460.799    -657.661               7               7
    0         -41.890     518.402         -41.890     518.402              -0              -0
  236         776.569   -1010.313         776.569   -1010.313             236             236
  209       -1594.339      19.023       -1594.339      19.023             209             209
  124       -1077.366     194.157       -1077.366     194.157             124             124
  237        -824.825     352.994        -824.825     352.994             237             237
  142         -98.745    -816.507         -98.745    -816.507             142             142
  170         -79.064    -104.955         -79.064    -104.955             170             170
  255         -96.302    -347.841         -96.302    -347.841             255             255
  138        -471.483     812.353        -471.483     812.353             138             138
  142        -945.324    1138.616        -945.324    1138.616             142             142
  181        -160.382    -144.393        -160.382    -144.393             181             181
  109         667.000     434.864         667.000     434.864             109             109
   70       -1146.052     286.945       -1146.052     286.945              70              70
   32         142.704    -110.011         142.704    -110.011              32              32
    9         335.156     187.985         335.156     187.985               9               9
  125        -662.774   -1398.066        -662.774   -1398.066             125             125
   16         815.551     182.338         815.551     182.338              16              16
  215          62.628     755.034          62.628     755.034             215             215
  174        -997.088    -903.755        -997.088    -903.755             174             174
  235        -222.747     588.802        -222.747     588.802             235             235
  145        -475.428     208.854        -475.428     208.854             145             145
  123        -414.218    1827.750        -414.218    1827.750             123             123
   14        2242.792    -225.171        2242.792    -225.171              14              14
  250         283.469    -122.413         283.469    -122.413             250             250
    1        -561.326     446.239        -561.326     446.239               1               1
  235         451.320     390.270         451.320     390.270             235             235
   39        -224.132    -779.945        -224.132    -779.945              39              39
  238         -67.080     978.775         -67.080     978.775             238             238
   16        1262.964     -88.397        1262.964     -88.397              16              16
  128       -1028.414     -99.199       -1028.414     -99.199             128             128
  245        -212.761     402.459        -212.761     402.459             245             245
   16        -322.056    -150.374        -322.056    -150.374              16              16
  108        -472.050   -1604.651        -472.050   -1604.651             108             108
  199          19.250     940.849          19.250     940.849             199             199
  141         -69.278    1677.476         -69.278    1677.476             141             141
   90          74.527     777.994          74.527     777.994              90              90
   86        -724.709     409.351        -724.709     409.351              86              86
   55        -347.929     951.929        -347.929     951.929              55              55
   90        -951.682    -669.010        -951.682    -669.010              90              90
  224        -437.940    -524.631        -437.940    -524.631             224             224
  197        -142.465    1675.717        -142.465    1675.717             197             197
   15         953.303    -222.770         953.303    -222.770              15              15
   78         327.730    2635.628         327.730    2635.628              78              78
   12         996.407     -83.585         996.407     -83.585              12              12
   47       -1276.559    1288.322       -1276.559    1288.322              47              47
   87        1283.776    -456.007        1283.776    -456.007              87              87
  137        2906.010     972.295        2906.010     972.295             137             137
   64        -878.231    -885.100        -878.231    -885.100              64              64
   46        -825.736      63.771        -825.736      63.771              46              46
   55         560.865    2028.051         560.865    2028.051              55              55
   44         473.921     744.441         473.921     744.441              44              44
  191         755.133    -130.845         755.133    -130.845             191             191
  179       -1241.885    -110.132       -1241.885    -110.132             179             179
   59         -59.448    -402.561         -59.448    -402.561              59              59
  186         167.082    1132.627         167.082    1132.627             186             186
  180         371.886    -902.034         371.886    -902.034             180             180
   38       -1563.024    -834.232       -1563.024    -834.232              38              38
  225       -1574.943   -1575.903       -1574.943   -1575.903             225             225
  162        -594.816      81.620        -594.816      81.620             162             162
   54        -725.515    1014.333        -725.515    1014.333              54              54
   98       -1482.351     518.001       -1482.351     518.001              98              98
  152         943.444    -403.452         943.444    -403.452             152             152
   71        -249.142     160.119        -249.142     160.119              71              71
  207       -1798.033    1158.322       -1798.033    1158.322             207             207
   96        -267.163    -690.111        -267.163    -690.111              96              96
  212         -89.389    -864.999         -89.389    -864.999             212             212
   42         474.134     -45.124         474.134     -45.124              42              42
  182        -666.063    -628.364        -666.063    -628.364             182             182
   12         645.907   -1208.778         645.907   -1208.778              12              12
  132         522.639     276.128         522.639     276.128             132             132
  150       -1574.996     -95.115       -1574.996     -95.115             150             150
  210         494.230     417.067         494.230     417.067             210             210
  147        -869.678   -1171.967        -869.678   -1171.967             147             147
  228        -920.808   -1190.634        -920.808   -1190.634             228             228
  222        -842.881     201.142        -842.881     201.142             222             222
  195         656.125    -169.844         656.125    -169.844             195             195
   59        -220.886     670.916        -220.886     670.916              59              59
  104        1817.828    1615.772        1817.828    1615.772             104             104
    3        -913.851   -1193.012        -913.851   -1193.012               3               3
