SINAL     NFT                         FFT                         NFT INVERSA     FFT INVERSA
-----     -----------------------     -----------------------     -----------     -----------
   57       30004.000       0.000       30004.000       0.000              57              57
  194         436.360     771.218         436.360     771.218             194             194
   51        -968.001    -454.995        -968.001    -454.995              51              51
   75        -740.587      47.108        -740.587      47.108              75              75
  161        -199.455     113.391        -199.455     113.391             161             161
  175         740.559      11.521         740.559      11.521             175             175
  125        -846.365    -402.406        -846.365    -402.406             125             125
  163        1963.274     -72.452        1963.274     -72.452             163             163
   43          18.196    -626.978          18.196    -626.978              43              43
  162        -984.946    -540.608        -984.946    -540.608             162             162
   56         535.391     -41.784         535.391     -41.784              56              56
  136        -255.418   -1088.605        -255.418   -1088.605             136             136
  176         397.523    1308.683         397.523    1308.683             176             176
  166        -161.371    -730.510        -161.371    -730.510             166             166
   27         115.462    -378.739         115.462    -378.739              27              27
   13          10.676      43.801          10.676      43.801              13              13
  169        1385.028    2042.058        1385.028    2042.058             169             169
  220        -559.102   -1161.700        -559.102   -1161.700             220             220
   77        -402.611    -341.014        -402.611    -341.014              77              77
   68          27.757     413.401          27.757     413.401              68              68
   13         141.389     852.497         141.389     852.497              13              13
   77         149.295   -1051.957         149.295   -1051.957              77              77
  142         -83.071    1189.747         -83.071    1189.747             142             142
  122        -154.172     784.030        -154.172     784.030             122             122
  179        -264.525    -811.225        -264.525    -811.225             179             179
   61         327.691      72.708         327.691      72.708              61              61
   68         456.997    -211.937         456.997    -211.937              68              68
    9       -1419.761     841.867       -1419.761     841.867               9               9
  142         293.005     649.240         293.005     649.240             142             142
  110         846.497     272.191         846.497     272.191             110             110
  171       -1272.935     352.737       -1272.935     352.737             171             171
  199        -593.437     403.830        -593.437     403.830             199             199
   48        -325.423     705.208        -325.423     705.208              48              48
  222          56.487    1501.576          56.487    1501.576             222             222
   19        1368.959    -372.988        1368.959    -372.988              19              19
  210       -1431.653    -170.345       -1431.653    -170.345             210             210
  142       -1381.215      -9.980       -1381.215      -9.980             142             142
  144       -1276.942     214.697       -1276.942     214.697             144             144
  117        -682.085     -20.438        -682.085     -20.438             117             117
  186        -539.137     419.654        -539.137     419.654             186             186
   50        -614.233      66.435        -614.233      66.435              50              50
  174       -1297.511      75.849       -1297.511      75.849             174             174
   67         -56.534     999.158         -56.534     999.158              67              67
  226        1495.798     474.801        1495.798     474.801             226             226
   84        -189.790   -1529.198        -189.790   -1529.198              84              84
   95        1338.143   -1194.256        1338.143   -1194.256              95              95
  240         565.705    -699.590         565.705    -699.590             240             240
  254        -501.113     127.781        -501.113     127.781             254             254
   59        1404.005     179.236        1404.005     179.236              59              59
   61       -1405.012   -1032.328       -1405.012   -1032.328              61              61
   67         211.694   -1442.214         211.694   -1442.214              67              67
   73        -391.722    -415.635        -391.722    -415.635              73              73
  139         884.579     139.790         884.579     139.790             139             139
  209        -615.803     516.606        -615.803     516.606             209             209
  195       -1092.828     366.228       -1092.828     366.228             195             195
   63        -634.835    -479.417        -634.835    -479.417              63              63
   15        1105.280    -963.943        1105.280    -963.943              15              15
    7        -352.297     416.651        -352.297     416.651               7               7
   73         -70.797     608.845         -70.797     608.845              73              73
  157         597.824    -127.868         597.824    -127.868             157             157
  118         -94.413     -86.676         -94.413     -86.676             118             118
  244         722.498    -445.138         722.498    -445.138             244             244
  100         750.019   -1154.234         750.019   -1154.234             100             100
  167         396.840    -328.637         396.840    -328.637             167             167
  211        -133.007     -35.008        -133.007     -35.008             211             211
  119        1024.333    -582.986        1024.333    -582.986             119             119
  121        1041.877    -536.985        1041.877    -536.985             121             121
   97        -268.068    1104.663        -268.068    1104.663              97              97
    8        -502.065     -75.112        -502.065     -75.112               8               8
  239       -2177.038    -738.698       -2177.038    -738.698             239             239
   28       -2261.387      48.747       -2261.387      48.747              28              28
   58        1520.108    -320.888        1520.108    -320.888              58              58
  158        -621.602    -817.823        -621.602    -817.823             158             158
   95        -901.229   -1483.337        -901.229   -1483.337              95              95
   28         463.284    -133.743         463.284    -133.743              28              28
  243         794.564    -861.146         794.564    -861.146             243             243
  190         256.137     413.167         256.137     413.167             190             190
   12         423.895     584.096         423.895     584.096              12              12
  241        1630.684     -40.616        1630.684     -40.616             241             241
  249        -550.399      48.802        -550.399      48.802             249             249
   74       -1392.010     382.627       -1392.010     382.627              74              74
   53         192.563    -595.160         192.563    -595.160              53              53
   67         737.461    -996.125         737.461    -996.125              67              67
  214         104.012      71.209         104.012      71.209             214             214
    6         471.319    -179.557         471.319    -179.557               6               6
    6        -228.465    1366.347        -228.465    1366.347               6               6
   21        -985.278   -2140.934        -985.278   -2140.934              21              21
   22        -570.929     458.134        -570.929     458.134              22              22
   14         417.300     -81.135         417.300     -81.135              14              14
   95         210.977   -1272.349         210.977   -1272.349              95              95
  179        -888.683     416.276        -888.683     416.276             179             179
  133        -522.948     273.211        -522.948     273.211             133             133
   83        -223.406    1365.141        -223.406    1365.141              83              83
   24         817.516   -1076.185         817.516   -1076.185              24              24
   44       -1284.937    -206.917       -1284.937    -206.917              44              44
   38         348.957    -114.412         348.957    -114.412              38              38
  144        -264.610    -522.810        -264.610    -522.810             144             144
  166       -2495.865       2.098       -2495.865       2.098             166             166
  136        -467.184   -1564.926        -467.184   -1564.926             136             136
  152        -127.260      65.469        -127.260      65.469             152             152
  150         829.781     675.192         829.781     675.192             150             150
  164        -305.958   -1606.078        -305.958   -1606.078             164             164
  210        -174.228     939.052        -174.228     939.052             210             210
   52       -1902.806   -2327.026       -1902.806   -2327.026              52              52
    3         992.003    1223.073         992.003    1223.073               3               3
  239           7.863    -306.035           7.863    -306.035             239             239
   40        -974.797     445.725        -974.797     445.725              40              40
  193         308.816      20.257         308.816      20.257             193             193
  252         784.285    -659.695         784.285    -659.695             252             252
   26        2248.556    -199.136        2248.556    -199.136              26              26
  187        -916.058     510.320        -916.058     510.320             187             187
   70         635.264    -156.289         635.264    -156.289              70              70
   79        -745.129     -90.513        -745.129     -90.513              79              79
  254        -818.803    -322.999        -818.803    -322.999             254             254
   29        -744.253    -104.525        -744.253    -104.525              29              29
   86         132.751    -979.352         132.751    -979.352              86              86
    5        -468.301    -719.470        -468.301    -719.470               5               5
   51        2633.948    -448.920        2633.948    -448.920              51              51
  108        1329.176     959.092        1329.176     959.092             108             108
   20          78.330    -500.830          78.330    -500.830              20              20
  146        -480.352    -875.015        -480.352    -875.015             146             146
   31       -1024.221    -533.774       -1024.221    -533.774              31              31
  153        -964.319    -403.726        -964.319    -403.726             153             153
  229         609.710    -659.646         609.710    -659.646             229             229
   56          24.660     184.104          24.660     184.104              56              56
  198         589.606    -538.065         589.606    -538.065             198             198
   12         873.774    -705.027         873.774    -705.027              12              12
  200         154.004    -713.998         154.004    -713.998             200             200
  108       -1782.000      -0.047       -1782.000      -0.047             108             108
  149         154.014     714.187         154.014     714.187             149             149
   96         873.705     705.266         873.705     705.266              96              96
    2         589.480     538.209         589.480     538.209               2               2
   57          24.646    -184.026          24.646    -184.026              57              57
   50         609.511     659.837         609.511     659.837              50              50
   55        -964.473     403.624        -964.473     403.624              55              55
   61       -1024.271     533.660       -1024.271     533.660              61              61
   33        -480.374     874.944        -480.374     874.944              33              33
   95          78.415     500.786          78.415     500.786              95              95
  255        1329.470    -958.846        1329.470    -958.846             255             255
   30        2633.771     449.467        2633.771     449.467              30              30
  122        -468.614     719.450        -468.614     719.450             122             122
  186         132.464     979.360         132.464     979.360             186             186
  100        -744.371     104.362        -744.371     104.362             100             100
  201        -818.873     322.839        -818.873     322.839             201             201
  185        -745.070      90.364        -745.070      90.364             185             185
  130         635.290     156.366         635.290     156.366             130             130
   31        -915.868    -510.462        -915.868    -510.462              31              31
  191        2248.581     199.569        2248.581     199.569             191             191
  181         784.045     659.828         784.045     659.828             181             181
  139         308.655     -20.241         308.655     -20.241             139             139
  211        -974.816    -445.870        -974.816    -445.870             211             211
   71           7.799     306.058           7.799     306.058              71              71
  171         992.071   -1222.783         992.071   -1222.783             171             171
  109       -1903.295    2326.769       -1903.295    2326.769             109             109
   45        -174.041    -939.081        -174.041    -939.081              45              45
  227        -306.202    1606.035        -306.202    1606.035             227             227
   51         829.854    -675.088         829.854    -675.088              51              51
   58        -127.378     -65.398        -127.378     -65.398              58              58
  171        -467.598    1564.863        -467.598    1564.863             171             171
  159       -2495.868      -2.565       -2495.868      -2.565             159             159
  207        -264.568     522.738        -264.568     522.738             207             207
   12         348.962     114.434         348.962     114.434              12              12
  162       -1284.913     206.689       -1284.913     206.689             162             162
    9         817.400    1076.218         817.400    1076.218               9               9
   63        -223.206   -1365.258        -223.206   -1365.258              63              63
  218        -522.908    -273.253        -522.908    -273.253             218             218
   70        -888.546    -416.328        -888.546    -416.328              70              70
   97         210.852    1272.430         210.852    1272.430              97              97
   58         417.286      81.168         417.286      81.168              58              58
   69        -570.876    -458.169        -570.876    -458.169              69              69
  127        -985.570    2140.720        -985.570    2140.720             127             127
  180        -228.105   -1366.471        -228.105   -1366.471             180             180
    0         471.382     179.679         471.382     179.679              -0              -0
  228         104.085     -71.141         104.085     -71.141             228             228
  125         737.310     996.267         737.310     996.267             125             125
  186         192.398     595.117         192.398     595.117             186             186
  102       -1391.925    -382.920       -1391.925    -382.920             102             102
  157        -550.208     -48.905        -550.208     -48.905             157             157
  121        1630.784      40.869        1630.784      40.869             121             121
   27         423.977    -584.011         423.977    -584.011              27              27
   41         256.206    -413.019         256.206    -413.019              41              41
   77         794.383     861.369         794.383     861.369              77              77
   99         463.141     133.893         463.141     133.893              99              99
  212        -901.566    1483.217        -901.566    1483.217             212             212
  186        -621.712     817.649        -621.712     817.649             186             186
  145        1519.941     321.061        1519.941     321.061             145             145
  184       -2261.530     -49.165       -2261.530     -49.165             184             184
  237       -2177.049     738.280       -2177.049     738.280             237             237
  204        -501.862      74.922        -501.862      74.922             204             204
  100        -267.660   -1104.709        -267.660   -1104.709             100             100
  141        1041.961     537.224        1041.961     537.224             141             141
  156        1024.280     583.150        1024.280     583.150             156             156
  112        -132.980      34.977        -132.980      34.977             112             112
   48         396.858     328.730         396.858     328.730              48              48
  165         749.863    1154.328         749.863    1154.328             165             165
  175         722.396     445.158         722.396     445.158             175             175
   10         -94.449      86.568         -94.449      86.568              10              10
  236         597.777     127.876         597.777     127.876             236             236
   17         -70.745    -608.909         -70.745    -608.909              17              17
   69        -352.216    -416.667        -352.216    -416.667              69              69
   49        1105.070     964.143        1105.070     964.143              49              49
  144        -635.026     479.227        -635.026     479.227             144             144
  249       -1092.766    -366.485       -1092.766    -366.485             249             249
   49        -615.612    -516.705        -615.612    -516.705              49              49
  116         884.653    -139.575         884.653    -139.575             116             116
  119        -391.793     415.659        -391.793     415.659             119             119
  235         211.451    1442.262         211.451    1442.262             235             235
  218       -1405.092    1031.984       -1405.092    1031.984             218             218
   20        1404.127    -179.106        1404.127    -179.106              20              20
  101        -501.058    -127.879        -501.058    -127.879             101             101
  246         565.678     699.691         565.678     699.691             246             246
   61        1337.925    1194.420        1337.925    1194.420              61              61
  178        -190.084    1528.960        -190.084    1528.960             178             178
   90        1495.788    -474.801        1495.788    -474.801              90              90
   18         -56.573    -999.290         -56.573    -999.290              18              18
  109       -1297.618     -76.128       -1297.618     -76.128             109             109
  236        -614.255     -66.624        -614.255     -66.624             236             236
  203        -539.102    -419.813        -539.102    -419.813             203             203
   90        -682.130      20.265        -682.130      20.265              90              90
  184       -1276.909    -214.974       -1276.909    -214.974             184             184
   47       -1381.133       9.692       -1381.133       9.692              47              47
  232       -1431.458     170.023       -1431.458     170.023             232             232
   84        1369.065     373.052        1369.065     373.052              84              84
  160          56.754   -1501.694          56.754   -1501.694             160             160
   25        -325.286    -705.279        -325.286    -705.279              25              25
  250        -593.328    -403.940        -593.328    -403.940             250             250
   80       -1272.725    -352.967       -1272.725    -352.967              80              80
   35         846.695    -272.079         846.695    -272.079              35              35
  230         293.131    -649.212         293.131    -649.212             230             230
   97       -1419.520    -842.057       -1419.520    -842.057              97              97
  105         457.127     212.070         457.127     212.070             105             105
   24         327.783     -72.626         327.783     -72.626              24              24
  241        -264.586     811.132        -264.586     811.132             241             241
   98        -153.936    -784.140        -153.936    -784.140              98              98
   74         -82.754   -1189.703         -82.754   -1189.703              74              74
  101         149.233    1052.005         149.233    1052.005             101             101
  218         141.627    -852.505         141.627    -852.505             218             218
   53          27.908    -413.335          27.908    -413.335              53              53
   64        -402.560     341.007        -402.560     341.007              64              64
  238        -559.095    1161.517        -559.095    1161.517             238             238
  155        1385.524   -2041.863        1385.524   -2041.863             155             155
   55          10.754     -43.681          10.754     -43.681              55              55
   44         115.499     378.828         115.499     378.828              44              44
   77        -161.363     730.456        -161.363     730.456              77              77
  145         397.872   -1308.577         397.872   -1308.577             145             145
   63        -255.458    1088.641        -255.458    1088.641              63              63
  187         535.516      41.884         535.516      41.884             187             187
  126        -984.853     540.461        -984.853     540.461             126             126
   10          18.408     626.947          18.408     626.947              10              10
   21        1963.460      72.736        1963.460      72.736              21              21
   54        -846.249     402.215        -846.249     402.215              54              54
   57         740.836     -11.460         740.836     -11.460              57              57
  254        -199.142    -113.465        -199.142    -113.465             254             254
  139        -740.106     -47.252        -740.106     -47.252             139             139
  218        -967.235     454.773        -967.235     454.773             218             218
   23         438.140    -771.183         438.140    -771.183              23              23
