SINAL     NFT                         FFT                         NFT INVERSA     FFT INVERSA
-----     -----------------------     -----------------------     -----------     -----------
   96       32426.000       0.000       32426.000       0.000              96              96
   67       -1212.865    -445.911       -1212.865    -445.911              67              67
   51          89.789    -581.911          89.789    -581.911              51              51
  218       -1406.316    -561.057       -1406.316    -561.057             218             218
  244        1195.946     158.191        1195.946     158.191             244             244
   87          23.206     344.780          23.206     344.780              87              87
   39         589.391    1010.360         589.391    1010.360              39              39
   66       -1614.817   -1941.837       -1614.817   -1941.837              66              66
  234        -247.275    -933.475        -247.275    -933.475             234             234
  144         905.980      -7.632         905.980      -7.632             144             144
  180         190.821    -134.053         190.821    -134.053             180             180
  191        -514.247    -350.637        -514.247    -350.637             191             191
  184         582.556     572.281         582.556     572.281             184             184
    5        -873.820    -777.418        -873.820    -777.418               5               5
  160          16.717     419.276          16.717     419.276             160             160
   14         100.636     318.346         100.636     318.346              14              14
   85       -1527.099   -1431.165       -1527.099   -1431.165              85              85
  136        -551.460     230.012        -551.460     230.012             136             136
  135        -652.450    -428.282        -652.450    -428.282             135             135
  120        -512.563     254.985        -512.563     254.985             120             120
   83        1922.213     363.342        1922.213     363.342              83              83
  128        -284.544     645.364        -284.544     645.364             128             128
  226         132.674     106.247         132.674     106.247             226             226
   11        -908.816    -335.144        -908.816    -335.144              11              11
  221       -1163.699    -271.108       -1163.699    -271.108             221             221
   97        2297.488    -702.204        2297.488    -702.204              97              97
   72         824.443    -560.471         824.443    -560.471              72              72
   90       -1217.692     -23.792       -1217.692     -23.792              90              90
  181         404.671    -503.640         404.671    -503.640             181             181
  198         352.369    -320.820         352.369    -320.820             198             198
   56        2388.224    -524.397        2388.224    -524.397              56              56
   21        -218.725      -6.879        -218.725      -6.879              21              21
    9        -592.227   -1157.262        -592.227   -1157.262               9               9
  108       -1032.789     451.019       -1032.789     451.019             108             108
  240        -325.194     313.368        -325.194     313.368             240             240
  253       -1187.265    -172.615       -1187.265    -172.615             253             253
  196         829.031     683.486         829.031     683.486             196             196
   23         476.585     -16.813         476.585     -16.813              23              23
   64         298.899    -363.781         298.899    -363.781              64              64
  175       -1086.798     134.388       -1086.798     134.388             175             175
  168       -1443.032     180.849       -1443.032     180.849             168             168
  244        -446.658     176.878        -446.658     176.878             244             244
  110       -1544.237    2128.957       -1544.237    2128.957             110             110
   96         252.270     603.810         252.270     603.810              96              96
  249         545.537    -329.948         545.537    -329.948             249             249
   14         293.301    1572.365         293.301    1572.365              14              14
  111         -96.375    -517.282         -96.375    -517.282             111             111
   79       -1160.306    -840.691       -1160.306    -840.691              79              79
  151        -396.404     288.918        -396.404     288.918             151             151
  246        -658.157    -338.426        -658.157    -338.426             246             246
  199       -1135.225     344.516       -1135.225     344.516             199             199
  235         270.235    1245.671         270.235    1245.671             235             235
  118        1393.500     113.763        1393.500     113.763             118             118
  170        1834.995    -771.482        1834.995    -771.482             170             170
  247       -1457.088     867.894       -1457.088     867.894             247             247
   84        1081.311     224.005        1081.311     224.005              84              84
   11         457.311    1245.601         457.311    1245.601              11              11
   63       -1460.219    1765.541       -1460.219    1765.541              63              63
  175        2119.529     813.982        2119.529     813.982             175             175
  192        -588.278     -71.507        -588.278     -71.507             192             192
    5        -206.711    1253.384        -206.711    1253.384               5               5
  231        -698.119     955.733        -698.119     955.733             231             231
  214         846.966    -677.248         846.966    -677.248             214             214
   15         903.503    1691.116         903.503    1691.116              15              15
   83       -1313.990    -770.095       -1313.990    -770.095              83              83
  198        -414.396     665.906        -414.396     665.906             198             198
   13         296.130     220.162         296.130     220.162              13              13
   24         -27.167    -821.226         -27.167    -821.226              24              24
  222       -1246.718     255.599       -1246.718     255.599             222             222
   77        -338.812    -310.415        -338.812    -310.415              77              77
  199         825.822     303.499         825.822     303.499             199             199
  134         933.471    -116.266         933.471    -116.266             134             134
   65         877.208    -423.316         877.208    -423.316              65              65
   53        -599.153    -916.105        -599.153    -916.105              53              53
  231        -859.700    -315.470        -859.700    -315.470             231             231
   59        1385.628     150.640        1385.628     150.640              59              59
   68        -671.527   -3509.002        -671.527   -3509.002              68              68
   87        -139.739      36.268        -139.739      36.268              87              87
  138        -352.468   -1437.765        -352.468   -1437.765             138             138
  219        1304.239    1306.930        1304.239    1306.930             219             219
   77         -59.688     449.956         -59.688     449.956              77              77
   82       -1877.617    -866.946       -1877.617    -866.946              82              82
  198        1174.165    -149.305        1174.165    -149.305             198             198
  196         620.323     333.442         620.323     333.442             196             196
  252          12.947    -790.508          12.947    -790.508             252             252
  190          98.969    -520.870          98.969    -520.870             190             190
   25         174.713    1568.616         174.713    1568.616              25              25
    8         802.648     -60.340         802.648     -60.340               8               8
  253         676.447    -280.389         676.447    -280.389             253             253
  200       -1150.008     653.054       -1150.008     653.054             200             200
  201        -743.153     580.733        -743.153     580.733             201             201
    3         878.489    -169.967         878.489    -169.967               3               3
  176        -367.437    -432.315        -367.437    -432.315             176             176
  159         107.722     803.683         107.722     803.683             159             159
   18         967.887    -568.045         967.887    -568.045              18              18
    4         432.312    -961.706         432.312    -961.706               4               4
  102          10.215    -367.264          10.215    -367.264             102             102
   31        -532.274    -688.884        -532.274    -688.884              31              31
   28         104.060    -514.749         104.060    -514.749              28              28
   69         613.689     852.640         613.689     852.640              69              69
  108        -151.578     -58.553        -151.578     -58.553             108             108
  227        -867.581   -1246.006        -867.581   -1246.006             227             227
  204        -469.771     845.489        -469.771     845.489             204             204
  174       -1613.670     480.013       -1613.670     480.013             174             174
   25        -418.492    1589.134        -418.492    1589.134              25              25
  179         220.931   -1458.166         220.931   -1458.166             179             179
  233        1403.091     413.487        1403.091     413.487             233             233
   93        -294.956   -1280.474        -294.956   -1280.474              93              93
   10          -5.105     -73.916          -5.105     -73.916              10              10
  116          64.438   -1066.767          64.438   -1066.767             116             116
   56        1030.066     660.625        1030.066     660.625              56              56
   88        -534.817     208.089        -534.817     208.089              88              88
  198       -1748.897     169.740       -1748.897     169.740             198             198
  255       -1227.396    -666.623       -1227.396    -666.623             255             255
   29         402.698    -874.463         402.698    -874.463              29              29
  195       -1134.409    -227.066       -1134.409    -227.066             195             195
  190         -33.784    -366.192         -33.784    -366.192             190             190
   54         607.770    -354.112         607.770    -354.112              54              54
  204         -84.542   -2029.446         -84.542   -2029.446             204             204
  187          67.266      27.968          67.266      27.968             187             187
  254         365.471    -624.666         365.471    -624.666             254             254
  149         106.888     738.268         106.888     738.268             149             149
  190         372.816    -183.553         372.816    -183.553             190             190
  175        -304.132      97.149        -304.132      97.149             175             175
   53        -139.284     470.244        -139.284     470.244              53              53
  209        1431.793    -207.642        1431.793    -207.642             209             209
  179         639.429     449.082         639.429     449.082             179             179
  155        1006.272     823.899        1006.272     823.899             155             155
  240        1166.000       0.054        1166.000       0.054             240             240
  207        1006.362    -823.760        1006.362    -823.760             207             207
  225         639.451    -448.925         639.451    -448.925             225             225
   93        1431.636     207.916        1431.636     207.916              93              93
  178        -139.365    -470.234        -139.365    -470.234             178             178
  173        -304.184     -97.131        -304.184     -97.131             173             173
   12         372.737     183.659         372.737     183.659              12              12
  203         106.951    -738.156         106.951    -738.156             203             203
   97         365.296     624.851         365.296     624.851              97              97
  245          67.186     -27.823          67.186     -27.823             245             245
   41         -84.942    2029.485         -84.942    2029.485              41              41
  108         607.617     354.159         607.617     354.159             108             108
  106         -34.002     366.163         -34.002     366.163             106             106
   98       -1134.529     226.878       -1134.529     226.878              98              98
  196         402.468     874.512         402.468     874.512             196             196
   48       -1227.619     666.327       -1227.619     666.327              48              48
   97       -1748.822    -170.122       -1748.822    -170.122              97              97
  226        -534.618    -208.223        -534.618    -208.223             226             226
  244        1030.261    -660.408        1030.261    -660.408             244             244
   31          64.252    1066.814          64.252    1066.814              31              31
   24          -5.115      73.908          -5.115      73.908              24              24
  192        -295.117    1280.363        -295.117    1280.363             192             192
  219        1403.147    -413.326        1403.147    -413.326             219             219
   23         220.550    1458.067         220.550    1458.067              23              23
   85        -418.368   -1589.344        -418.368   -1589.344              85              85
  154       -1613.626    -480.280       -1613.626    -480.280             154             154
  198        -469.580    -845.486        -469.580    -845.486             198             198
  139        -867.709    1245.903        -867.709    1245.903             139             139
  107        -151.462      58.460        -151.462      58.460             107             107
  121         613.900    -852.515         613.900    -852.515             121             121
   39         103.977     514.841         103.977     514.841              39              39
   92        -532.346     688.805        -532.346     688.805              92              92
   73          10.248     367.256          10.248     367.256              73              73
    8         432.233     961.726         432.233     961.726               8               8
  186         967.797     568.071         967.797     568.071             186             186
  251         107.808    -803.747         107.808    -803.747             251             251
  181        -367.501     432.216        -367.501     432.216             181             181
  198         878.430     170.015         878.430     170.015             198             198
  199        -743.118    -580.940        -743.118    -580.940             199             199
   23       -1149.810    -653.249       -1149.810    -653.249              23              23
  188         676.527     280.502         676.527     280.502             188             188
  240         802.662      60.405         802.662      60.405             240             240
  131         174.960   -1568.553         174.960   -1568.553             131             131
   38          98.882     520.999          98.882     520.999              38              38
   82          12.840     790.509          12.840     790.509              82              82
   72         620.396    -333.352         620.396    -333.352              72              72
   87        1174.020     149.538        1174.020     149.538              87              87
  180       -1877.818     866.600       -1877.818     866.600             180             180
   42         -59.496    -450.028         -59.496    -450.028              42              42
   76        1304.462   -1306.602        1304.462   -1306.602              76              76
  212        -352.771    1437.837        -352.771    1437.837             212             212
   67        -139.747     -36.175        -139.747     -36.175              67              67
   12        -672.053    3508.851        -672.053    3508.851              12              12
  176        1385.652    -150.601        1385.652    -150.601             176             176
   91        -859.804     315.247        -859.804     315.247              91              91
   98        -599.216     915.898        -599.216     915.898              98              98
   74         877.227     423.308         877.227     423.308              74              74
   34         933.439     116.269         933.439     116.269              34              34
  237         825.763    -303.472         825.763    -303.472             237             237
  182        -339.004     310.257        -339.004     310.257             182             182
  156       -1246.698    -255.897       -1246.698    -255.897             156             156
   20         -27.254     821.097         -27.254     821.097              20              20
   19         296.157    -220.292         296.157    -220.292              19              19
  229        -414.322    -666.083        -414.322    -666.083             229             229
   29       -1314.031     769.714       -1314.031     769.714              29              29
  206         903.903   -1691.093         903.903   -1691.093             206             206
  225         846.819     677.289         846.819     677.289             225             225
  211        -697.992    -956.019        -697.992    -956.019             211             211
  148        -206.463   -1253.482        -206.463   -1253.482             148             148
  169        -588.172      71.338        -588.172      71.338             169             169
  234        2119.663    -813.761        2119.663    -813.761             234             234
   81       -1459.959   -1765.834       -1459.959   -1765.834              81              81
  153         457.613   -1245.455         457.613   -1245.455             153             153
  109        1081.316    -223.756        1081.316    -223.756             109             109
  119       -1456.893    -868.054       -1456.893    -868.054             119             119
  236        1834.957     771.833        1834.957     771.833             236             236
  182        1393.400    -113.594        1393.400    -113.594             182             182
  207         270.236   -1245.623         270.236   -1245.623             207             207
  161       -1135.305    -344.617       -1135.305    -344.617             161             161
  225        -658.251     338.362        -658.251     338.362             225             225
   27        -396.387    -288.947        -396.387    -288.947              27              27
  118       -1160.417     840.498       -1160.417     840.498             118             118
   37         -96.373     517.136         -96.373     517.136              37              37
   40         293.610   -1572.380         293.610   -1572.380              40              40
   38         545.455     330.022         545.455     330.022              38              38
  128         252.250    -603.866         252.250    -603.866             128             128
  138       -1543.948   -2129.177       -1543.948   -2129.177             138             138
  113        -446.625    -176.815        -446.625    -176.815             113             113
  163       -1442.959    -180.999       -1442.959    -180.999             163             163
  120       -1086.610    -134.481       -1086.610    -134.481             120             120
   40         299.012     363.885         299.012     363.885              40              40
   63         476.678      16.896         476.678      16.896              63              63
  141         829.123    -683.301         829.123    -683.301             141             141
   59       -1187.308     172.483       -1187.308     172.483              59              59
   36        -325.080    -313.367        -325.080    -313.367              36              36
  170       -1032.611    -451.063       -1032.611    -451.063             170             170
   10        -592.230    1157.252        -592.230    1157.252              10              10
    6        -218.458       6.873        -218.458       6.873               6               6
  125        2388.272     524.839        2388.272     524.839             125             125
  158         352.295     320.899         352.295     320.899             158             158
  175         404.562     503.710         404.562     503.710             175             175
  103       -1217.617      23.599       -1217.617      23.599             103             103
  240         824.519     560.628         824.519     560.628             240             240
   73        2297.314     702.557        2297.314     702.557              73              73
  213       -1163.867     270.854       -1163.867     270.854             213             213
  103        -908.811     334.917        -908.811     334.917             103             103
   53         132.792    -106.314         132.792    -106.314              53              53
  140        -284.309    -645.451        -284.309    -645.451             140             140
   55        1922.288    -363.002        1922.288    -363.002              55              55
  215        -512.616    -255.018        -512.616    -255.018             215             215
  109        -652.532     428.210        -652.532     428.210             109             109
   82        -551.402    -230.053        -551.402    -230.053              82              82
   77       -1527.217    1430.896       -1527.217    1430.896              77              77
  146         100.869    -318.410         100.869    -318.410             146             146
  122          16.902    -419.258          16.902    -419.258             122             122
  115        -873.783     777.263        -873.783     777.263             115             115
   19         582.827    -572.197         582.827    -572.197              19              19
    5        -514.141     350.579        -514.141     350.579               5               5
  229         191.016     134.093         191.016     134.093             229             229
  182         906.122       7.829         906.122       7.829             182             182
  125        -247.339     933.476        -247.339     933.476             125             125
   13       -1614.883    1941.431       -1614.883    1941.431              13              13
  245         589.916   -1010.428         589.916   -1010.428             245             245
   10          23.617    -344.806          23.617    -344.806              10              10
   73        1196.303    -157.980        1196.303    -157.980              73              73
   26       -1405.938     560.821       -1405.938     560.821              26              26
  181          90.513     581.867          90.513     581.867             181             181
   83       -1211.236     445.600       -1211.236     445.600              83              83
