SINAL     NFT                         FFT                         NFT INVERSA     FFT INVERSA
-----     -----------------------     -----------------------     -----------     -----------
   32       33320.000       0.000       33320.000       0.000              32              32
   50         817.878     -35.369         817.878     -35.369              50              50
  242        -577.402     243.085        -577.402     243.085             242             242
  207        -746.025   -1869.396        -746.025   -1869.396             207             207
  154        -276.280    -553.155        -276.280    -553.155             154             154
  226       -1096.863   -1609.684       -1096.863   -1609.684             226             226
   24         906.451     832.297         906.451     832.297              24              24
  111        -836.740     880.568        -836.740     880.568             111             111
   74         819.078    -354.401         819.078    -354.401              74              74
   78         707.556    -820.689         707.556    -820.689              78              78
  251        1237.751     -44.815        1237.751     -44.815             251             251
  129        -482.331     193.785        -482.331     193.785             129             129
   37        1085.991     532.301        1085.991     532.301              37              37
  105         655.072    -609.499         655.072    -609.499             105             105
  212        -688.923     387.699        -688.923     387.699             212             212
  115          25.222     -63.311          25.222     -63.311             115             115
  251         644.515    -684.371         644.515    -684.371             251             251
   79         112.991    1810.143         112.991    1810.143              79              79
  231        -445.102   -2043.469        -445.102   -2043.469             231             231
   14         192.184     595.072         192.184     595.072              14              14
   84        -322.106     596.983        -322.106     596.983              84              84
  204         739.377    -439.985         739.377    -439.985             204             204
  197        -282.042   -1141.222        -282.042   -1141.222             197             197
  210         261.770    -658.004         261.770    -658.004             210             210
  217        1022.971   -1100.250        1022.971   -1100.250             217             217
  186        -428.191     690.649        -428.191     690.649             186             186
  221        -365.742     700.225        -365.742     700.225             221             221
   35        -502.658   -1088.890        -502.658   -1088.890              35              35
  212        -638.327    -515.536        -638.327    -515.536             212             212
  146         551.280     346.456         551.280     346.456             146             146
  118        -403.981     146.533        -403.981     146.533             118             118
  244         816.303     784.266         816.303     784.266             244             244
  197        -302.489    1075.471        -302.489    1075.471             197             197
  104        -106.512     375.179        -106.512     375.179             104             104
  196         537.844    -269.413         537.844    -269.413             196             196
   95          -5.497    -896.458          -5.497    -896.458              95              95
   75       -1564.329    -232.567       -1564.329    -232.567              75              75
  221       -1891.502   -1106.162       -1891.502   -1106.162             221             221
  207         666.712     501.474         666.712     501.474             207             207
  149       -1269.953    -349.998       -1269.953    -349.998             149             149
   43         497.683    1518.379         497.683    1518.379              43              43
  203       -1427.966    -413.155       -1427.966    -413.155             203             203
   22         121.237     630.851         121.237     630.851              22              22
   81        -664.785    -200.248        -664.785    -200.248              81              81
   52        -992.871     722.552        -992.871     722.552              52              52
  234         826.719    1079.600         826.719    1079.600             234             234
  197          96.186    1037.503          96.186    1037.503             197             197
   48         521.609     492.092         521.609     492.092              48              48
   57       -1679.864     124.440       -1679.864     124.440              57              57
  172          60.176      36.490          60.176      36.490             172             172
   63         696.799    1329.395         696.799    1329.395              63              63
  142         177.004   -1262.405         177.004   -1262.405             142             142
  120          27.892     563.033          27.892     563.033             120             120
    4         209.304     892.299         209.304     892.299               4               4
   96       -1531.382     320.489       -1531.382     320.489              96              96
   82         605.060     560.520         605.060     560.520              82              82
  190         551.887     155.552         551.887     155.552             190             190
   62        -569.103    -279.796        -569.103    -279.796              62              62
  118       -1603.839     260.457       -1603.839     260.457             118             118
  147         362.934     351.241         362.934     351.241             147             147
  208        -713.347   -1944.654        -713.347   -1944.654             208             208
  236         409.594    2509.783         409.594    2509.783             236             236
  136        -700.290    -495.775        -700.290    -495.775             136             136
  150          25.970   -1227.659          25.970   -1227.659             150             150
   85       -1818.031     447.935       -1818.031     447.935              85              85
   76        -861.345    -281.632        -861.345    -281.632              76              76
  245        -472.051    -490.681        -472.051    -490.681             245             245
  161        -168.167     147.117        -168.167     147.117             161             161
   41         939.310    1448.280         939.310    1448.280              41              41
  196         876.404     957.523         876.404     957.523             196             196
   54       -1510.988     539.374       -1510.988     539.374              54              54
   85       -1730.912     967.273       -1730.912     967.273              85              85
  143        -129.750   -1103.434        -129.750   -1103.434             143             143
   76        1120.093     432.598        1120.093     432.598              76              76
  167        1157.488     500.542        1157.488     500.542             167             167
  196         123.421    -991.337         123.421    -991.337             196             196
   55        -297.287    -139.444        -297.287    -139.444              55              55
  108        -949.175    -235.868        -949.175    -235.868             108             108
  245        -120.968    1141.986        -120.968    1141.986             245             245
  113        -953.326    -275.566        -953.326    -275.566             113             113
   24        -972.770    -238.248        -972.770    -238.248              24              24
   52         677.520      73.665         677.520      73.665              52              52
  255         409.288    -508.144         409.288    -508.144             255             255
  145         -69.855    -318.233         -69.855    -318.233             145             145
   57          48.050     452.688          48.050     452.688              57              57
   96        -768.318       3.644        -768.318       3.644              96              96
  228         245.176    -680.949         245.176    -680.949             228             228
  247       -1096.194     843.130       -1096.194     843.130             247             247
  159         426.251    2858.607         426.251    2858.607             159             159
   91       -1164.951     554.245       -1164.951     554.245              91              91
  139        -232.648      -3.852        -232.648      -3.852             139             139
  112       -1083.820    -748.729       -1083.820    -748.729             112             112
   71        -906.176    1943.733        -906.176    1943.733              71              71
   19       -1592.776   -1032.154       -1592.776   -1032.154              19              19
    6        -306.466    -871.699        -306.466    -871.699               6               6
  157         875.128     900.270         875.128     900.270             157             157
   96         622.379    1447.490         622.379    1447.490              96              96
  251        -630.564     -67.964        -630.564     -67.964             251             251
   62        1714.127     -12.341        1714.127     -12.341              62              62
  138        -580.915    1307.543        -580.915    1307.543             138             138
  192        1917.941     -52.108        1917.941     -52.108             192             192
  117        -580.058   -1508.215        -580.058   -1508.215             117             117
  224        -446.544    -482.784        -446.544    -482.784             224             224
   80        -292.481    -628.463        -292.481    -628.463              80              80
  194        -471.674     103.894        -471.674     103.894             194             194
  135         277.530     394.993         277.530     394.993             135             135
   21        -127.337   -1137.914        -127.337   -1137.914              21              21
  249         384.176    -460.630         384.176    -460.630             249             249
  244        1522.087     304.790        1522.087     304.790             244             244
   10         651.020      90.127         651.020      90.127              10              10
  107        1157.567    1043.964        1157.567    1043.964             107             107
   13         587.825     349.273         587.825     349.273              13              13
   62        -219.980    1052.857        -219.980    1052.857              62              62
  107        -223.861    -418.295        -223.861    -418.295             107             107
  159         224.311    -658.328         224.311    -658.328             159             159
  119          80.652    -573.931          80.652    -573.931             119             119
  204        -483.847     524.756        -483.847     524.756             204             204
  132       -2271.076    -874.166       -2271.076    -874.166             132             132
  111         837.841    -206.200         837.841    -206.200             111             111
  107         523.532    -634.029         523.532    -634.029             107             107
  223       -1004.484   -1245.465       -1004.484   -1245.465             223             223
  251        -311.705    -828.638        -311.705    -828.638             251             251
  219        -265.358     -69.100        -265.358     -69.100             219             219
   39        -682.548     614.598        -682.548     614.598              39              39
   15         844.936     692.254         844.936     692.254              15              15
  225        -481.386     857.218        -481.386     857.218             225             225
  197         808.404    -478.240         808.404    -478.240             197             197
  112         170.238     -35.527         170.238     -35.527             112             112
  221        1236.000       0.099        1236.000       0.099             221             221
    3         170.184      35.547         170.184      35.547               3               3
  251         808.250     478.313         808.250     478.313             251             251
  158        -481.305    -857.358        -481.305    -857.358             158             158
  120         844.975    -692.083         844.975    -692.083             120             120
  219        -682.545    -614.614        -682.545    -614.614             219             219
  238        -265.410      69.197        -265.410      69.197             238             238
   58        -311.887     828.695        -311.887     828.695              58              58
   99       -1004.661    1245.310       -1004.661    1245.310              99              99
    4         523.474     634.059         523.474     634.059               4               4
   52         837.690     206.296         837.690     206.296              52              52
   87       -2271.268     873.706       -2271.268     873.706              87              87
   14        -483.629    -524.900        -483.629    -524.900              14              14
  160          80.662     573.924          80.662     573.924             160             160
  101         224.262     658.276         224.262     658.276             101             101
   77        -223.872     418.094        -223.872     418.094              77              77
   11        -219.688   -1053.017        -219.688   -1053.017              11              11
    4         588.015    -349.229         588.015    -349.229               4               4
  197        1157.802   -1043.769        1157.802   -1043.769             197             197
  215         651.053     -89.969         651.053     -89.969             215             215
  136        1522.081    -304.475        1522.081    -304.475             136             136
   53         383.965     460.762         383.965     460.762              53              53
   66        -127.621    1137.854        -127.621    1137.854              66              66
  104         277.508    -395.013         277.508    -395.013             104             104
   48        -471.734    -103.959        -471.734    -103.959              48              48
   30        -292.617     628.421        -292.617     628.421              30              30
  143        -446.621     482.687        -446.621     482.687             143             143
   63        -580.209    1507.993        -580.209    1507.993              63              63
    0        1917.945      52.199        1917.945      52.199              -0              -0
   84        -580.734   -1307.764        -580.734   -1307.764              84              84
  176        1714.056      12.578        1714.056      12.578             176             176
  221        -630.690      67.734        -630.690      67.734             221             221
   88         622.562   -1447.460         622.562   -1447.460              88              88
  171         875.106    -900.051         875.106    -900.051             171             171
  123        -306.854     871.692        -306.854     871.692             123             123
  209       -1593.097    1031.741       -1593.097    1031.741             209             209
  134        -905.899   -1943.964        -905.899   -1943.964             134             134
  106       -1083.944     748.541       -1083.944     748.541             106             106
   12        -232.646       3.681        -232.646       3.681              12              12
  234       -1164.822    -554.617       -1164.822    -554.617             234             234
  110         426.752   -2858.548         426.752   -2858.548             110             110
   64       -1096.038    -843.126       -1096.038    -843.126              64              64
   66         245.096     681.102         245.096     681.102              66              66
  125        -768.289      -3.755        -768.289      -3.755             125             125
  224          48.184    -452.629          48.184    -452.629             224             224
  167         -69.867     318.285         -69.867     318.285             167             167
  202         409.220     508.213         409.220     508.213             202             202
  236         677.446     -73.569         677.446     -73.569             236             236
  172        -972.905     238.068        -972.905     238.068             172             172
  144        -953.359     275.334        -953.359     275.334             144             144
  195        -120.753   -1142.018        -120.753   -1142.018             195             195
   53        -949.167     235.762        -949.167     235.762              53              53
  197        -297.199     139.419        -297.199     139.419             197             197
    6         123.376     991.301         123.376     991.301               6               6
  157        1157.620    -500.441        1157.620    -500.441             157             157
  245        1120.061    -432.414        1120.061    -432.414             245             245
   36        -130.123    1103.329        -130.123    1103.329              36              36
   44       -1730.836    -967.695       -1730.836    -967.695              44              44
   53       -1510.778    -539.691       -1510.778    -539.691              53              53
   36         876.691    -957.416         876.691    -957.416              36              36
  129         939.511   -1448.053         939.511   -1448.053             129             129
  229        -168.251    -147.008        -168.251    -147.008             229             229
    2        -472.228     490.677        -472.228     490.677               2               2
  217        -861.467     281.494        -861.467     281.494             217             217
  145       -1817.908    -448.194       -1817.908    -448.194             145             145
  126          25.860    1227.668          25.860    1227.668             126             126
  170        -700.298     495.505        -700.298     495.505             170             170
   24         410.058   -2509.687         410.058   -2509.687              24              24
  233        -713.648    1944.598        -713.648    1944.598             233             233
  182         362.987    -351.271         362.987    -351.271             182             182
    2       -1603.769    -260.750       -1603.769    -260.750               2               2
   88        -568.995     279.659        -568.995     279.659              88              88
  247         552.027    -155.540         552.027    -155.540             247             247
   68         605.136    -560.475         605.136    -560.475              68              68
  213       -1531.291    -320.787       -1531.291    -320.787             213             213
  216         209.576    -892.271         209.576    -892.271             216             216
  236          28.064    -562.953          28.064    -562.953             236             236
  160         176.863    1262.401         176.863    1262.401             160             160
  197         697.028   -1329.345         697.028   -1329.345             197             197
  152          60.108     -36.468          60.108     -36.468             152             152
   48       -1679.801    -124.762       -1679.801    -124.762              48              48
  136         521.803    -492.064         521.803    -492.064             136             136
  205          96.403   -1037.511          96.403   -1037.511             205             205
  245         826.855   -1079.412         826.855   -1079.412             245             245
  143        -992.810    -722.609        -992.810    -722.609             143             143
  106        -664.782     200.213        -664.782     200.213             106             106
  235         121.347    -630.767         121.347    -630.767             235             235
  180       -1427.987     412.945       -1427.987     412.945             180             180
  151         497.990   -1518.221         497.990   -1518.221             151             151
   33       -1269.964     349.920       -1269.964     349.920              33              33
  217         666.811    -501.230         666.811    -501.230             217             217
   25       -1891.683    1105.951       -1891.683    1105.951              25              25
    7       -1564.170     232.341       -1564.170     232.341               7               7
  220          -5.403     896.451          -5.403     896.451             220             220
  242         537.952     269.422         537.952     269.422             242             242
  152        -106.345    -375.280        -106.345    -375.280             152             152
   90        -302.162   -1075.532        -302.162   -1075.532              90              90
  157         816.538    -784.046         816.538    -784.046             157             157
  176        -403.879    -146.496        -403.879    -146.496             176             176
   68         551.403    -346.241         551.403    -346.241              68              68
   84        -638.365     515.553        -638.365     515.553              84              84
  179        -502.725    1088.811        -502.725    1088.811             179             179
  156        -365.476    -700.298        -365.476    -700.298             156             156
   76        -427.869    -690.589        -427.869    -690.589              76              76
  247        1022.954    1100.549        1022.954    1100.549             247             247
  114         261.742     658.093         261.742     658.093             114             114
   36        -282.110    1141.153        -282.110    1141.153              36              36
  228         739.410     440.011         739.410     440.011             228             228
   18        -321.917    -597.092        -321.917    -597.092              18              18
  234         192.396    -594.964         192.396    -594.964             234             234
  124        -445.306    2043.347        -445.306    2043.347             124             124
   67         113.479   -1810.181         113.479   -1810.181              67              67
  115         644.543     684.533         644.543     684.533             115             115
   74          25.319      63.292          25.319      63.292              74              74
   57        -688.662    -387.797        -688.662    -387.797              57              57
    2         655.216     609.606         655.216     609.606               2               2
  181        1086.230    -532.135        1086.230    -532.135             181             181
   36        -482.114    -193.820        -482.114    -193.820              36              36
  183        1237.958      45.091        1237.958      45.091             183             183
   76         707.561     820.826         707.561     820.826              76              76
   70         819.117     354.473         819.117     354.473              70              70
  144        -836.419    -880.727        -836.419    -880.727             144             144
  102         906.802    -832.002         906.802    -832.002             102             102
   77       -1096.874    1609.613       -1096.874    1609.613              77              77
  108        -275.949     553.125        -275.949     553.125             108             108
   88        -745.739    1869.184        -745.739    1869.184              88              88
  229        -576.385    -243.335        -576.385    -243.335             229             229
  199         819.701      35.417         819.701      35.417             199             199
