SINAL     NFT                         FFT                         NFT INVERSA     FFT INVERSA
-----     -----------------------     -----------------------     -----------     -----------
  102       32748.000       0.000       32748.000       0.000             102             102
  117        -102.247     304.551        -102.247     304.551             117             117
  230        -275.906    -360.905        -275.906    -360.905             230             230
  218         665.297     625.960         665.297     625.960             218             218
   69        1112.644    -696.995        1112.644    -696.995              69              69
   50        -578.820    -999.873        -578.820    -999.873              50              50
  129       -1040.291   -1694.398       -1040.291   -1694.398             129             129
  205         -41.840    -763.061         -41.840    -763.061             205             205
  209         -58.678    -402.868         -58.678    -402.868             209             209
  253        -199.390    -389.903        -199.390    -389.903             253             253
  167        -825.524    -472.130        -825.524    -472.130             167             167
  253        -192.129     -26.493        -192.129     -26.493             253             253
   16        -628.860     839.921        -628.860     839.921              16              16
  218        -480.736   -1588.409        -480.736   -1588.409             218             218
   57         409.999    -656.382         409.999    -656.382              57              57
  236        -165.559     137.010        -165.559     137.010             236             236
  231        -858.355     214.759        -858.355     214.759             231             231
   21        1407.641   -1483.425        1407.641   -1483.425              21              21
  142         498.461     190.411         498.461     190.411             142             142
  203         520.680    -350.893         520.680    -350.893             203             203
  213        -272.026      98.870        -272.026      98.870             213             213
  170        -132.344     420.489        -132.344     420.489             170             170
   20        -481.007     324.982        -481.007     324.982              20              20
  150         -13.121     876.111         -13.121     876.111             150             150
   53         220.222    -567.720         220.222    -567.720              53              53
   53        1261.731     265.173        1261.731     265.173              53              53
   35          79.281    -339.379          79.281    -339.379              35              35
  136         910.702     666.382         910.702     666.382             136             136
  222         373.797     288.363         373.797     288.363             222             222
  169         833.627   -1240.891         833.627   -1240.891             169             169
   24        -755.057    -204.244        -755.057    -204.244              24              24
   69         788.035   -1597.914         788.035   -1597.914              69              69
   31         485.781    -847.249         485.781    -847.249              31              31
  254         663.327     329.546         663.327     329.546             254             254
   31          51.357     644.408          51.357     644.408              31              31
  100         418.562    -187.378         418.562    -187.378             100             100
   49         437.634    -579.039         437.634    -579.039              49              49
  161        1375.188     582.197        1375.188     582.197             161             161
   50        -551.287     536.743        -551.287     536.743              50              50
    3         152.816   -1574.764         152.816   -1574.764               3               3
  158        -831.905   -1585.936        -831.905   -1585.936             158             158
  217         412.034     899.845         412.034     899.845             217             217
    0        -877.108   -1174.546        -877.108   -1174.546              -0              -0
  174       -1519.115    1667.605       -1519.115    1667.605             174             174
  179        -859.176     844.252        -859.176     844.252             179             179
   58         148.345    -790.671         148.345    -790.671              58              58
  155       -1295.748    -674.345       -1295.748    -674.345             155             155
  154        -610.234     598.261        -610.234     598.261             154             154
   80        -210.500    -395.659        -210.500    -395.659              80              80
   42         -23.300      65.534         -23.300      65.534              42              42
  102        -267.522    -734.145        -267.522    -734.145             102             102
   37        -921.204     681.308        -921.204     681.308              37              37
  213        -540.218    -865.180        -540.218    -865.180             213             213
  122         486.028     161.861         486.028     161.861             122             122
  187        1168.470    -699.042        1168.470    -699.042             187             187
   10         660.968    -572.907         660.968    -572.907              10              10
  176         458.273    1138.020         458.273    1138.020             176             176
  222       -1981.431   -2009.661       -1981.431   -2009.661             222             222
  147        -639.408     171.267        -639.408     171.267             147             147
  142         350.628    -690.643         350.628    -690.643             142             142
  136        -987.642    -132.384        -987.642    -132.384             136             136
  171        -502.802    1386.371        -502.802    1386.371             171             171
  211        1089.190    1803.160        1089.190    1803.160             211             211
  167         592.110     322.400         592.110     322.400             167             167
  169        1065.960     522.047        1065.960     522.047             169             169
  243          80.110    1121.141          80.110    1121.141             243             243
   12       -1042.136    -181.910       -1042.136    -181.910              12              12
  219        -238.592      18.933        -238.592      18.933             219             219
  148         440.549     717.330         440.549     717.330             148             148
   62        -899.823     535.194        -899.823     535.194              62              62
  223         536.370    -497.987         536.370    -497.987             223             223
   51         339.257    -473.145         339.257    -473.145              51              51
   24         331.057    1157.196         331.057    1157.196              24              24
  223       -1269.852     347.946       -1269.852     347.946             223             223
  225       -1184.330    -688.331       -1184.330    -688.331             225             225
  204         162.319    2193.603         162.319    2193.603             204             204
   26        -347.455     411.049        -347.455     411.049              26              26
  125         541.834    -811.894         541.834    -811.894             125             125
  103        -418.673   -1449.547        -418.673   -1449.547             103             103
  106        -254.470     -57.821        -254.470     -57.821             106             106
  167        1695.081     296.805        1695.081     296.805             167             167
  205       -1018.648    -162.231       -1018.648    -162.231             205             205
  143        1813.288     645.159        1813.288     645.159             143             143
  124         894.359    -345.002         894.359    -345.002             124             124
   71         399.152    -705.923         399.152    -705.923              71              71
   74         460.729     360.394         460.729     360.394              74              74
  135        -841.865     433.213        -841.865     433.213             135             135
  247        1109.969    1233.660        1109.969    1233.660             247             247
   41        -131.770    -343.563        -131.770    -343.563              41              41
   26        -337.205     275.320        -337.205     275.320              26              26
  134         256.316    -800.876         256.316    -800.876             134             134
  178         295.717    1921.968         295.717    1921.968             178             178
  197        -539.544    -569.375        -539.544    -569.375             197             197
   90          10.610    1329.042          10.610    1329.042              90              90
   90         -44.979    1058.018         -44.979    1058.018              90              90
  111        1672.505    1025.725        1672.505    1025.725             111             111
   78       -1697.763    -759.424       -1697.763    -759.424              78              78
  102        -218.834     413.526        -218.834     413.526             102             102
   74        -421.751     -54.769        -421.751     -54.769              74              74
  227        2010.942     186.598        2010.942     186.598             227             227
  165         967.472    -641.233         967.472    -641.233             165             165
   42         204.543    -233.442         204.543    -233.442              42              42
   22         711.397      85.193         711.397      85.193              22              22
  190         366.516     148.189         366.516     148.189             190             190
    9       -1835.706    -868.199       -1835.706    -868.199               9               9
  248        -299.595     542.816        -299.595     542.816             248             248
  138        -827.089    1177.614        -827.089    1177.614             138             138
   36       -1004.205     436.837       -1004.205     436.837              36              36
  117        -901.952    1144.277        -901.952    1144.277             117             117
  241        -231.682     -46.599        -231.682     -46.599             241             241
  142         706.305    1112.244         706.305    1112.244             142             142
   28       -2347.329     227.011       -2347.329     227.011              28              28
  190         -78.155      71.058         -78.155      71.058             190             190
   29        -575.355    -656.586        -575.355    -656.586              29              29
  153        1300.086      -4.635        1300.086      -4.635             153             153
    6         287.534    -872.219         287.534    -872.219               6               6
  104         257.459     315.204         257.459     315.204             104             104
   32        2228.157     567.197        2228.157     567.197              32              32
  254         -96.737     516.757         -96.737     516.757             254             254
  146         707.623     -46.563         707.623     -46.563             146             146
   58       -1007.631   -1222.544       -1007.631   -1222.544              58              58
  133        -352.866    1782.138        -352.866    1782.138             133             133
   68       -1261.859     -20.900       -1261.859     -20.900              68              68
  255         765.476     374.881         765.476     374.881             255             255
  224        -511.893    -847.574        -511.893    -847.574             224             224
  158       -1209.329   -1553.515       -1209.329   -1553.515             158             158
  110         -48.406   -1389.879         -48.406   -1389.879             110             110
   46         143.129    -428.100         143.129    -428.100              46              46
    5       -1792.000      -0.087       -1792.000      -0.087               5               5
  185         143.127     428.248         143.127     428.248             185             185
   18         -48.661    1389.929         -48.661    1389.929              18              18
  171       -1209.572    1553.233       -1209.572    1553.233             171             171
  227        -511.928     847.300        -511.928     847.300             227             227
   40         765.558    -374.926         765.558    -374.926              40              40
  105       -1261.857      20.537       -1261.857      20.537             105             105
  237        -352.484   -1782.220        -352.484   -1782.220             237             237
   33       -1007.685    1222.383       -1007.685    1222.383              33              33
  243         707.777      46.559         707.777      46.559             243             243
   17         -96.496    -516.866         -96.496    -516.866              17              17
  150        2228.307    -566.854        2228.307    -566.854             150             150
  229         257.439    -315.133         257.439    -315.133             229             229
  160         287.365     872.249         287.365     872.249             160             160
  179        1299.973       4.782        1299.973       4.782             179             179
  163        -575.622     656.390        -575.622     656.390             163             163
  190         -78.286     -71.219         -78.286     -71.219             190             190
   76       -2347.296    -227.554       -2347.296    -227.554              76              76
  170         706.554   -1112.215         706.554   -1112.215             170             170
   39        -231.751      46.484        -231.751      46.484              39              39
  108        -901.798   -1144.497        -901.798   -1144.497             108             108
  168       -1004.105    -437.032       -1004.105    -437.032             168             168
  185        -826.814   -1177.736        -826.814   -1177.736             185             185
  166        -299.441    -542.761        -299.441    -542.761             166             166
   46       -1835.689     867.934       -1835.689     867.934              46              46
  254         366.787    -148.155         366.787    -148.155             254             254
  166         711.561     -85.072         711.561     -85.072             166             166
   14         204.632     233.478         204.632     233.478              14              14
  157         967.487     641.336         967.487     641.336             157             157
   21        2010.926    -186.348        2010.926    -186.348              21              21
   61        -421.880      54.621        -421.880      54.621              61              61
  162        -218.819    -413.620        -218.819    -413.620             162             162
  207       -1697.789     759.022       -1697.789     759.022             207             207
   79        1672.779   -1025.602        1672.779   -1025.602              79              79
   78         -44.831   -1058.093         -44.831   -1058.093              78              78
  178          10.826   -1329.003          10.826   -1329.003             178             178
  120        -539.599     569.280        -539.599     569.280             120             120
  183         296.104   -1921.884         296.104   -1921.884             183             183
  160         256.201     801.000         256.201     801.000             160             160
  153        -337.124    -275.384        -337.124    -275.384             153             153
  171        -131.731     343.494        -131.731     343.494             171             171
  178        1110.201   -1233.498        1110.201   -1233.498             178             178
   47        -841.761    -433.289        -841.761    -433.289              47              47
  144         460.895    -360.224         460.895    -360.224             144             144
   82         399.118     706.044         399.118     706.044              82              82
  227         894.371     345.113         894.371     345.113             227             227
   52        1813.319    -644.866        1813.319    -644.866              52              52
   17       -1018.724     162.083       -1018.724     162.083              17              17
   47        1695.093    -296.495        1695.093    -296.495              47              47
  222        -254.610      57.854        -254.610      57.854             222             222
   56        -418.954    1449.470        -418.954    1449.470              56              56
  156         541.648     811.823         541.648     811.823             156             156
  135        -347.460    -411.310        -347.460    -411.310             135             135
  241         162.597   -2193.598         162.597   -2193.598             241             241
   67       -1184.512     688.173       -1184.512     688.173              67              67
  182       -1269.712    -348.221       -1269.712    -348.221             182             182
  239         331.364   -1157.111         331.364   -1157.111             239             239
  233         339.221     473.259         339.221     473.259             233             233
  196         536.256     498.022         536.256     498.022             196             196
  140        -899.733    -535.422        -899.733    -535.422             140             140
  255         440.696    -717.264         440.696    -717.264             255             255
    1        -238.612     -18.966        -238.612     -18.966               1               1
   47       -1042.102     181.669       -1042.102     181.669              47              47
  206          80.442   -1121.179          80.442   -1121.179             206             206
   81        1066.121    -521.860        1066.121    -521.860              81              81
  126         592.160    -322.335         592.160    -322.335             126             126
  129        1089.398   -1802.953        1089.398   -1802.953             129             129
  201        -502.702   -1386.265        -502.702   -1386.265             201             201
   53        -987.681     132.443        -987.681     132.443              53              53
   34         350.499     690.835         350.499     690.835              34              34
   98        -639.445    -171.240        -639.445    -171.240              98              98
  225       -1981.669    2009.350       -1981.669    2009.350             225             225
  212         458.652   -1137.953         458.652   -1137.953             212             212
  145         660.971     573.108         660.971     573.108             145             145
  114        1168.348     699.247        1168.348     699.247             114             114
   39         485.947    -161.766         485.947    -161.766              39              39
  116        -540.466     865.076        -540.466     865.076             116             116
  166        -921.105    -681.462        -921.105    -681.462             166             166
   56        -267.612     734.125        -267.612     734.125              56              56
  164         -23.284     -65.550         -23.284     -65.550             164             164
  133        -210.595     395.604        -210.595     395.604             133             133
  113        -610.166    -598.348        -610.166    -598.348             113             113
   64       -1295.811     674.163       -1295.811     674.163              64              64
   13         148.266     790.613         148.266     790.613              13              13
   98        -859.031    -844.492        -859.031    -844.492              98              98
  132       -1518.737   -1667.761       -1518.737   -1667.761             132             132
  196        -877.100    1174.507        -877.100    1174.507             196             196
   82         412.347    -899.676         412.347    -899.676              82              82
  109        -832.020    1585.914        -832.020    1585.914             109             109
  136         152.736    1574.702         152.736    1574.702             136             136
  223        -550.976    -536.952        -550.976    -536.952             223             223
  109        1375.475    -581.954        1375.475    -581.954             109             109
  138         437.628     579.133         437.628     579.133             138             138
   14         418.617     187.407         418.617     187.407              14              14
   59          51.572    -644.395          51.572    -644.395              59              59
  219         663.491    -329.328         663.491    -329.328             219             219
  141         485.717     847.445         485.717     847.445             141             141
  188         787.793    1598.033         787.793    1598.033             188             188
  164        -755.012     204.055        -755.012     204.055             164             164
  195         833.546    1240.927         833.546    1240.927             195             195
  223         373.932    -288.448         373.932    -288.448             223             223
    6         910.869    -666.276         910.869    -666.276               6               6
  164          79.282     339.367          79.282     339.367             164             164
  179        1261.800    -264.995        1261.800    -264.995             179             179
  152         220.086     567.690         220.086     567.690             152             152
   23         -12.995    -876.176         -12.995    -876.176              23              23
  219        -480.924    -325.053        -480.924    -325.053             219             219
   13        -132.197    -420.474        -132.197    -420.474              13              13
  190        -271.893     -98.848        -271.893     -98.848             190             190
   19         520.746     351.030         520.746     351.030              19              19
  178         498.589    -190.254         498.589    -190.254             178             178
   67        1407.379    1483.672        1407.379    1483.672              67              67
  133        -858.344    -214.953        -858.344    -214.953             133             133
  243        -165.453    -137.000        -165.453    -137.000             243             243
   81         409.938     656.506         409.938     656.506              81              81
  231        -480.966    1588.249        -480.966    1588.249             231             231
  119        -628.616    -840.115        -628.616    -840.115             119             119
   21        -192.007      26.489        -192.007      26.489              21              21
   58        -825.433     472.012        -825.433     472.012              58              58
  228        -199.228     389.873        -199.228     389.873             228             228
  158         -58.516     402.874         -58.516     402.874             158             158
   25         -41.743     763.079         -41.743     763.079              25              25
   82       -1040.263    1694.164       -1040.263    1694.164              82              82
   41        -578.502     999.613        -578.502     999.613              41              41
   40        1113.055     696.968        1113.055     696.968              40              40
  141         665.945    -626.013         665.945    -626.013             141             141
    4        -275.138     360.737        -275.138     360.737               4               4
  181        -100.455    -304.694        -100.455    -304.694             181             181
