SINAL     NFT                         FFT                         NFT INVERSA     FFT INVERSA
-----     -----------------------     -----------------------     -----------     -----------
  244       32145.000       0.000       32145.000       0.000             244             244
  196        -144.949    1166.511        -144.949    1166.511             196             196
   29         556.683     798.373         556.683     798.373              29              29
  132         173.565    -224.644         173.565    -224.644             132             132
    3        -777.051     552.512        -777.051     552.512               3               3
  121         196.242    -409.990         196.242    -409.990             121             121
  147        -489.222    1119.281        -489.222    1119.281             147             147
  252         446.423    -829.516         446.423    -829.516             252             252
   94         214.752    -495.264         214.752    -495.264              94              94
  194       -1153.537     888.830       -1153.537     888.830             194             194
   40         250.447    -104.392         250.447    -104.392              40              40
   67         -14.188    -993.070         -14.188    -993.070              67              67
  194       -1277.073     248.345       -1277.073     248.345             194             194
  120         559.478    -263.864         559.478    -263.864             120             120
  204       -1111.444    -623.211       -1111.444    -623.211             204             204
   43         204.417     346.637         204.417     346.637              43              43
   37         278.361    -406.883         278.361    -406.883              37              37
  193         574.246    -369.604         574.246    -369.604             193             193
  120        -546.735       1.052        -546.735       1.052             120             120
  166        1004.423     115.155        1004.423     115.155             166             166
   55         508.892     295.163         508.892     295.163              55              55
   42        -559.831     583.105        -559.831     583.105              42              42
  137         326.979     188.087         326.979     188.087             137             137
   48        -491.288    -418.123        -491.288    -418.123              48              48
  198         184.339     149.314         184.339     149.314             198             198
  158         403.586    -487.842         403.586    -487.842             158             158
   88         953.084    2179.012         953.084    2179.012              88              88
  169        -792.657    -363.010        -792.657    -363.010             169             169
    5        -244.319     120.884        -244.319     120.884               5               5
  176       -1346.598     964.149       -1346.598     964.149             176             176
   46         298.392    -460.373         298.392    -460.373              46              46
  250         287.266    -225.741         287.266    -225.741             250             250
  116        1843.323    -800.248        1843.323    -800.248             116             116
   76         311.197    -487.680         311.197    -487.680              76              76
  126         -21.386     271.520         -21.386     271.520             126             126
  120        -153.537    -302.731        -153.537    -302.731             120             120
  198         202.985     770.558         202.985     770.558             198             198
   18         464.785      29.142         464.785      29.142              18              18
  117        -890.577   -2281.126        -890.577   -2281.126             117             117
   36        1921.494     538.438        1921.494     538.438              36              36
  213        1612.254    -629.870        1612.254    -629.870             213             213
  158        1464.247     224.732        1464.247     224.732             158             158
  104        -256.466      84.882        -256.466      84.882             104             104
  151        1859.250    -852.119        1859.250    -852.119             151             151
   22        1647.464     272.186        1647.464     272.186              22              22
   52         142.158   -1721.671         142.158   -1721.671              52              52
  195        -614.106    -398.923        -614.106    -398.923             195             195
   60        -486.372     146.449        -486.372     146.449              60              60
  246        -279.424     552.362        -279.424     552.362             246             246
   59          96.713    -391.119          96.713    -391.119              59              59
  226        -288.381     658.177        -288.381     658.177             226             226
   45       -1050.791   -2088.571       -1050.791   -2088.571              45              45
  102         316.535     739.604         316.535     739.604             102             102
  107         834.931   -1074.657         834.931   -1074.657             107             107
   94         582.992    -188.855         582.992    -188.855              94              94
   44        -393.175    1300.193        -393.175    1300.193              44              44
   10         315.065     947.861         315.065     947.861              10              10
  182        1395.568     308.045        1395.568     308.045             182             182
  214       -1279.918    -891.832       -1279.918    -891.832             214             214
   16        1262.115    -675.363        1262.115    -675.363              16              16
  103        1238.761    -383.056        1238.761    -383.056             103             103
    5        -556.462     168.526        -556.462     168.526               5               5
   11         266.559     594.960         266.559     594.960              11              11
  220         703.131    -850.225         703.131    -850.225             220             220
   81         174.922    1100.010         174.922    1100.010              81              81
  137        -579.389      28.222        -579.389      28.222             137             137
   85         215.183     603.502         215.183     603.502              85              85
   23         -48.726     182.012         -48.726     182.012              23              23
  156       -1146.705    -252.540       -1146.705    -252.540             156             156
  203        -353.313    -725.399        -353.313    -725.399             203             203
   60        -426.382     303.520        -426.382     303.520              60              60
  113         542.637     928.997         542.637     928.997             113             113
  105         351.089    -869.775         351.089    -869.775             105             105
  164         220.566    -432.606         220.566    -432.606             164             164
    8        -438.822     187.659        -438.822     187.659               8               8
  127        1035.555    -919.659        1035.555    -919.659             127             127
  217         519.989      70.041         519.989      70.041             217             217
  203       -1178.933      98.862       -1178.933      98.862             203             203
  188        1883.183   -1392.956        1883.183   -1392.956             188             188
  207         343.927    -931.302         343.927    -931.302             207             207
    7         590.299    1836.276         590.299    1836.276               7               7
  158        1077.120     295.192        1077.120     295.192             158             158
  253          71.709     230.881          71.709     230.881             253             253
  109        -265.251    -622.727        -265.251    -622.727             109             109
   10        1253.922    1103.610        1253.922    1103.610              10              10
   91         -34.732    -653.556         -34.732    -653.556              91              91
  154         386.645     -17.676         386.645     -17.676             154             154
   21        -286.434    -765.360        -286.434    -765.360              21              21
   17         829.879     572.884         829.879     572.884              17              17
  113         473.238     138.977         473.238     138.977             113             113
   37        1539.638    -749.081        1539.638    -749.081              37              37
  120         579.141     344.177         579.141     344.177             120             120
  118        -571.442     509.204        -571.442     509.204             118             118
   48          -9.563     693.300          -9.563     693.300              48              48
   85        -180.613    -867.715        -180.613    -867.715              85              85
  199        1557.995    -296.318        1557.995    -296.318             199             199
  186       -1361.391     347.625       -1361.391     347.625             186             186
  170        -140.186      80.585        -140.186      80.585             170             170
  222         280.506   -1163.019         280.506   -1163.019             222             222
   87       -2212.300    -234.985       -2212.300    -234.985              87              87
  117        -297.607    -245.960        -297.607    -245.960             117             117
   26          53.199    1080.606          53.199    1080.606              26              26
  200         808.648     218.284         808.648     218.284             200             200
  223       -1363.467    1024.997       -1363.467    1024.997             223             223
  190       -1657.574    -188.200       -1657.574    -188.200             190             190
  209        1029.555     933.397        1029.555     933.397             209             209
   94          27.356     787.241          27.356     787.241              94              94
  151        1491.913   -1198.098        1491.913   -1198.098             151             151
  156         903.757   -2186.817         903.757   -2186.817             156             156
   26         512.677    -526.956         512.677    -526.956              26              26
  102       -1233.125    -199.866       -1233.125    -199.866             102             102
  164        -518.879   -1480.319        -518.879   -1480.319             164             164
  185        1186.587     985.072        1186.587     985.072             185             185
  100         712.372     -45.968         712.372     -45.968             100             100
   18         -81.714     478.062         -81.714     478.062              18              18
  195         -97.655    -794.955         -97.655    -794.955             195             195
  191        -184.040    -770.686        -184.040    -770.686             191             191
  172         438.195   -1293.663         438.195   -1293.663             172             172
  217        -155.239     297.683        -155.239     297.683             217             217
  208       -1065.098    -953.011       -1065.098    -953.011             208             208
   30       -1433.711     -77.100       -1433.711     -77.100              30              30
  254        -134.277    -950.859        -134.277    -950.859             254             254
   73         198.355     963.758         198.355     963.758              73              73
  148        1099.845   -1305.790        1099.845   -1305.790             148             148
   47        -734.027   -1594.424        -734.027   -1594.424              47              47
  159         357.691    -780.816         357.691    -780.816             159             159
   92        -280.537     620.930        -280.537     620.930              92              92
  234         545.059     248.384         545.059     248.384             234             234
   73        -691.000      -0.036        -691.000      -0.036              73              73
   58         545.115    -248.232         545.115    -248.232              58              58
   65        -280.441    -620.830        -280.441    -620.830              65              65
  191         357.546     781.060         357.546     781.060             191             191
   85        -734.267    1594.372        -734.267    1594.372              85              85
    9        1099.639    1305.890        1099.639    1305.890               9               9
  158         198.423    -963.749         198.423    -963.749             158             158
   20        -134.554     950.877        -134.554     950.877              20              20
  219       -1433.774      76.870       -1433.774      76.870             219             219
  253       -1065.172     952.824       -1065.172     952.824             253             253
  172        -155.062    -297.697        -155.062    -297.697             172             172
  119         438.048    1293.754         438.048    1293.754             119             119
   24        -184.129     770.586        -184.129     770.586              24              24
   19         -97.722     794.815         -97.722     794.815              19              19
   28         -81.537    -478.179         -81.537    -478.179              28              28
  209         712.447      46.035         712.447      46.035             209             209
  119        1186.711    -984.824        1186.711    -984.824             119             119
   46        -519.207    1480.281        -519.207    1480.281              46              46
  149       -1233.082     199.632       -1233.082     199.632             149             149
   54         512.738     527.070         512.738     527.070              54              54
  219         903.472    2186.887         903.472    2186.887             219             219
  110        1491.669    1198.077        1491.669    1198.077             110             110
    7          27.395    -787.490          27.395    -787.490               7               7
  249        1029.556    -933.336        1029.556    -933.336             249             249
  109       -1657.741     187.823       -1657.741     187.823             109             109
   81       -1363.218   -1025.310       -1363.218   -1025.310              81              81
  142         808.754    -218.187         808.754    -218.187             142             142
  157          53.335   -1080.579          53.335   -1080.579             157             157
  240        -297.728     245.976        -297.728     245.976             240             240
  234       -2212.277     234.652       -2212.277     234.652             234             234
  136         280.463    1163.020         280.463    1163.020             136             136
   58        -140.110     -80.714        -140.110     -80.714              58              58
   37       -1361.159    -347.894       -1361.159    -347.894              37              37
  201        1558.097     296.563        1558.097     296.563             201             201
  249        -180.718     867.580        -180.718     867.580             249             249
  122          -9.369    -693.422          -9.369    -693.422             122             122
  211        -571.212    -509.333        -571.212    -509.333             211             211
  152         579.394    -344.059         579.394    -344.059             152             152
  143        1539.602     749.318        1539.602     749.318             143             143
  174         473.279    -138.972         473.279    -138.972             174             174
  149         829.968    -572.746         829.968    -572.746             149             149
   59        -286.552     765.305        -286.552     765.305              59              59
   38         386.694      17.686         386.694      17.686              38              38
  173         -34.764     653.449         -34.764     653.449             173             173
   78        1254.138   -1103.459        1254.138   -1103.459              78              78
   66        -265.352     622.658        -265.352     622.658              66              66
  127          71.839    -230.952          71.839    -230.952             127             127
  197        1077.233    -295.090        1077.233    -295.090             197             197
  113         590.613   -1836.106         590.613   -1836.106             113             113
   21         343.806     931.509         343.806     931.509              21              21
  251        1882.873    1393.247        1882.873    1393.247             251             251
   76       -1178.986     -99.138       -1178.986     -99.138              76              76
  132         520.053     -69.962         520.053     -69.962             132             132
    2        1035.355     919.788        1035.355     919.788               2               2
   70        -438.843    -187.798        -438.843    -187.798              70              70
  242         220.499     432.606         220.499     432.606             242             242
   83         350.929     869.707         350.929     869.707              83              83
  212         542.724    -929.017         542.724    -929.017             212             212
  143        -426.408    -303.590        -426.408    -303.590             143             143
   67        -353.475     725.308        -353.475     725.308              67              67
  191       -1146.709     252.242       -1146.709     252.242             191             191
   23         -48.594    -182.132         -48.594    -182.132              23              23
  125         215.338    -603.531         215.338    -603.531             125             125
  228        -579.305     -28.373        -579.305     -28.373             228             228
  225         175.233   -1099.970         175.233   -1099.970             225             225
  119         703.065     850.348         703.065     850.348             119             119
   95         266.686    -594.952         266.686    -594.952              95              95
  180        -556.329    -168.585        -556.329    -168.585             180             180
   15        1238.809     383.295        1238.809     383.295              15              15
  238        1261.953     675.556        1261.953     675.556             238             238
   99       -1280.042     891.504       -1280.042     891.504              99              99
  164        1395.693    -307.969        1395.693    -307.969             164             164
   41         315.188    -947.895         315.188    -947.895              41              41
  138        -392.931   -1300.205        -392.931   -1300.205             138             138
   82         583.020     189.074         583.020     189.074              82              82
  119         834.735    1074.808         834.735    1074.808             119             119
  204         316.572    -739.514         316.572    -739.514             204             204
  210       -1051.163    2088.370       -1051.163    2088.370             210             210
   60        -288.198    -658.330        -288.198    -658.330              60              60
   62          96.707     391.088          96.707     391.088              62              62
  231        -279.279    -552.440        -279.279    -552.440             231             231
   56        -486.252    -146.484        -486.252    -146.484              56              56
  138        -613.992     398.893        -613.992     398.893             138             138
  108         142.131    1721.650         142.131    1721.650             108             108
   58        1647.715    -272.000        1647.715    -272.000              58              58
  208        1859.142     852.360        1859.142     852.360             208             208
   94        -256.399     -85.024        -256.399     -85.024              94              94
  142        1464.395    -224.520        1464.395    -224.520             142             142
  165        1612.159     630.100        1612.159     630.100             165             165
  238        1921.439    -538.104        1921.439    -538.104             238             238
  210        -891.079    2280.911        -891.079    2280.911             210             210
  100         464.778     -29.275         464.778     -29.275             100             100
    6         203.078    -770.622         203.078    -770.622               6               6
   79        -153.592     302.652        -153.592     302.652              79              79
   72         -21.293    -271.569         -21.293    -271.569              72              72
  231         311.204     487.704         311.204     487.704             231             231
  199        1843.174     800.460        1843.174     800.460             199             199
  167         287.110     225.653         287.110     225.653             167             167
  156         298.185     460.246         298.185     460.246             156             156
  214       -1346.488    -964.516       -1346.488    -964.516             214             214
  149        -244.252    -120.996        -244.252    -120.996             149             149
    0        -792.608     362.722        -792.608     362.722               0               0
  123         953.553   -2178.906         953.553   -2178.906             123             123
  191         403.518     487.952         403.518     487.952             191             191
  138         184.357    -149.307         184.357    -149.307             138             138
  206        -491.321     417.987        -491.321     417.987             206             206
   54         327.065    -188.123         327.065    -188.123              54              54
   86        -559.650    -583.248        -559.650    -583.248              86              86
  160         509.064    -295.084         509.064    -295.084             160             160
  115        1004.467    -114.981        1004.467    -114.981             115             115
  148        -546.704      -1.131        -546.704      -1.131             148             148
  136         574.253     369.696         574.253     369.696             136             136
  171         278.313     406.877         278.313     406.877             171             171
   31         204.462    -346.631         204.462    -346.631              31              31
  244       -1111.488     623.003       -1111.488     623.003             244             244
  229         559.510     263.884         559.510     263.884             229             229
  240       -1276.933    -248.594       -1276.933    -248.594             240             240
   83         -14.167     993.002         -14.167     993.002              83              83
  115         250.560     104.289         250.560     104.289             115             115
  149       -1153.193    -889.084       -1153.193    -889.084             149             149
   65         214.948     495.284         214.948     495.284              65              65
   69         446.515     829.456         446.515     829.456              69              69
  250        -488.765   -1119.468        -488.765   -1119.468             250             250
   72         196.507     409.963         196.507     409.963              72              72
  149        -776.511    -552.718        -776.511    -552.718             149             149
   66         174.165     224.593         174.165     224.593              66              66
   47         557.676    -798.366         557.676    -798.366              47              47
   92        -143.062   -1166.501        -143.062   -1166.501              92              92
