SINAL     NFT                         FFT                         NFT INVERSA     FFT INVERSA
-----     -----------------------     -----------------------     -----------     -----------
   84       31814.000       0.000       31814.000       0.000              84              84
  249         362.768     288.829         362.768     288.829             249             249
   37          91.868   -1637.057          91.868   -1637.057              37              37
   84         761.594    -880.318         761.594    -880.318              84              84
   19         483.560    -948.084         483.560    -948.084              19              19
  176        -895.119     334.354        -895.119     334.354             176             176
    6         672.718     254.786         672.718     254.786               6               6
  173        -926.668     334.849        -926.668     334.849             173             173
  219        -702.220    -122.065        -702.220    -122.065             219             219
   18       -1743.932    1230.748       -1743.932    1230.748              18              18
  127         528.846    1412.679         528.846    1412.679             127             127
   33           5.191    -656.610           5.191    -656.610              33              33
  151        1649.318    -318.623        1649.318    -318.623             151             151
  233        1072.359     361.078        1072.359     361.078             233             233
  251         346.126      21.053         346.126      21.053             251             251
  131        1182.524    1018.837        1182.524    1018.837             131             131
  184        -256.152    1426.951        -256.152    1426.951             184             184
  255          -7.040    1455.726          -7.040    1455.726             255             255
  173        -232.554     694.854        -232.554     694.854             173             173
  108         578.389   -1141.406         578.389   -1141.406             108             108
  164          44.949     527.943          44.949     527.943             164             164
  165        -248.692     457.170        -248.692     457.170             165             165
  255          13.684    -314.471          13.684    -314.471             255             255
  145       -1096.665    -419.276       -1096.665    -419.276             145             145
   79         563.318     375.716         563.318     375.716              79              79
  193         172.590     689.625         172.590     689.625             193             193
  170       -1264.823      37.848       -1264.823      37.848             170             170
  241        -761.550    -429.015        -761.550    -429.015             241             241
  148         533.905    1053.604         533.905    1053.604             148             148
   84        -437.441     953.223        -437.441     953.223              84              84
    5         538.240     475.955         538.240     475.955               5               5
  232        -781.378    -202.749        -781.378    -202.749             232             232
   78        -962.952    -868.316        -962.952    -868.316              78              78
   42         -65.408    -246.509         -65.408    -246.509              42              42
   61        -122.645     302.317        -122.645     302.317              61              61
   97         998.966    -641.805         998.966    -641.805              97              97
  219         474.166   -1088.062         474.166   -1088.062             219             219
   67        2626.409     384.198        2626.409     384.198              67              67
   15       -1791.084    -975.042       -1791.084    -975.042              15              15
  182        1428.963    -789.033        1428.963    -789.033             182             182
   86         655.898    -502.320         655.898    -502.320              86              86
  142        2059.079    -643.355        2059.079    -643.355             142             142
  216        -833.006     240.209        -833.006     240.209             216             216
  238         -73.759    -339.346         -73.759    -339.346             238             238
  119         468.717    -361.966         468.717    -361.966             119             119
  211         622.552    -786.249         622.552    -786.249             211             211
  114           8.365    -402.268           8.365    -402.268             114             114
   48        1021.767    1134.245        1021.767    1134.245              48              48
  210        -953.844     303.649        -953.844     303.649             210             210
   31        1125.868    -351.576        1125.868    -351.576              31              31
  156         697.586   -1904.541         697.586   -1904.541             156             156
  119          87.888     566.763          87.888     566.763             119             119
  196        -221.762     -41.015        -221.762     -41.015             196             196
  156        -405.193     955.099        -405.193     955.099             156             156
    8        -466.522    1289.420        -466.522    1289.420               8               8
   20         -80.708     779.829         -80.708     779.829              20              20
   93         -85.751    1402.277         -85.751    1402.277              93              93
  178        -399.966     725.366        -399.966     725.366             178             178
    6        1087.197      15.427        1087.197      15.427               6               6
  242        1259.023      55.241        1259.023      55.241             242             242
    7       -1134.197   -1457.820       -1134.197   -1457.820               7               7
   11        -652.889    -918.843        -652.889    -918.843              11              11
  218         913.683    -433.837         913.683    -433.837             218             218
   85        1414.124   -1274.592        1414.124   -1274.592              85              85
   54         361.910    1324.050         361.910    1324.050              54              54
   23        1157.784    1680.355        1157.784    1680.355              23              23
  182        -843.309    -811.408        -843.309    -811.408             182             182
   17        -416.286    -105.572        -416.286    -105.572              17              17
   91        -961.497      34.297        -961.497      34.297              91              91
  197          95.653     190.170          95.653     190.170             197             197
  200          43.684     152.680          43.684     152.680             200             200
  178       -1138.930     301.453       -1138.930     301.453             178             178
   84         294.653     450.747         294.653     450.747              84              84
  160        -170.502       2.619        -170.502       2.619             160             160
  160        1157.947   -1304.200        1157.947   -1304.200             160             160
  203          57.004    -133.558          57.004    -133.558             203             203
  115       -1973.522    -168.611       -1973.522    -168.611             115             115
   18         248.944    -539.127         248.944    -539.127              18              18
  251         176.821     669.614         176.821     669.614             251             251
   70         435.605    -996.151         435.605    -996.151              70              70
   50       -1752.239    -890.920       -1752.239    -890.920              50              50
  152        -220.112    -503.407        -220.112    -503.407             152             152
  189        1340.324    -347.901        1340.324    -347.901             189             189
  247        -910.496    -499.709        -910.496    -499.709             247             247
   52       -1168.141      47.294       -1168.141      47.294              52              52
  198        1362.274    -392.562        1362.274    -392.562             198             198
   11         333.000     420.135         333.000     420.135              11              11
  146        -725.486    1074.627        -725.486    1074.627             146             146
  121       -1438.920     154.300       -1438.920     154.300             121             121
   17       -1203.610    1522.465       -1203.610    1522.465              17              17
  132        -705.662    1897.630        -705.662    1897.630             132             132
  128         449.924    -865.490         449.924    -865.490             128             128
   29        1124.861     166.004        1124.861     166.004              29              29
   94       -1461.746     368.770       -1461.746     368.770              94              94
  214        -550.140    -855.435        -550.140    -855.435             214             214
   84       -1190.126    1295.989       -1190.126    1295.989              84              84
  118          27.105   -1496.320          27.105   -1496.320             118             118
  141         -96.782    -181.460         -96.782    -181.460             141             141
  101         150.460     267.976         150.460     267.976             101             101
  210         968.958    -380.169         968.958    -380.169             210             210
   82         480.928     420.926         480.928     420.926              82              82
   45        -138.128     430.958        -138.128     430.958              45              45
  132         470.780    -187.415         470.780    -187.415             132             132
  166        -871.070     174.247        -871.070     174.247             166             166
  206         -61.227    -704.905         -61.227    -704.905             206             206
   37         687.674    -745.166         687.674    -745.166              37              37
  114        1226.439    -367.823        1226.439    -367.823             114             114
   66        -438.004     665.515        -438.004     665.515              66              66
   56         554.495      69.670         554.495      69.670              56              56
  109        -547.770   -3013.127        -547.770   -3013.127             109             109
  136       -1681.459      82.902       -1681.459      82.902             136             136
  106        -662.940     817.519        -662.940     817.519             106             106
    6         910.232    -427.527         910.232    -427.527               6               6
   70        -357.410    -388.306        -357.410    -388.306              70              70
   97        -540.885    -998.114        -540.885    -998.114              97              97
   58        -354.574    -797.105        -354.574    -797.105              58              58
   12         125.631     604.671         125.631     604.671              12              12
  109        -614.988    -109.597        -614.988    -109.597             109             109
  205         -70.680    -635.810         -70.680    -635.810             205             205
  134       -1988.704    -283.462       -1988.704    -283.462             134             134
  126        -313.790      13.146        -313.790      13.146             126             126
   81        -191.942     441.240        -191.942     441.240              81              81
    7       -1089.956     805.035       -1089.956     805.035               7               7
  156        -940.099     115.876        -940.099     115.876             156             156
  176         254.430    -896.421         254.430    -896.421             176             176
  221         271.177    -121.385         271.177    -121.385             221             221
  240         106.555     244.750         106.555     244.750             240             240
   38        -707.625     207.267        -707.625     207.267              38              38
  106        -962.000      -0.084        -962.000      -0.084             106             106
   86        -707.523    -207.379        -707.523    -207.379              86              86
  249         106.659    -244.691         106.659    -244.691             249             249
  189         271.156     121.493         271.156     121.493             189             189
  131         254.199     896.454         254.199     896.454             131             131
  126        -940.164    -116.107        -940.164    -116.107             126             126
  100       -1089.813    -805.225       -1089.813    -805.225             100             100
   82        -191.846    -441.202        -191.846    -441.202              82              82
  163        -313.836     -13.107        -313.836     -13.107             163             163
  214       -1988.707     283.210       -1988.707     283.210             214             214
  148         -70.670     635.829         -70.670     635.829             148             148
  219        -614.920     109.487        -614.920     109.487             219             219
   68         125.802    -604.579         125.802    -604.579              68              68
   28        -354.673     797.148        -354.673     797.148              28              28
   70        -540.990     998.033        -540.990     998.033              70              70
   75        -357.372     388.211        -357.372     388.211              75              75
   99         910.179     427.623         910.179     427.623              99              99
  167        -662.865    -817.619        -662.865    -817.619             167             167
  134       -1681.375     -83.024       -1681.375     -83.024             134             134
  112        -548.085    3013.022        -548.085    3013.022             112             112
   20         554.645     -69.761         554.645     -69.761              20              20
   83        -437.757    -665.635        -437.757    -665.635              83              83
  246        1226.485     368.047        1226.485     368.047             246             246
  147         687.532     745.252         687.532     745.252             147             147
  164         -61.390     704.795         -61.390     704.795             164             164
  253        -870.998    -174.495        -870.998    -174.495             253             253
   47         470.821     187.406         470.821     187.406              47              47
   84        -138.003    -431.056        -138.003    -431.056              84              84
  219         481.061    -420.854         481.061    -420.854             219             219
   31         968.874     380.316         968.874     380.316              31              31
  123         150.424    -267.970         150.424    -267.970             123             123
   70         -96.884     181.466         -96.884     181.466              70              70
  117          26.758    1496.221          26.758    1496.221             117             117
  117       -1189.965   -1296.283       -1189.965   -1296.283             117             117
    3        -550.276     855.298        -550.276     855.298               3               3
  249       -1461.576    -369.116       -1461.576    -369.116             249             249
  243        1124.987    -165.871        1124.987    -165.871             243             243
  103         449.708     865.403         449.708     865.403             103             103
   76        -705.437   -1897.905        -705.437   -1897.905              76              76
  150       -1203.376   -1522.630       -1203.376   -1522.630             150             150
   62       -1438.805    -154.486       -1438.805    -154.486              62              62
  224        -725.125   -1074.685        -725.125   -1074.685             224             224
  114         333.243    -419.943         333.243    -419.943             114             114
  131        1362.214     392.897        1362.214     392.897             131             131
  253       -1168.164     -47.405       -1168.164     -47.405             253             253
  184        -910.443     499.635        -910.443     499.635             184             184
  206        1340.334     348.179        1340.334     348.179             206             206
   96        -220.264     503.419        -220.264     503.419              96              96
   95       -1752.318     890.637       -1752.318     890.637              95              95
   84         435.578     996.139         435.578     996.139              84              84
  208         176.984    -669.638         176.984    -669.638             208             208
  116         248.829     539.168         248.829     539.168             116             116
  167       -1973.472     168.252       -1973.472     168.252             167             167
  199          57.194     133.571          57.194     133.571             199             199
    7        1157.817    1304.324        1157.817    1304.324               7               7
   76        -170.485      -2.793        -170.485      -2.793              76              76
  197         294.729    -450.791         294.729    -450.791             197             197
   55       -1138.835    -301.689       -1138.835    -301.689              55              55
  161          43.814    -152.703          43.814    -152.703             161             161
  160          95.727    -190.173          95.727    -190.173             160             160
   86        -961.420     -34.468        -961.420     -34.468              86              86
   28        -416.166     105.487        -416.166     105.487              28              28
  230        -843.225     811.153        -843.225     811.153             230             230
  204        1158.272   -1680.247        1158.272   -1680.247             204             204
  145         362.269   -1323.850         362.269   -1323.850             145             145
  234        1413.990    1274.957        1413.990    1274.957             234             234
  198         913.560     434.013         913.560     434.013             198             198
  133        -653.082     918.734        -653.082     918.734             133             133
   82       -1134.305    1457.506       -1134.305    1457.506              82              82
   18        1259.184     -55.218        1259.184     -55.218              18              18
   27        1087.186     -15.418        1087.186     -15.418              27              27
  144        -399.873    -725.601        -399.873    -725.601             144             144
  242         -85.487   -1402.373         -85.487   -1402.373             242             242
  142         -80.550    -779.861         -80.550    -779.861             142             142
   20        -466.255   -1289.469        -466.255   -1289.469              20              20
  239        -404.933    -955.046        -404.933    -955.046             239             239
   70        -221.632      41.104        -221.632      41.104              70              70
  227          88.143    -566.585          88.143    -566.585             227             227
   80         697.404    1904.738         697.404    1904.738              80              80
  166        1125.835     351.687        1125.835     351.687             166             166
   55        -953.725    -303.869        -953.725    -303.869              55              55
   32        1022.068   -1134.016        1022.068   -1134.016              32              32
   26           8.366     402.393           8.366     402.393              26              26
  223         622.498     786.400         622.498     786.400             223             223
  232         468.690     362.045         468.690     362.045             232             232
   34         -73.777     339.322         -73.777     339.322              34              34
   44        -832.790    -240.322        -832.790    -240.322              44              44
  173        2059.119     643.745        2059.119     643.745             173             173
   89         655.836     502.444         655.836     502.444              89              89
  205        1428.773     789.265        1428.773     789.265             205             205
   77       -1791.175     974.662       -1791.175     974.662              77              77
  175        2626.572    -383.808        2626.572    -383.808             175             175
  234         473.914    1088.108         473.914    1088.108             234             234
   52         998.766     641.845         998.766     641.845              52              52
  124        -122.710    -302.438        -122.710    -302.438             124             124
  124         -65.542     246.448         -65.542     246.448             124             124
   30        -963.137     868.045        -963.137     868.045              30              30
   66        -781.340     202.436        -781.340     202.436              66              66
    1         538.374    -476.038         538.374    -476.038               1               1
  112        -437.251    -953.404        -437.251    -953.404             112             112
   85         534.084   -1053.514         534.084   -1053.514              85              85
   29        -761.645     428.889        -761.645     428.889              29              29
    1       -1264.713     -38.136       -1264.713     -38.136               1               1
   72         172.860    -689.643         172.860    -689.643              72              72
  171         563.433    -375.606         563.433    -375.606             171             171
   22       -1096.658     419.085       -1096.658     419.085              22              22
   56          13.777     314.391          13.777     314.391              56              56
  242        -248.473    -457.297        -248.473    -457.297             242             242
  249          45.203    -527.948          45.203    -527.948             249             249
  136         578.322    1141.406         578.322    1141.406             136             136
  152        -232.324    -695.088        -232.324    -695.088             152             152
   49          -6.641   -1455.832          -6.641   -1455.832              49              49
  169        -255.698   -1426.986        -255.698   -1426.986             169             169
  179        1182.890   -1018.547        1182.890   -1018.547             179             179
   17         346.286     -20.909         346.286     -20.909              17              17
  145        1072.578    -360.834        1072.578    -360.834             145             145
  213        1649.302     318.946        1649.302     318.946             213             213
   61           5.075     656.538           5.075     656.538              61              61
   62         529.066   -1412.657         529.066   -1412.657              62              62
   46       -1743.661   -1230.950       -1743.661   -1230.950              46              46
   11        -702.015     122.054        -702.015     122.054              11              11
  140        -926.288    -334.934        -926.288    -334.934             140             140
  222         673.098    -254.579         673.098    -254.579             222             222
  245        -894.669    -334.358        -894.669    -334.358             245             245
  193         483.932     948.297         483.932     948.297             193             193
   90         762.036     880.503         762.036     880.503              90              90
  114          92.438    1637.001          92.438    1637.001             114             114
  223         364.508    -288.892         364.508    -288.892             223             223
