SINAL     NFT                         FFT                         NFT INVERSA     FFT INVERSA
-----     -----------------------     -----------------------     -----------     -----------
  170       30695.000       0.000       30695.000       0.000             170             170
  234        -113.454     539.608        -113.454     539.608             234             234
   65         -12.647    -834.372         -12.647    -834.372              65              65
  182        -453.209     203.425        -453.209     203.425             182             182
   31        1819.871    1019.442        1819.871    1019.442              31              31
  102         495.995     534.736         495.995     534.736             102             102
   94         161.799     676.993         161.799     676.993              94              94
  195        1099.872     659.973        1099.872     659.973             195             195
   14          84.586     575.338          84.586     575.338              14              14
  236         716.008     317.009         716.008     317.009             236             236
   38         415.481    -588.848         415.481    -588.848              38              38
   85         112.413    1217.460         112.413    1217.460              85              85
  121         423.371    -888.602         423.371    -888.602             121             121
   31       -1013.920     468.725       -1013.920     468.725              31              31
  144        -382.677    -682.193        -382.677    -682.193             144             144
   43        -798.444    -460.483        -798.444    -460.483              43              43
   69         689.752      -2.883         689.752      -2.883              69              69
   48         967.086     232.021         967.086     232.021              48              48
  190         795.943     141.404         795.943     141.404             190             190
  124         521.056    -369.419         521.056    -369.419             124             124
   18        -699.228     287.690        -699.228     287.690              18              18
    1        1412.574      51.929        1412.574      51.929               1               1
  144        -171.455    -886.783        -171.455    -886.783             144             144
   63         369.191    1772.349         369.191    1772.349              63              63
  211         933.093     378.099         933.093     378.099             211             211
  124         944.292    -223.874         944.292    -223.874             124             124
  159        -918.597     268.854        -918.597     268.854             159             159
   30         392.083    1294.197         392.083    1294.197              30              30
  175         216.924    -210.265         216.924    -210.265             175             175
  189         -46.728    1080.276         -46.728    1080.276             189             189
  119         791.058     102.833         791.058     102.833             119             119
   89         765.593     -70.027         765.593     -70.027              89              89
  167        -806.966     731.183        -806.966     731.183             167             167
  185         321.279    -663.227         321.279    -663.227             185             185
   16        -475.298    -939.652        -475.298    -939.652              16              16
  198        -193.382    1044.574        -193.382    1044.574             198             198
   31         397.887    -756.246         397.887    -756.246              31              31
  110        -254.798    -554.420        -254.798    -554.420             110             110
  137        -649.470    -558.122        -649.470    -558.122             137             137
   45         426.233     222.225         426.233     222.225              45              45
   90         496.992    1128.557         496.992    1128.557              90              90
  175          59.148    -365.782          59.148    -365.782             175             175
  131         435.501    -249.094         435.501    -249.094             131             131
  211         214.429     164.383         214.429     164.383             211             211
  207         408.702    -644.081         408.702    -644.081             207             207
   20        -149.731   -1105.917        -149.731   -1105.917              20              20
  254        -101.447     118.769        -101.447     118.769             254             254
   21        1007.425    -230.391        1007.425    -230.391              21              21
   68        -805.839     205.904        -805.839     205.904              68              68
  189       -1420.414    -210.867       -1420.414    -210.867             189             189
  146          37.179    -483.848          37.179    -483.848             146             146
   87       -1008.001    1138.213       -1008.001    1138.213              87              87
  190         388.553    -803.409         388.553    -803.409             190             190
   35         662.297     104.710         662.297     104.710              35              35
  150        -448.003    -399.664        -448.003    -399.664             150             150
  146        1492.043     798.507        1492.043     798.507             146             146
  159        -322.219    -319.143        -322.219    -319.143             159             159
   54         617.423   -2128.863         617.423   -2128.863              54              54
  177         -62.177     219.045         -62.177     219.045             177             177
   78        -476.341     273.088        -476.341     273.088              78              78
  243         827.018     -42.501         827.018     -42.501             243             243
   40        -276.036   -1295.256        -276.036   -1295.256              40              40
  167        1282.099    1045.587        1282.099    1045.587             167             167
  154        -820.722     -14.192        -820.722     -14.192             154             154
  226         682.005    -512.962         682.005    -512.962             226             226
  183        -370.498    1287.724        -370.498    1287.724             183             183
   96       -2002.275    -541.536       -2002.275    -541.536              96              96
    1         654.561    -102.298         654.561    -102.298               1               1
   38        -136.299   -1275.625        -136.299   -1275.625              38              38
  234        1738.936     780.607        1738.936     780.607             234             234
   47        -215.600     755.067        -215.600     755.067              47              47
  128         656.225     373.510         656.225     373.510             128             128
  154         852.244    -648.218         852.244    -648.218             154             154
  179       -1401.697     323.418       -1401.697     323.418             179             179
   84        1308.157   -2158.357        1308.157   -2158.357              84              84
  105         509.831    -832.982         509.831    -832.982             105             105
  199         419.047      82.053         419.047      82.053             199             199
   83         447.331    1462.138         447.331    1462.138              83              83
  127        1614.304    1090.018        1614.304    1090.018             127             127
   12        -242.577     973.899        -242.577     973.899              12              12
   16         421.969     810.824         421.969     810.824              16              16
   17         160.721     858.392         160.721     858.392              17              17
  100         661.932     743.307         661.932     743.307             100             100
  207         284.255     203.721         284.255     203.721             207             207
   52       -1121.422    -405.170       -1121.422    -405.170              52              52
  251        1254.600    -481.711        1254.600    -481.711             251             251
   97        -529.326    -273.497        -529.326    -273.497              97              97
  212         659.029    1221.534         659.029    1221.534             212             212
   49         672.522     199.599         672.522     199.599              49              49
   19        1319.969    -349.572        1319.969    -349.572              19              19
   34        -817.218    -269.229        -817.218    -269.229              34              34
   36        -317.114   -1429.320        -317.114   -1429.320              36              36
   59       -1337.306     924.955       -1337.306     924.955              59              59
  202        1264.937    1614.299        1264.937    1614.299             202             202
  191        -800.930      43.313        -800.930      43.313             191             191
   29         288.530    -926.645         288.530    -926.645              29              29
  130        -681.086    -548.847        -681.086    -548.847             130             130
   32       -1017.776   -1094.849       -1017.776   -1094.849              32              32
   31        -400.265     182.973        -400.265     182.973              31              31
  168           9.146     -28.382           9.146     -28.382             168             168
   10         114.994     511.233         114.994     511.233              10              10
   79        -990.940     526.759        -990.940     526.759              79              79
   40        -675.157      67.876        -675.157      67.876              40              40
  164       -1067.872    -923.100       -1067.872    -923.100             164             164
    2         801.578     672.516         801.578     672.516               2               2
  125        -610.743     782.543        -610.743     782.543             125             125
   14         199.256      -8.354         199.256      -8.354              14              14
  202        -344.860     525.030        -344.860     525.030             202             202
  208        1024.763    -180.723        1024.763    -180.723             208             208
  141         292.470     772.708         292.470     772.708             141             141
  215        -389.975    -496.739        -389.975    -496.739             215             215
  225         738.779     235.773         738.779     235.773             225             225
  159        1506.054   -1625.916        1506.054   -1625.916             159             159
   59       -1490.389    -100.026       -1490.389    -100.026              59              59
  176         -33.010    2033.301         -33.010    2033.301             176             176
  212        -578.118    -792.690        -578.118    -792.690             212             212
   55         406.807   -1101.240         406.807   -1101.240              55              55
   18         769.783     918.716         769.783     918.716              18              18
  168        -936.282    -829.240        -936.282    -829.240             168             168
  104          76.276   -1613.789          76.276   -1613.789             104             104
   37        -238.891   -1514.460        -238.891   -1514.460              37              37
  202       -1096.945     293.113       -1096.945     293.113             202             202
  141       -1182.359    1272.316       -1182.359    1272.316             141             141
   97       -1585.307     600.355       -1585.307     600.355              97              97
  149         286.470   -1291.969         286.470   -1291.969             149             149
   76        -401.267    -378.304        -401.267    -378.304              76              76
  127        -755.418    2789.565        -755.418    2789.565             127             127
   23       -1277.891    1427.718       -1277.891    1427.718              23              23
  109       -1923.000      -0.302       -1923.000      -0.302             109             109
  159       -1277.559   -1428.146       -1277.559   -1428.146             159             159
  191        -754.841   -2789.640        -754.841   -2789.640             191             191
  119        -401.235     378.419        -401.235     378.419             119             119
  239         286.249    1292.009         286.249    1292.009             239             239
  232       -1585.218    -600.706       -1585.218    -600.706             232             232
   28       -1182.053   -1272.460       -1182.053   -1272.460              28              28
  241       -1096.740    -293.112       -1096.740    -293.112             241             241
  102        -238.972    1514.551        -238.972    1514.551             102             102
   43          76.116    1613.763          76.116    1613.763              43              43
  188        -936.273     828.930        -936.273     828.930             188             188
   54         770.084    -918.655         770.084    -918.655              54              54
  185         406.655    1101.276         406.655    1101.276             185             185
  148        -578.211     792.405        -578.211     792.405             148             148
   23         -32.613   -2033.384         -32.613   -2033.384              23              23
   88       -1490.238      99.875       -1490.238      99.875              88              88
  208        1505.960    1626.127        1505.960    1626.127             208             208
  200         738.826    -235.769         738.826    -235.769             200             200
   44        -390.032     496.558        -390.032     496.558              44              44
    7         292.676    -772.756         292.676    -772.756               7               7
  219        1024.724     180.828        1024.724     180.828             219             219
  213        -344.812    -525.157        -344.812    -525.157             213             213
  111         199.233       8.324         199.233       8.324             111             111
    1        -610.605    -782.692        -610.605    -782.692               1               1
  159         801.654    -672.334         801.654    -672.334             159             159
  253       -1068.090     922.927       -1068.090     922.927             253             253
   99        -675.128     -68.072        -675.128     -68.072              99              99
   53        -990.770    -526.971        -990.770    -526.971              53              53
   74         115.174    -511.198         115.174    -511.198              74              74
  227           9.171      28.418           9.171      28.418             227             227
   76        -400.227    -182.981        -400.227    -182.981              76              76
  183       -1017.898    1094.701       -1017.898    1094.701             183             183
  130        -681.037     548.677        -681.037     548.677             130             130
   12         288.488     926.567         288.488     926.567              12              12
   47        -800.791     -43.644        -800.791     -43.644              47              47
  113        1265.273   -1614.175        1265.273   -1614.175             113             113
  245       -1337.113    -925.081       -1337.113    -925.081             245             245
   76        -317.208    1429.307        -317.208    1429.307              76              76
   99        -817.043     269.008        -817.043     269.008              99              99
   91        1320.111     349.685        1320.111     349.685              91              91
  119         672.638    -199.618         672.638    -199.618             119             119
   32         659.264   -1221.458         659.264   -1221.458              32              32
  146        -529.296     273.435        -529.296     273.435             146             146
   48        1254.561     481.875        1254.561     481.875              48              48
  180       -1121.442     404.866       -1121.442     404.866             180             180
  170         284.440    -203.825         284.440    -203.825             170             170
  137         662.153    -743.321         662.153    -743.321             137             137
  132         160.941    -858.442         160.941    -858.442             132             132
  114         422.182    -810.798         422.182    -810.798             114             114
  182        -242.283    -973.955        -242.283    -973.955             182             182
  139        1614.583   -1089.716        1614.583   -1089.716             139             139
   78         447.582   -1461.920         447.582   -1461.920              78              78
  139         419.090     -81.761         419.090     -81.761             139             139
  251         509.728     833.247         509.728     833.247             251             251
   79        1307.735    2158.565        1307.735    2158.565              79              79
   43       -1401.643    -323.742       -1401.643    -323.742              43              43
  249         852.233     648.293         852.233     648.293             249             249
  178         656.294    -373.495         656.294    -373.495             178             178
   96        -215.426    -755.125        -215.426    -755.125              96              96
   67        1739.053    -780.224        1739.053    -780.224              67              67
  149        -136.606    1275.652        -136.606    1275.652             149             149
  173         654.422     102.364         654.422     102.364             173             173
  250       -2002.403     541.118       -2002.403     541.118             250             250
   24        -370.149   -1287.807        -370.149   -1287.807              24              24
  186         681.985     513.113         681.985     513.113             186             186
   42        -820.635      14.020        -820.635      14.020              42              42
  138        1282.349   -1045.309        1282.349   -1045.309             138             138
  175        -276.228    1295.265        -276.228    1295.265             175             175
  118         827.026      42.596         827.026      42.596             118             118
  237        -476.292    -273.161        -476.292    -273.161             237             237
   11         -62.064    -218.956         -62.064    -218.956              11              11
  237         617.114    2128.963         617.114    2128.963             237             237
   14        -322.204     318.932        -322.204     318.932              14              14
  157        1492.192    -798.322        1492.192    -798.322             157             157
   30        -448.097     399.573        -448.097     399.573              30              30
  195         662.315    -104.626         662.315    -104.626             195             195
   71         388.335     803.397         388.335     803.397              71              71
  167       -1007.851   -1138.424       -1007.851   -1138.424             167             167
   71          37.090     483.877          37.090     483.877              71              71
  186       -1420.413     210.593       -1420.413     210.593             186             186
   94        -805.623    -206.057        -805.623    -206.057              94              94
  211        1007.519     230.557        1007.519     230.557             211             211
    8        -101.373    -118.762        -101.373    -118.762               8               8
  234        -149.818    1105.885        -149.818    1105.885             234             234
  207         408.691     644.046         408.691     644.046             207             207
   87         214.532    -164.440         214.532    -164.440              87              87
   21         435.517     249.098         435.517     249.098              21              21
  200          59.143     365.669          59.143     365.669             200             200
   10         497.229   -1128.544         497.229   -1128.544              10              10
  118         426.260    -222.115         426.260    -222.115             118             118
   12        -649.547     558.029        -649.547     558.029              12              12
  159        -254.798     554.335        -254.798     554.335             159             159
   36         397.831     756.192         397.831     756.192              36              36
    7        -193.164   -1044.670        -193.164   -1044.670               7               7
  184        -475.357     939.550        -475.357     939.550             184             184
  222         321.265     663.130         321.265     663.130             222             222
   49        -806.701    -731.451        -806.701    -731.451              49              49
   66         765.756      70.066         765.756      70.066              66              66
  141         791.153    -102.832         791.153    -102.832             141             141
  167         -46.482   -1080.359         -46.482   -1080.359             167             167
   48         216.984     210.231         216.984     210.231              48              48
  153         392.364   -1294.183         392.364   -1294.183             153             153
  148        -918.409    -268.982        -918.409    -268.982             148             148
   62         944.446     224.000         944.446     224.000              62              62
   54         933.248    -378.027         933.248    -378.027              54              54
  179         369.544   -1772.237         369.544   -1772.237             179             179
    1        -171.485     886.835        -171.485     886.835               1               1
  126        1412.653     -51.713        1412.653     -51.713             126             126
   91        -699.111    -287.797        -699.111    -287.797              91              91
   73         521.149     369.503         521.149     369.503              73              73
   56         796.082    -141.300         796.082    -141.300              56              56
  185         967.178    -231.858         967.178    -231.858             185             185
   29         689.726       3.023         689.726       3.023              29              29
   64        -798.509     460.355        -798.509     460.355              64              64
  163        -382.692     682.060        -382.692     682.060             163             163
  237       -1013.646    -468.953       -1013.646    -468.953             237             237
  151         423.466     888.580         423.466     888.580             151             151
  185         112.840   -1217.516         112.840   -1217.516             185             185
  181         415.625     588.879         415.625     588.879             181             181
  161         716.283    -316.993         716.283    -316.993             161             161
   48          84.934    -575.399          84.934    -575.399              48              48
  194        1100.241    -659.830        1100.241    -659.830             194             194
   65         162.183    -676.975         162.183    -676.975              65              65
   84         496.456    -534.645         496.456    -534.645              84              84
  201        1820.378   -1019.073        1820.378   -1019.073             201             201
  249        -452.751    -203.376        -452.751    -203.376             249             249
   50         -12.007     834.412         -12.007     834.412              50              50
  250        -111.746    -539.616        -111.746    -539.616             250             250
