SINAL     NFT                         FFT                         NFT INVERSA     FFT INVERSA
-----     -----------------------     -----------------------     -----------     -----------
  234       31259.000       0.000       31259.000       0.000             234             234
  204        -253.105     333.732        -253.105     333.732             204             204
   51          -3.505    -215.095          -3.505    -215.095              51              51
  128         906.861      99.754         906.861      99.754             128             128
  204        -335.386   -1568.968        -335.386   -1568.968             204             204
  175       -1057.860     602.520       -1057.860     602.520             175             175
   63         490.342   -1216.348         490.342   -1216.348              63              63
   86        -727.994     313.565        -727.994     313.565              86              86
  125         841.186    -461.999         841.186    -461.999             125             125
  118       -1452.097     575.840       -1452.097     575.840             118             118
  173       -1552.613     944.100       -1552.613     944.100             173             173
   29        1227.126    -170.740        1227.126    -170.740              29              29
  233        1443.834   -1788.395        1443.834   -1788.395             233             233
   66          20.073   -1302.645          20.073   -1302.645              66              66
  166        -902.987     685.356        -902.987     685.356             166             166
  148        1224.121   -1120.305        1224.121   -1120.305             148             148
   97         715.731    -408.685         715.731    -408.685              97              97
  155        -970.896    -587.806        -970.896    -587.806             155             155
  122         558.286   -1121.365         558.286   -1121.365             122             122
   82         349.368     335.375         349.368     335.375              82              82
  238         429.508     509.195         429.508     509.195             238             238
  238         542.046      76.662         542.046      76.662             238             238
  231        -160.887    -941.264        -160.887    -941.264             231             231
   48         397.752   -1593.377         397.752   -1593.377              48              48
   52        1036.701    -480.547        1036.701    -480.547              52              52
  226         587.908    -608.598         587.908    -608.598             226             226
  120        1019.887     173.811        1019.887     173.811             120             120
  202        1674.274     853.180        1674.274     853.180             202             202
   37        1121.682    -614.873        1121.682    -614.873              37              37
  168         353.490    -325.046         353.490    -325.046             168             168
   39         437.198    1060.023         437.198    1060.023              39              39
   16        -699.468    1878.296        -699.468    1878.296              16              16
  116         -72.954    -135.973         -72.954    -135.973             116             116
   91        -719.975     874.158        -719.975     874.158              91              91
  144       -1354.014    -827.576       -1354.014    -827.576             144             144
   65        1229.184     391.638        1229.184     391.638              65              65
   10         647.825     987.948         647.825     987.948              10              10
  208        -710.138     950.166        -710.138     950.166             208             208
  151        -217.281    -364.009        -217.281    -364.009             151             151
  135         816.243     256.104         816.243     256.104             135             135
   71         142.000    -488.910         142.000    -488.910              71              71
   69        -594.570   -1207.677        -594.570   -1207.677              69              69
  165       -1249.921     341.455       -1249.921     341.455             165             165
   49         312.083   -1189.499         312.083   -1189.499              49              49
  135         579.848       8.280         579.848       8.280             135             135
   75        -121.862     975.784        -121.862     975.784              75              75
  198         651.378     776.610         651.378     776.610             198             198
  233        1505.738      55.222        1505.738      55.222             233             233
  230          50.630    1395.946          50.630    1395.946             230             230
   64        1363.437     398.516        1363.437     398.516              64              64
   59        1165.568     117.112        1165.568     117.112              59              59
  213        -102.604    1078.345        -102.604    1078.345             213             213
   47       -1888.816    -117.986       -1888.816    -117.986              47              47
   35        -142.693    1155.314        -142.693    1155.314              35              35
    6        1015.367    -793.946        1015.367    -793.946               6               6
  100        -600.164    -802.678        -600.164    -802.678             100             100
    5         837.605     606.034         837.605     606.034               5               5
  127        -131.907    -609.920        -131.907    -609.920             127             127
   46        -330.036    1219.111        -330.036    1219.111              46              46
   42        -182.028    1323.859        -182.028    1323.859              42              42
   39        1348.851     496.670        1348.851     496.670              39              39
   86         562.931   -1466.605         562.931   -1466.605              86              86
   58         153.321    -194.525         153.321    -194.525              58              58
  156        -218.833   -1086.428        -218.833   -1086.428             156             156
  177         938.049   -1490.964         938.049   -1490.964             177             177
  203        -546.211      74.058        -546.211      74.058             203             203
  221         855.531    -183.577         855.531    -183.577             221             221
  187        -805.637    -827.285        -805.637    -827.285             187             187
  156        1063.350    -241.279        1063.350    -241.279             156             156
  117        1072.780    1217.765        1072.780    1217.765             117             117
   66          19.603     367.105          19.603     367.105              66              66
  227        -345.535    -629.747        -345.535    -629.747             227             227
  187        1310.121    -636.982        1310.121    -636.982             187             187
  231        -590.562     362.235        -590.562     362.235             231             231
   21         107.760     542.806         107.760     542.806              21              21
   66        -672.421     168.441        -672.421     168.441              66              66
   51          -7.810   -1120.892          -7.810   -1120.892              51              51
  219        -940.931    -860.191        -940.931    -860.191             219             219
   44        -208.628     -38.448        -208.628     -38.448              44              44
   26        -661.041    -888.964        -661.041    -888.964              26              26
   28        1090.412     786.507        1090.412     786.507              28              28
  103         125.164    -904.949         125.164    -904.949             103             103
  239         236.301    -306.859         236.301    -306.859             239             239
   75        -103.525     297.921        -103.525     297.921              75              75
  139        -436.201    -654.380        -436.201    -654.380             139             139
  245        1658.517    -100.476        1658.517    -100.476             245             245
  176         -14.377     590.143         -14.377     590.143             176             176
  145         156.475     177.660         156.475     177.660             145             145
  116       -1419.317     296.001       -1419.317     296.001             116             116
  222         321.866   -1005.683         321.866   -1005.683             222             222
  188         185.127    -824.763         185.127    -824.763             188             188
  156         771.146     505.104         771.146     505.104             156             156
   53       -1762.183   -1752.591       -1762.183   -1752.591              53              53
  246         234.924     -60.684         234.924     -60.684             246             246
   57         903.939    -788.977         903.939    -788.977              57              57
  230        -287.655    -189.225        -287.655    -189.225             230             230
  194         332.817    1676.061         332.817    1676.061             194             194
   23        -144.047    -527.838        -144.047    -527.838              23              23
  161        -906.495    -204.746        -906.495    -204.746             161             161
   95        -190.888    1093.051        -190.888    1093.051              95              95
  140       -1893.343   -1694.993       -1893.343   -1694.993             140             140
  228        1177.238    1086.944        1177.238    1086.944             228             228
   67         -72.577     113.554         -72.577     113.554              67              67
   71         932.499    1384.863         932.499    1384.863              71              71
  204           2.734    -186.253           2.734    -186.253             204             204
   88         995.158    -936.210         995.158    -936.210              88              88
  138        1113.151    -982.234        1113.151    -982.234             138             138
    0        -370.570    -889.056        -370.570    -889.056              -0              -0
   51        -103.423   -1541.539        -103.423   -1541.539              51              51
  182         443.866     883.460         443.866     883.460             182             182
   26         -54.709    -564.046         -54.709    -564.046              26              26
   79         464.889      18.918         464.889      18.918              79              79
   30         759.087     381.867         759.087     381.867              30              30
   10         414.757    -527.917         414.757    -527.917              10              10
  155       -1279.030    -587.579       -1279.030    -587.579             155             155
  169         738.296     510.070         738.296     510.070             169             169
    0        1156.939     297.964        1156.939     297.964              -0              -0
   75       -1193.855    -168.316       -1193.855    -168.316              75              75
   58        -853.856     -64.695        -853.856     -64.695              58              58
  117       -1122.208    -403.965       -1122.208    -403.965             117             117
   42        -783.061     652.289        -783.061     652.289              42              42
  246         456.036     162.509         456.036     162.509             246             246
   17         409.897    1389.420         409.897    1389.420              17              17
   95        -827.072     679.560        -827.072     679.560              95              95
  237        -804.128   -2137.233        -804.128   -2137.233             237             237
   74        2174.299     813.717        2174.299     813.717              74              74
   70        -546.049    1007.356        -546.049    1007.356              70              70
  176        1045.415   -1583.368        1045.415   -1583.368             176             176
   97        -807.000      -0.025        -807.000      -0.025              97              97
  232        1045.165    1583.482        1045.165    1583.482             232             232
   15        -545.857   -1007.558        -545.857   -1007.558              15              15
  238        2174.370    -813.284        2174.370    -813.284             238             238
  204        -804.650    2137.050        -804.650    2137.050             204             204
   83        -826.971    -679.888        -826.971    -679.888              83              83
   54         410.136   -1389.390         410.136   -1389.390              54              54
  153         455.971    -162.405         455.971    -162.405             153             153
  171        -783.059    -652.372        -783.059    -652.372             171             171
  193       -1122.292     403.825       -1122.292     403.825             193             193
  153        -853.812      64.554        -853.812      64.554             153             153
  223       -1193.718     168.100       -1193.718     168.100             223             223
  119        1157.137    -297.785        1157.137    -297.785             119             119
  179         738.360    -509.893         738.360    -509.893             179             179
   46       -1279.086     587.421       -1279.086     587.421              46              46
  150         414.804     527.961         414.804     527.961             150             150
  189         759.212    -381.755         759.212    -381.755             189             189
  202         464.894     -18.799         464.894     -18.799             202             202
   64         -54.789     564.040         -54.789     564.040              64              64
  190         444.028    -883.312         444.028    -883.312             190             190
   21        -103.674    1541.609        -103.674    1541.609              21              21
  123        -370.632     888.965        -370.632     888.965             123             123
   51        1113.068     982.347        1113.068     982.347              51              51
   64         994.969     936.228         994.969     936.228              64              64
  114           2.669     186.045           2.669     186.045             114             114
   68         932.682   -1384.818         932.682   -1384.818              68              68
  160         -72.627    -113.592         -72.627    -113.592             160             160
   96        1177.269   -1086.697        1177.269   -1086.697              96              96
  143       -1893.740    1694.659       -1893.740    1694.659             143             143
  230        -190.693   -1093.156        -190.693   -1093.156             230             230
   16        -906.494     204.608        -906.494     204.608              16              16
  241        -144.049     527.735        -144.049     527.735             241             241
  206         333.145   -1676.004         333.145   -1676.004             206             206
   32        -287.634     189.303        -287.634     189.303              32              32
  224         903.824     789.181         903.824     789.181             224             224
  155         234.824      60.771         234.824      60.771             155             155
  115       -1762.442    1752.261       -1762.442    1752.261             115             115
   22         771.335    -505.040         771.335    -505.040              22              22
   52         185.001     824.785         185.001     824.785              52              52
   31         321.658    1005.624         321.658    1005.624              31              31
  215       -1419.232    -296.370       -1419.232    -296.370             215             215
  206         156.632    -177.713         156.632    -177.713             206             206
  254         -14.151    -590.166         -14.151    -590.166             254             254
   79        1658.523     100.779        1658.523     100.779              79              79
  129        -436.355     654.278        -436.355     654.278             129             129
   45        -103.440    -297.969        -103.440    -297.969              45              45
  230         236.288     306.909         236.288     306.909             230             230
   63         125.052     904.906         125.052     904.906              63              63
  247        1090.503    -786.356        1090.503    -786.356             247             247
   38        -661.261     888.857        -661.261     888.857              38              38
  254        -208.653      38.387        -208.653      38.387             254             254
   13        -941.041     860.009        -941.041     860.009              13              13
  162          -7.932    1120.761          -7.932    1120.761             162             162
   49        -672.311    -168.720        -672.311    -168.720              49              49
   77         107.953    -542.878         107.953    -542.878              77              77
   20        -590.357    -362.344        -590.357    -362.344              20              20
  117        1310.114     637.181        1310.114     637.181             117             117
  238        -345.595     629.578        -345.595     629.578             238             238
  116          19.793    -367.237          19.793    -367.237             116             116
    5        1073.080   -1217.595        1073.080   -1217.595               5               5
  212        1063.281     241.527        1063.281     241.527             212             212
  133        -805.764     827.146        -805.764     827.146             133             133
  246         855.544     183.676         855.544     183.676             246             246
  162        -546.150     -74.130        -546.150     -74.130             162             162
  166         937.853    1491.108         937.853    1491.108             166             166
  215        -218.990    1086.255        -218.990    1086.255             215             215
   61         153.369     194.413         153.369     194.413              61              61
   26         562.767    1466.487         562.767    1466.487              26              26
  237        1348.916    -496.731        1348.916    -496.731             237             237
  114        -181.873   -1324.058        -181.873   -1324.058             114             114
   57        -329.824   -1219.180        -329.824   -1219.180              57              57
  197        -131.942     609.877        -131.942     609.877             197             197
   64         837.726    -605.934         837.726    -605.934              64              64
   56        -600.269     802.537        -600.269     802.537              56              56
   20        1015.252     793.936        1015.252     793.936              20              20
  194        -142.575   -1155.494        -142.575   -1155.494             194             194
  101       -1888.758     117.558       -1888.758     117.558             101             101
  251        -102.184   -1078.459        -102.184   -1078.459             251             251
    2        1165.771    -116.978        1165.771    -116.978               2               2
   93        1363.555    -398.393        1363.555    -398.393              93              93
   33          50.910   -1395.970          50.910   -1395.970              33              33
    0        1505.773     -54.968        1505.773     -54.968              -0              -0
  106         651.437    -776.519         651.437    -776.519             106             106
  195        -121.737    -975.736        -121.737    -975.736             195             195
   49         579.821      -8.057         579.821      -8.057              49              49
  184         311.787    1189.576         311.787    1189.576             184             184
  216       -1249.898    -341.667       -1249.898    -341.667             216             216
  167        -594.676    1207.557        -594.676    1207.557             167             167
  166         142.035     488.808         142.035     488.808             166             166
   76         816.325    -256.081         816.325    -256.081              76              76
  173        -217.346     363.839        -217.346     363.839             173             173
  123        -709.889    -950.415        -709.889    -950.415             123             123
  210         648.106    -987.865         648.106    -987.865             210             210
  164        1229.211    -391.395        1229.211    -391.395             164             164
   29       -1354.186     827.300       -1354.186     827.300              29              29
  120        -719.713    -874.361        -719.713    -874.361             120             120
  123         -72.843     135.875         -72.843     135.875             123             123
   91        -698.973   -1878.449        -698.973   -1878.449              91              91
  146         437.595   -1059.819         437.595   -1059.819             146             146
  105         353.647     325.236         353.647     325.236             105             105
  206        1121.778     615.079        1121.778     615.079             206             206
  204        1674.518    -852.870        1674.518    -852.870             204             204
   46        1019.938    -173.515        1019.938    -173.515              46              46
   15         587.833     608.808         587.833     608.808              15              15
    4        1036.627     480.812        1036.627     480.812               4               4
   67         397.457    1593.460         397.457    1593.460              67              67
  210        -161.016     941.130        -161.016     941.130             210             210
  106         542.118     -76.684         542.118     -76.684             106             106
   62         429.628    -509.157         429.628    -509.157              62              62
  212         349.457    -335.250         349.457    -335.250             212             212
  199         558.095    1121.504         558.095    1121.504             199             199
   96        -970.922     587.613        -970.922     587.613              96              96
  213         715.807     408.783         715.807     408.783             213             213
   50        1223.950    1120.431        1223.950    1120.431              50              50
   36        -902.835    -685.539        -902.835    -685.539              36              36
    7          20.028    1302.667          20.028    1302.667               7               7
  235        1443.645    1788.483        1443.645    1788.483             235             235
  252        1227.028     170.698        1227.028     170.698             252             252
  175       -1552.486    -944.513       -1552.486    -944.513             175             175
  146       -1451.789    -576.112       -1451.789    -576.112             146             146
   73         841.334     462.110         841.334     462.110              73              73
   93        -727.729    -313.707        -727.729    -313.707              93              93
   13         490.386    1216.368         490.386    1216.368              13              13
   27       -1057.445    -602.757       -1057.445    -602.757              27              27
    1        -335.145    1568.829        -335.145    1568.829               1               1
   43         907.462     -99.767         907.462     -99.767              43              43
  147          -2.751     214.955          -2.751     214.955             147             147
  125        -251.398    -333.896        -251.398    -333.896             125             125
