SINAL     NFT                         FFT                         NFT INVERSA     FFT INVERSA
-----     -----------------------     -----------------------     -----------     -----------
    0       30271.000       0.000       30271.000       0.000               0               0
  251        -143.548    -614.363        -143.548    -614.363             251             251
  213         242.333   -1952.856         242.333   -1952.856             213             213
   49         161.841    1361.397         161.841    1361.397              49              49
  163       -1688.648    -206.948       -1688.648    -206.948             163             163
  227        -625.142      56.636        -625.142      56.636             227             227
   69         510.139    -121.875         510.139    -121.875              69              69
   22        -253.022    -625.337        -253.022    -625.337              22              22
  128         468.456     187.777         468.456     187.777             128             128
  132         713.772     224.665         713.772     224.665             132             132
   48        -427.264     240.590        -427.264     240.590              48              48
   36        -247.085     106.606        -247.085     106.606              36              36
  177        1790.466   -1890.800        1790.466   -1890.800             177             177
  175        -350.475     758.203        -350.475     758.203             175             175
  149       -1545.251    -422.578       -1545.251    -422.578             149             149
  157        -265.470   -1050.809        -265.470   -1050.809             157             157
   73        1309.969     799.436        1309.969     799.436              73              73
   59        1179.904     167.714        1179.904     167.714              59              59
   68        -800.296    -481.093        -800.296    -481.093              68              68
  182        -214.677     719.107        -214.677     719.107             182             182
    6         431.064    -493.130         431.064    -493.130               6               6
  230        -316.742    -831.736        -316.742    -831.736             230             230
  120        1342.247     -34.298        1342.247     -34.298             120             120
  144       -1164.894     -91.122       -1164.894     -91.122             144             144
  128         960.531   -1265.707         960.531   -1265.707             128             128
  192        -500.942    -444.126        -500.942    -444.126             192             192
  199        -579.173      -2.184        -579.173      -2.184             199             199
  145       -1048.656    -965.100       -1048.656    -965.100             145             145
  177        -520.364    -591.047        -520.364    -591.047             177             177
   88         138.808    1751.210         138.808    1751.210              88              88
  137        -528.454    -579.838        -528.454    -579.838             137             137
  178         256.134    -210.971         256.134    -210.971             178             178
   83       -1459.836    -886.871       -1459.836    -886.871              83              83
   94        -824.045     199.561        -824.045     199.561              94              94
  227         506.174    -310.509         506.174    -310.509             227             227
  247          30.340    -167.374          30.340    -167.374             247             247
   65        -712.299    -237.246        -712.299    -237.246              65              65
   40        1202.655    1174.773        1202.655    1174.773              40              40
   13         595.196    -625.442         595.196    -625.442              13              13
  194        -463.741   -1281.822        -463.741   -1281.822             194             194
  172          15.836     -76.598          15.836     -76.598             172             172
   62         807.308    -681.855         807.308    -681.855              62              62
  231        -113.185    -111.988        -113.185    -111.988             231             231
   93        -265.710     249.743        -265.710     249.743              93              93
  238        -345.416    1184.728        -345.416    1184.728             238             238
  124        -936.801      87.523        -936.801      87.523             124             124
  251        -538.237   -1498.968        -538.237   -1498.968             251             251
   56         -96.243    -110.524         -96.243    -110.524              56              56
  183        -545.029      47.428        -545.029      47.428             183             183
   63       -1622.961    -601.589       -1622.961    -601.589              63              63
  238        -591.172    1258.577        -591.172    1258.577             238             238
  190         809.877   -1106.613         809.877   -1106.613             190             190
   37        1156.548    -750.531        1156.548    -750.531              37              37
  103       -1298.836    -660.513       -1298.836    -660.513             103             103
   79         679.430   -1174.663         679.430   -1174.663              79              79
  166       -1109.877     310.639       -1109.877     310.639             166             166
   40         194.405    -804.907         194.405    -804.907              40              40
   22        1070.922   -1199.747        1070.922   -1199.747              22              22
   55        1222.610    -319.427        1222.610    -319.427              55              55
  218        1518.352    -879.750        1518.352    -879.750             218             218
  111        1423.156     237.744        1423.156     237.744             111             111
  192         510.799    -973.714         510.799    -973.714             192             192
  140         961.131    -673.046         961.131    -673.046             140             140
  195        -339.248    -568.042        -339.248    -568.042             195             195
   31        -314.077    1257.017        -314.077    1257.017              31              31
  111        1022.352     762.944        1022.352     762.944             111             111
  186        -709.193      67.790        -709.193      67.790             186             186
   96        1041.308    -952.505        1041.308    -952.505              96              96
  151       -2282.723      76.443       -2282.723      76.443             151             151
  200         448.387   -1074.750         448.387   -1074.750             200             200
   35       -1441.541     390.092       -1441.541     390.092              35              35
   67         645.067    -951.917         645.067    -951.917              67              67
    7        -907.766     119.349        -907.766     119.349               7               7
   10        -557.034     542.246        -557.034     542.246              10              10
  161        -976.254   -1035.515        -976.254   -1035.515             161             161
  245        -694.630    -942.711        -694.630    -942.711             245             245
  134         352.248    -201.760         352.248    -201.760             134             134
  156       -2972.982     886.896       -2972.982     886.896             156             156
   46         409.029    -599.922         409.029    -599.922              46              46
   62        -475.408      86.320        -475.408      86.320              62              62
  220        -532.423    1260.946        -532.423    1260.946             220             220
   28        -578.480    1057.196        -578.480    1057.196              28              28
  253       -1326.143     204.710       -1326.143     204.710             253             253
    1          90.102    -727.416          90.102    -727.416               1               1
  132        -582.948    -383.210        -582.948    -383.210             132             132
   76        -659.639    -706.847        -659.639    -706.847              76              76
  167        1506.434    -755.139        1506.434    -755.139             167             167
  173        -405.461     463.546        -405.461     463.546             173             173
   99       -2231.291    -125.571       -2231.291    -125.571              99              99
  223        -663.418    -440.905        -663.418    -440.905             223             223
  135         642.244    -244.966         642.244    -244.966             135             135
  210        -356.753    -801.862        -356.753    -801.862             210             210
  159         489.817    -247.383         489.817    -247.383             159             159
   19         862.375     275.070         862.375     275.070              19              19
  149        -983.638    -514.831        -983.638    -514.831             149             149
  190         653.405     981.363         653.405     981.363             190             190
  130        -754.253    1615.098        -754.253    1615.098             130             130
   80         237.812    -623.868         237.812    -623.868              80              80
   31        1013.377    -727.815        1013.377    -727.815              31              31
   25       -1064.776     869.470       -1064.776     869.470              25              25
   24         193.247     327.109         193.247     327.109              24              24
   66        -401.009    -624.880        -401.009    -624.880              66              66
   93       -1304.943    -246.112       -1304.943    -246.112              93              93
   32         877.846    -443.301         877.846    -443.301              32              32
   76        -115.738    -361.760        -115.738    -361.760              76              76
  254         768.508    1109.848         768.508    1109.848             254             254
   21         431.626     514.862         431.626     514.862              21              21
  211         226.965     343.129         226.965     343.129             211             211
  155       -1549.522     772.641       -1549.522     772.641             155             155
   68         904.097     151.299         904.097     151.299              68              68
   17         758.876      32.462         758.876      32.462              17              17
  119        -231.121      19.782        -231.121      19.782             119             119
   97         551.282     640.923         551.282     640.923              97              97
   15        -983.706   -1675.149        -983.706   -1675.149              15              15
  121       -2685.652     250.447       -2685.652     250.447             121             121
  229        -383.997    -407.972        -383.997    -407.972             229             229
   91         219.091    1047.430         219.091    1047.430              91              91
   33        -330.535    -552.940        -330.535    -552.940              33              33
  146         529.593    -307.848         529.593    -307.848             146             146
  191        -119.908   -1232.957        -119.908   -1232.957             191             191
    0         927.563    1024.956         927.563    1024.956              -0              -0
   25        -567.001    2428.633        -567.001    2428.633              25              25
  145        1693.110    -382.392        1693.110    -382.392             145             145
  160        -242.348    -707.271        -242.348    -707.271             160             160
   44        -453.903    -172.029        -453.903    -172.029              44              44
   39        -121.651     213.041        -121.651     213.041              39              39
   95       -1276.957      36.392       -1276.957      36.392              95              95
  175          39.085    -424.742          39.085    -424.742             175             175
  120        -319.000      -0.007        -319.000      -0.007             120             120
  127          38.982     424.753          38.982     424.753             127             127
  200       -1276.935     -36.629       -1276.935     -36.629             200             200
  145        -121.538    -213.055        -121.538    -213.055             145             145
  194        -453.855     171.975        -453.855     171.975             194             194
   38        -242.327     707.189        -242.327     707.189              38              38
  177        1693.079     382.512        1693.079     382.512             177             177
   15        -566.616   -2428.777        -566.616   -2428.777              15              15
   37         927.727   -1024.613         927.727   -1024.613              37              37
  199        -120.164    1233.066        -120.164    1233.066             199             199
  226         529.476     307.947         529.476     307.947             226             226
  193        -330.709     552.842        -330.709     552.842             193             193
   11         219.170   -1047.387         219.170   -1047.387              11              11
  244        -384.232     407.969        -384.232     407.969             244             244
   56       -2685.628    -250.829       -2685.628    -250.829              56              56
  108        -983.801    1674.960        -983.801    1674.960             108             108
    3         551.525    -640.921         551.525    -640.921               3               3
  177        -231.027     -19.842        -231.027     -19.842             177             177
   82         758.951     -32.371         758.951     -32.371              82              82
   95         904.053    -151.201         904.053    -151.201              95              95
  210       -1549.403    -772.920       -1549.403    -772.920             210             210
  228         227.126    -343.076         227.126    -343.076             228             228
   30         431.765    -514.774         431.765    -514.774              30              30
  211         768.675   -1109.618         768.675   -1109.618             211             211
  254        -115.835     361.877        -115.835     361.877             254             254
  176         877.677     443.513         877.677     443.513             176             176
  115       -1305.065     245.928       -1305.065     245.928             115             115
   43        -401.079     624.794        -401.079     624.794              43              43
  216         193.301    -327.122         193.301    -327.122             216             216
  211       -1064.577    -869.594       -1064.577    -869.594             211             211
  218        1013.310     728.044        1013.310     728.044             218             218
   80         237.647     623.824         237.647     623.824              80              80
   82        -753.989   -1615.263        -753.989   -1615.263              82              82
  163         653.558    -981.119         653.558    -981.119             163             163
  225        -983.714     514.791        -983.714     514.791             225             225
   20         862.455    -274.833         862.455    -274.833              20              20
  201         489.700     247.584         489.700     247.584             201             201
  147        -356.955     801.868        -356.955     801.868             147             147
   35         642.097     245.100         642.097     245.100              35              35
  239        -663.663     440.809        -663.663     440.809             239             239
   90       -2231.319     125.195       -2231.319     125.195              90              90
    5        -405.236    -463.554        -405.236    -463.554               5               5
  176        1506.304     755.467        1506.304     755.467             176             176
  102        -659.864     706.739        -659.864     706.739             102             102
  250        -583.045     383.087        -583.045     383.087             250             250
  232          89.914     727.353          89.914     727.353             232             232
  210       -1326.157    -205.056       -1326.157    -205.056             210             210
  253        -578.282   -1057.352        -578.282   -1057.352             253             253
  154        -532.196   -1260.962        -532.196   -1260.962             154             154
   37        -475.373     -86.263        -475.373     -86.263              37              37
   92         408.842     600.046         408.842     600.046              92              92
  109       -2972.813    -887.319       -2972.813    -887.319             109             109
    9         352.341     201.973         352.341     201.973               9               9
  123        -694.761     942.692        -694.761     942.692             123             123
   65        -976.356    1035.333        -976.356    1035.333              65              65
    8        -556.847    -542.353        -556.847    -542.353               8               8
   43        -907.608    -119.417        -907.608    -119.417              43              43
  180         644.986     952.064         644.986     952.064             180             180
   51       -1441.396    -390.294       -1441.396    -390.294              51              51
    3         448.289    1074.859         448.289    1074.859               3               3
  135       -2282.546     -76.823       -2282.546     -76.823             135             135
   13        1041.367     952.656        1041.367     952.656              13              13
   84        -709.018     -67.992        -709.018     -67.992              84              84
  218        1022.629    -762.801        1022.629    -762.801             218             218
  176        -313.769   -1256.950        -313.769   -1256.950             176             176
   54        -339.152     568.159        -339.152     568.159              54              54
  238         961.206     673.313         961.206     673.313             238             238
  122         510.792     973.830         510.792     973.830             122             122
  201        1423.322    -237.460        1423.322    -237.460             201             201
   18        1518.232     880.074        1518.232     880.074              18              18
  105        1222.506     319.687        1222.506     319.687             105             105
   36        1070.599    1199.956        1070.599    1199.956              36              36
   23         194.106     804.890         194.106     804.890              23              23
   25       -1109.880    -310.817       -1109.880    -310.817              25              25
  138         679.201    1174.804         679.201    1174.804             138             138
   18       -1298.933     660.261       -1298.933     660.261              18              18
    2        1156.467     750.675        1156.467     750.675               2               2
   93         809.569    1106.607         809.569    1106.607              93              93
   15        -591.124   -1258.755        -591.124   -1258.755              15              15
  157       -1623.097     601.324       -1623.097     601.324             157             157
  130        -544.958     -47.542        -544.958     -47.542             130             130
  108         -96.230     110.534         -96.230     110.534             108             108
   11        -538.478    1498.814        -538.478    1498.814              11              11
  140        -936.721     -87.840        -936.721     -87.840             140             140
  232        -345.109   -1184.833        -345.109   -1184.833             232             232
   76        -265.555    -249.731        -265.555    -249.731              76              76
  148        -113.072     112.036        -113.072     112.036             148             148
   19         807.272     682.018         807.272     682.018              19              19
    1          15.841      76.626          15.841      76.626               1               1
  199        -463.877    1281.724        -463.877    1281.724             199             199
   23         595.191     625.403         595.191     625.403              23              23
  136        1202.822   -1174.632        1202.822   -1174.632             136             136
  213        -712.385     237.158        -712.385     237.158             213             213
  108          30.336     167.383          30.336     167.383             108             108
   99         506.074     310.580         506.074     310.580              99              99
  133        -824.082    -199.684        -824.082    -199.684             133             133
  162       -1459.919     886.624       -1459.919     886.624             162             162
   81         256.193     210.961         256.193     210.961              81              81
  255        -528.491     579.645        -528.491     579.645             255             255
  108         139.149   -1751.185         139.149   -1751.185             108             108
   99        -520.444     591.079        -520.444     591.079              99              99
  105       -1048.734     964.935       -1048.734     964.935             105             105
  144        -579.025       2.077        -579.025       2.077             144             144
  123        -500.822     444.072        -500.822     444.072             123             123
  131         960.443    1265.824         960.443    1265.824             131             131
   27       -1164.763      90.838       -1164.763      90.838              27              27
  142        1342.390      34.492        1342.390      34.492             142             142
  134        -316.803     831.634        -316.803     831.634             134             134
  121         431.075     493.077         431.075     493.077             121             121
  157        -214.481    -719.215        -214.481    -719.215             157             157
   35        -800.193     480.919        -800.193     480.919              35              35
  252        1180.125    -167.590        1180.125    -167.590             252             252
   10        1310.128    -799.193        1310.128    -799.193              10              10
   47        -265.683    1050.789        -265.683    1050.789              47              47
  137       -1545.209     422.241       -1545.209     422.241             137             137
  243        -350.074    -758.251        -350.074    -758.251             243             243
  123        1790.314    1891.064        1790.314    1891.064             123             123
   30        -246.999    -106.798        -246.999    -106.798              30              30
    6        -427.046    -240.750        -427.046    -240.750               6               6
  124         714.004    -224.595         714.004    -224.595             124             124
  229         468.623    -187.707         468.623    -187.707             229             229
   30        -252.957     625.262        -252.957     625.262              30              30
    5         510.300     121.882         510.300     121.882               5               5
  186        -624.935     -56.805        -624.935     -56.805             186             186
  138       -1688.262     206.584       -1688.262     206.584             138             138
  104         162.698   -1361.335         162.698   -1361.335             104             104
   64         242.830    1952.918         242.830    1952.918              64              64
   45        -142.041     614.179        -142.041     614.179              45              45
