SINAL     NFT                         FFT                         NFT INVERSA     FFT INVERSA
-----     -----------------------     -----------------------     -----------     -----------
  186       30976.000       0.000       30976.000       0.000             186             186
   64        -510.888    -125.402        -510.888    -125.402              64              64
  153        -173.386    1198.324        -173.386    1198.324             153             153
   30         268.369   -1513.476         268.369   -1513.476              30              30
  169         169.206      96.200         169.206      96.200             169             169
   42        -619.975    -747.723        -619.975    -747.723              42              42
  153         673.887     730.916         673.887     730.916             153             153
   45       -1356.692   -1333.511       -1356.692   -1333.511              45              45
   70       -1208.672     319.352       -1208.672     319.352              70              70
   39        -979.314    -623.171        -979.314    -623.171              39              39
  179         -87.834     541.478         -87.834     541.478             179             179
  192        1028.637    1019.934        1028.637    1019.934             192             192
  197         123.093    -130.607         123.093    -130.607             197             197
  215       -1105.950     366.129       -1105.950     366.129             215             215
  188        1371.652    -427.056        1371.652    -427.056             188             188
  208        -561.039     -91.030        -561.039     -91.030             208             208
    6         328.486    1487.341         328.486    1487.341               6               6
   70        1271.983    -706.649        1271.983    -706.649              70              70
  195        -762.633     267.087        -762.633     267.087             195             195
  129        -352.335     335.614        -352.335     335.614             129             129
  100         665.774     -78.179         665.774     -78.179             100             100
  202         954.760     970.674         954.760     970.674             202             202
  254         964.219     633.313         964.219     633.313             254             254
   74         122.601    -541.133         122.601    -541.133              74              74
  233        -244.770    -170.322        -244.770    -170.322             233             233
    3         204.584     249.866         204.584     249.866               3               3
    5          32.627   -1166.746          32.627   -1166.746               5               5
  116       -1086.919    -538.150       -1086.919    -538.150             116             116
  108         226.429   -1421.912         226.429   -1421.912             108             108
   69        -471.633    -963.575        -471.633    -963.575              69              69
  161        -842.063    -638.189        -842.063    -638.189             161             161
   38        -261.353     157.928        -261.353     157.928              38              38
  134         256.528     -31.650         256.528     -31.650             134             134
   59        -105.267    1323.418        -105.267    1323.418              59              59
   68         181.758    1665.893         181.758    1665.893              68              68
   47         615.027    1538.466         615.027    1538.466              47              47
  102        -247.445   -2085.870        -247.445   -2085.870             102             102
  222        -989.511     120.877        -989.511     120.877             222             222
   93         104.471     395.677         104.471     395.677              93              93
  172        -410.992     -80.992        -410.992     -80.992             172             172
    6        -195.371    -620.835        -195.371    -620.835               6               6
   16        2173.933     591.733        2173.933     591.733              16              16
  109        -227.292      68.988        -227.292      68.988             109             109
  204         238.277     218.166         238.277     218.166             204             204
  232        -628.672     210.339        -628.672     210.339             232             232
   41         239.616     220.040         239.616     220.040              41              41
  157        -177.081   -1327.001        -177.081   -1327.001             157             157
  239        -505.255    1232.605        -505.255    1232.605             239             239
  112         502.453   -1194.667         502.453   -1194.667             112             112
   97        1007.883   -1293.956        1007.883   -1293.956              97              97
  113        -835.714    -749.798        -835.714    -749.798             113             113
  212        -100.820     -79.532        -100.820     -79.532             212             212
   43         650.380     460.529         650.380     460.529              43              43
  111        1135.303     892.348        1135.303     892.348             111             111
   30         -64.419      75.416         -64.419      75.416              30              30
   21         574.865    -597.773         574.865    -597.773              21              21
  115        1288.407     343.612        1288.407     343.612             115             115
   35         -69.917    -997.921         -69.917    -997.921              35              35
  137        -295.719     218.543        -295.719     218.543             137             137
  223         355.059     507.921         355.059     507.921             223             223
  104         -92.557     383.278         -92.557     383.278             104             104
   43         313.156    -806.401         313.156    -806.401              43              43
    5        -952.282     -68.568        -952.282     -68.568               5               5
  238       -1523.725    -111.793       -1523.725    -111.793             238             238
  102         618.958    1349.015         618.958    1349.015             102             102
   74       -1144.981    -720.702       -1144.981    -720.702              74              74
   30        1391.450    -139.524        1391.450    -139.524              30              30
  204        -242.508    -932.379        -242.508    -932.379             204             204
   41        -797.963     961.694        -797.963     961.694              41              41
  124        1357.876     644.112        1357.876     644.112             124             124
  121         267.944    1296.455         267.944    1296.455             121             121
   47        -623.377   -1285.689        -623.377   -1285.689              47              47
  141         972.673    -219.096         972.673    -219.096             141             141
  230        1890.130     162.796        1890.130     162.796             230             230
  252        -513.641    -651.289        -513.641    -651.289             252             252
  117         292.387      67.212         292.387      67.212             117             117
   16         158.627    1586.676         158.627    1586.676              16              16
  153         723.604   -1438.283         723.604   -1438.283             153             153
  100        -989.530     169.617        -989.530     169.617             100             100
  128        -446.894   -1223.769        -446.894   -1223.769             128             128
  250        -476.680    1706.817        -476.680    1706.817             250             250
  213        -865.400    -221.761        -865.400    -221.761             213             213
   85         631.982     329.417         631.982     329.417              85              85
   38         726.654      14.531         726.654      14.531              38              38
   69         694.560     352.087         694.560     352.087              69              69
  115        1114.143     557.068        1114.143     557.068             115             115
   59         361.858     493.722         361.858     493.722              59              59
  184         -90.563     460.349         -90.563     460.349             184             184
  150       -1293.368    -893.746       -1293.368    -893.746             150             150
  197        -564.047   -1199.946        -564.047   -1199.946             197             197
  151          -5.910    -378.115          -5.910    -378.115             151             151
  255          76.512     747.168          76.512     747.168             255             255
  240          -4.351    1660.179          -4.351    1660.179             240             240
  157       -1168.708     -52.182       -1168.708     -52.182             157             157
  238        -453.755     295.073        -453.755     295.073             238             238
   86        -875.678     -70.103        -875.678     -70.103              86              86
  231        1007.516    -201.642        1007.516    -201.642             231             231
   13         340.360    -472.909         340.360    -472.909              13              13
   35        -986.124     175.451        -986.124     175.451              35              35
   17         717.404    -207.232         717.404    -207.232              17              17
  137       -1051.316     447.216       -1051.316     447.216             137             137
  157        -695.009     -55.538        -695.009     -55.538             157             157
   64       -1438.376    -744.530       -1438.376    -744.530              64              64
   22         -29.689    -363.610         -29.689    -363.610              22              22
  132        2004.420    -838.647        2004.420    -838.647             132             132
   60         181.632     595.467         181.632     595.467              60              60
  139        1490.716    -528.586        1490.716    -528.586             139             139
  149        -491.683   -1656.197        -491.683   -1656.197             149             149
  214        -316.744     424.127        -316.744     424.127             214             214
  240         -83.193     816.194         -83.193     816.194             240             240
   22         182.524     848.254         182.524     848.254              22              22
  209          64.157   -1101.891          64.157   -1101.891             209             209
  198         729.654     432.911         729.654     432.911             198             198
  107        -628.682     723.810        -628.682     723.810             107             107
  247       -1107.520     727.983       -1107.520     727.983             247             247
   11        1443.482    -217.683        1443.482    -217.683              11              11
  222        -780.602     994.539        -780.602     994.539             222             222
   51          22.166    1313.021          22.166    1313.021              51              51
  195         960.934   -2164.701         960.934   -2164.701             195             195
  117        2199.847     648.824        2199.847     648.824             117             117
  249         660.817     -22.991         660.817     -22.991             249             249
   91         583.516     687.129         583.516     687.129              91              91
  116          -3.792    -678.010          -3.792    -678.010             116             116
  233        1488.012     578.713        1488.012     578.713             233             233
  248        -384.860     596.189        -384.860     596.189             248             248
   98         444.307    1819.242         444.307    1819.242              98              98
   64        1237.176     468.453        1237.176     468.453              64              64
  224        -472.259     -97.429        -472.259     -97.429             224             224
  112         626.000      -0.021         626.000      -0.021             112             112
  100        -472.236      97.177        -472.236      97.177             100             100
  241        1237.296    -468.448        1237.296    -468.448             241             241
  249         444.570   -1819.259         444.570   -1819.259             249             249
    2        -384.720    -596.238        -384.720    -596.238               2               2
   50        1488.132    -578.424        1488.132    -578.424              50              50
   15          -3.927     677.994          -3.927     677.994              15              15
  134         583.663    -687.076         583.663    -687.076             134             134
  111         660.863      23.091         660.863      23.091             111             111
  155        2199.903    -648.412        2199.903    -648.412             155             155
   28         960.377    2164.772         960.377    2164.772              28              28
   69          22.198   -1313.203          22.198   -1313.203              69              69
  139        -780.501    -994.686        -780.501    -994.686             139             139
   51        1443.339     217.903        1443.339     217.903              51              51
   23       -1107.539    -728.214       -1107.539    -728.214              23              23
   81        -628.546    -723.895        -628.546    -723.895              81              81
  158         729.727    -432.709         729.727    -432.709             158             158
   15          63.919    1101.892          63.919    1101.892              15              15
   93         182.613    -848.285         182.613    -848.285              93              93
  125         -83.111    -816.155         -83.111    -816.155             125             125
   66        -316.693    -424.031        -316.693    -424.031              66              66
   32        -491.890    1656.184        -491.890    1656.184              32              32
  242        1490.656     528.760        1490.656     528.760             242             242
   60         181.700    -595.446         181.700    -595.446              60              60
  123        2004.148     838.999        2004.148     838.999             123             123
  103         -30.018     363.568         -30.018     363.568             103             103
   37       -1438.656     744.212       -1438.656     744.212              37              37
  116        -695.063      55.308        -695.063      55.308             116             116
  202       -1051.208    -447.453       -1051.208    -447.453             202             202
  102         717.374     207.314         717.374     207.314             102             102
   85        -986.099    -175.650        -986.099    -175.650              85              85
   58         340.332     472.924         340.332     472.924              58              58
  202        1007.403     201.724        1007.403     201.724             202             202
   71        -875.798      69.853        -875.798      69.853              71              71
   51        -453.749    -295.244        -453.749    -295.244              51              51
  204       -1168.690      51.865       -1168.690      51.865             204             204
  121          -4.002   -1660.232          -4.002   -1660.232             121             121
   67          76.661    -747.057          76.661    -747.057              67              67
   83          -5.989     378.222          -5.989     378.222              83              83
  232        -564.266    1199.857        -564.266    1199.857             232             232
  222       -1293.431     893.399       -1293.431     893.399             222             222
  112         -90.319    -460.510         -90.319    -460.510             112             112
   46         362.092    -493.745         362.092    -493.745              46              46
  105        1114.316    -556.922        1114.316    -556.922             105             105
  163         694.623    -351.979         694.623    -351.979             163             163
   69         726.620     -14.427         726.620     -14.427              69              69
  187         631.926    -329.329         631.926    -329.329             187             187
   66        -865.524     221.564        -865.524     221.564              66              66
   84        -476.396   -1706.849        -476.396   -1706.849              84              84
   24        -447.078    1223.771        -447.078    1223.771              24              24
  191        -989.393    -169.783        -989.393    -169.783             191             191
  151         723.483    1438.312         723.483    1438.312             151             151
   57         158.947   -1586.732         158.947   -1586.732              57              57
  178         292.445     -67.103         292.445     -67.103             178             178
  211        -513.628     651.200        -513.628     651.200             211             211
  181        1890.239    -162.510        1890.239    -162.510             181             181
   26         972.545     219.258         972.545     219.258              26              26
  249        -623.639    1285.460        -623.639    1285.460             249             249
   41         268.204   -1296.549         268.204   -1296.549              41              41
  228        1357.919    -643.901        1357.919    -643.901             228             228
   95        -797.885    -961.754        -797.885    -961.754              95              95
  127        -242.625     932.397        -242.625     932.397             127             127
   31        1391.367     139.733        1391.367     139.733              31              31
   42       -1145.178     720.420       -1145.178     720.420              42              42
  198         619.127   -1348.956         619.127   -1348.956             198             198
   82       -1523.790     111.586       -1523.790     111.586              82              82
  247        -952.182      68.435        -952.182      68.435             247             247
   63         313.134     806.415         313.134     806.415              63              63
  149         -92.414    -383.367         -92.414    -383.367             149             149
   75         355.206    -507.866         355.206    -507.866              75              75
   40        -295.615    -218.536        -295.615    -218.536              40              40
  116         -69.947     997.905         -69.947     997.905             116             116
  187        1288.552    -343.433        1288.552    -343.433             187             187
   87         574.760     597.832         574.760     597.832              87              87
  222         -64.370     -75.517         -64.370     -75.517             222             222
   94        1135.473    -892.183        1135.473    -892.183              94              94
  156         650.387    -460.354         650.387    -460.354             156             156
  153        -100.909      79.614        -100.909      79.614             153             153
  161        -835.806     749.737        -835.806     749.737             161             161
  241        1007.711    1294.114        1007.711    1294.114             241             241
  178         502.189    1194.602         502.189    1194.602             178             178
   96        -505.092   -1232.766        -505.092   -1232.766              96              96
  137        -177.282    1326.925        -177.282    1326.925             137             137
  235         239.655    -220.129         239.655    -220.129             235             235
   19        -628.605    -210.525        -628.605    -210.525              19              19
   93         238.384    -218.182         238.384    -218.182              93              93
  161        -227.171     -69.079        -227.171     -69.079             161             161
   45        2174.031    -591.376        2174.031    -591.376              45              45
   86        -195.600     620.790        -195.600     620.790              86              86
  202        -411.047      80.848        -411.047      80.848             202             202
   18         104.500    -395.703         104.500    -395.703              18              18
  182        -989.483    -121.020        -989.483    -121.020             182             182
   74        -247.699    2085.679        -247.699    2085.679              74              74
   49         615.340   -1538.599         615.340   -1538.599              49              49
  224         182.032   -1665.903         182.032   -1665.903             224             224
   16        -105.042   -1323.332        -105.042   -1323.332              16              16
  132         256.512      31.828         256.512      31.828             132             132
  216        -261.363    -157.848        -261.363    -157.848             216             216
   80        -842.151     638.170        -842.151     638.170              80              80
   26        -471.710     963.564        -471.710     963.564              26              26
   35         226.243    1421.923         226.243    1421.923              35              35
  120       -1086.924     537.891       -1086.924     537.891             120             120
  142          32.582    1166.623          32.582    1166.623             142             142
  222         204.737    -249.976         204.737    -249.976             222             222
  207        -244.676     170.189        -244.676     170.189             207             207
  108         122.679     541.007         122.679     541.007             108             108
   61         964.460    -633.309         964.460    -633.309              61              61
  108         954.974    -970.568         954.974    -970.568             108             108
    6         665.744      78.264         665.744      78.264               6               6
  222        -352.284    -335.719        -352.284    -335.719             222             222
   94        -762.464    -267.227        -762.464    -267.227              94              94
  185        1271.976     706.776        1271.976     706.776             185             185
   63         328.742   -1487.338         328.742   -1487.338              63              63
  231        -560.972      90.979        -560.972      90.979             231             231
  165        1371.618     427.253        1371.618     427.253             165             165
   82       -1105.857    -366.364       -1105.857    -366.364              82              82
   68         123.219     130.569         123.219     130.569              68              68
   70        1028.869   -1019.789        1028.869   -1019.789              70              70
  128         -87.758    -541.417         -87.758    -541.417             128             128
  155        -979.373     623.053        -979.373     623.053             155             155
   17       -1208.461    -319.515       -1208.461    -319.515              17              17
  146       -1356.600    1333.264       -1356.600    1333.264             146             146
   81         674.346    -730.841         674.346    -730.841              81              81
   91        -619.757     747.618        -619.757     747.618              91              91
  195         169.674     -96.187         169.674     -96.187             195             195
   50         268.650    1513.417         268.650    1513.417              50              50
  107        -172.402   -1198.468        -172.402   -1198.468             107             107
   71        -509.266     125.301        -509.266     125.301              71              71
