SINAL     NFT                         FFT                         NFT INVERSA     FFT INVERSA
-----     -----------------------     -----------------------     -----------     -----------
  101       34152.000       0.000       34152.000       0.000             101             101
   64         648.614   -1446.831         648.614   -1446.831              64              64
   72         877.122     217.682         877.122     217.682              72              72
   58        -747.917     226.727        -747.917     226.727              58              58
  165        1018.834    -975.862        1018.834    -975.862             165             165
  202       -1572.932    1178.049       -1572.932    1178.049             202             202
  253        -534.853    -537.035        -534.853    -537.035             253             253
  114         375.312     708.135         375.312     708.135             114             114
   36         238.587    -911.511         238.587    -911.511              36              36
   45       -1055.470    -252.571       -1055.470    -252.571              45              45
  144         134.908     -78.648         134.908     -78.648             144             144
  168        2178.995    -273.978        2178.995    -273.978             168             168
  182         447.020     840.550         447.020     840.550             182             182
  149        -886.958     668.840        -886.958     668.840             149             149
  249        1052.860    1011.802        1052.860    1011.802             249             249
   91         123.308    1514.953         123.308    1514.953              91              91
  152          41.839    -363.446          41.839    -363.446             152             152
  222       -1997.977     698.153       -1997.977     698.153             222             222
   72         -50.537     559.649         -50.537     559.649              72              72
  131         805.483     -27.347         805.483     -27.347             131             131
  148        -426.437     334.449        -426.437     334.449             148             148
  209        -722.177    -127.995        -722.177    -127.995             209             209
  114        -704.819    -646.620        -704.819    -646.620             114             114
  185       -1256.361    -682.483       -1256.361    -682.483             185             185
  134         124.589   -2111.185         124.589   -2111.185             134             134
   73        1776.256    1648.178        1776.256    1648.178              73              73
  252        -137.701     911.876        -137.701     911.876             252             252
   76       -1532.042    -151.235       -1532.042    -151.235              76              76
  192          63.261     214.193          63.261     214.193             192             192
  243       -2023.499     434.274       -2023.499     434.274             243             243
  176         277.692      58.292         277.692      58.292             176             176
   38         -52.744     870.472         -52.744     870.472              38              38
   51       -1468.421   -1566.320       -1468.421   -1566.320              51              51
  249         -21.250     974.079         -21.250     974.079             249             249
   96          48.146    1462.590          48.146    1462.590              96              96
  217         165.570     731.887         165.570     731.887             217             217
  195        -445.595     650.861        -445.595     650.861             195             195
   93        1316.543     912.800        1316.543     912.800              93              93
   75        -508.554   -1480.467        -508.554   -1480.467              75              75
  232         633.340     417.100         633.340     417.100             232             232
  139        1098.527     675.478        1098.527     675.478             139             139
  220         105.215     621.141         105.215     621.141             220             220
  144          38.551     758.328          38.551     758.328             144             144
   66         135.988    1296.814         135.988    1296.814              66              66
  113         597.338    1985.571         597.338    1985.571             113             113
  137        -162.528      76.612        -162.528      76.612             137             137
  157         332.714    -981.164         332.714    -981.164             157             157
    9        1024.346    -973.477        1024.346    -973.477               9               9
  104       -1163.987     129.617       -1163.987     129.617             104             104
  229         589.718     306.229         589.718     306.229             229             229
  141         255.458     561.095         255.458     561.095             141             141
  253        -342.681    -884.559        -342.681    -884.559             253             253
  182         882.982    -384.011         882.982    -384.011             182             182
    0         337.105   -1155.949         337.105   -1155.949              -0              -0
  183         -22.494    -867.633         -22.494    -867.633             183             183
   61         516.878     354.732         516.878     354.732              61              61
   73          69.972    -397.487          69.972    -397.487              73              73
  179         511.235     188.933         511.235     188.933             179             179
  137         448.943    -308.935         448.943    -308.935             137             137
   10         583.432     397.889         583.432     397.889              10              10
  166        -417.702     287.994        -417.702     287.994             166             166
   58        1644.223    1949.453        1644.223    1949.453              58              58
   48       -1128.488    -588.355       -1128.488    -588.355              48              48
  218        -222.419     461.033        -222.419     461.033             218             218
   51        -139.019    -195.027        -139.019    -195.027              51              51
  145       -1068.976   -1324.135       -1068.976   -1324.135             145             145
  179        -788.571     568.361        -788.571     568.361             179             179
  247        1262.648     292.717        1262.648     292.717             247             247
  238        -592.165     571.698        -592.165     571.698             238             238
  255        -874.648    2335.436        -874.648    2335.436             255             255
  223         287.148   -1360.190         287.148   -1360.190             223             223
  122        -967.063    1058.119        -967.063    1058.119             122             122
  219         905.721    -187.137         905.721    -187.137             219             219
  112        -830.522      69.561        -830.522      69.561             112             112
  188         192.744     552.801         192.744     552.801             188             188
   77        -473.685    -354.713        -473.685    -354.713              77              77
  249        -577.788     846.765        -577.788     846.765             249             249
   89         787.533      87.689         787.533      87.689              89              89
   87          69.501    -229.351          69.501    -229.351              87              87
   98         314.639     250.877         314.639     250.877              98              98
   63         313.519   -1033.441         313.519   -1033.441              63              63
  228        -157.631   -1470.155        -157.631   -1470.155             228             228
   95        -484.092    -838.364        -484.092    -838.364              95              95
  245       -1506.697     722.970       -1506.697     722.970             245             245
  228        -771.545     711.157        -771.545     711.157             228             228
   22        1338.168     793.054        1338.168     793.054              22              22
   50          86.014   -1378.470          86.014   -1378.470              50              50
   46         536.883     731.198         536.883     731.198              46              46
  202         -67.732     762.100         -67.732     762.100             202             202
  188        -441.923    1057.881        -441.923    1057.881             188             188
   56        1296.509   -1508.514        1296.509   -1508.514              56              56
  113       -1106.959     198.709       -1106.959     198.709             113             113
  246        -123.987    -121.942        -123.987    -121.942             246             246
  105        -204.134    -533.175        -204.134    -533.175             105             105
   75        1342.146    -486.570        1342.146    -486.570              75              75
   42        1069.097    -475.547        1069.097    -475.547              42              42
  250        -601.549    -542.295        -601.549    -542.295             250             250
  254       -1184.990     514.387       -1184.990     514.387             254             254
   33        2665.520     -32.357        2665.520     -32.357              33              33
  233         434.858    1039.199         434.858    1039.199             233             233
  254          55.673    1282.617          55.673    1282.617             254             254
    1        -353.630    -409.935        -353.630    -409.935               1               1
   99        -275.488    -585.942        -275.488    -585.942              99              99
  218        -235.934    1789.806        -235.934    1789.806             218             218
  113       -1105.412     796.122       -1105.412     796.122             113             113
   31          26.173     380.955          26.173     380.955              31              31
   39        -518.652    1053.184        -518.652    1053.184              39              39
  107         942.421     261.356         942.421     261.356             107             107
  121         108.153    1526.369         108.153    1526.369             121             121
  126        -940.594     401.739        -940.594     401.739             126             126
  206         684.218    1083.267         684.218    1083.267             206             206
  184        -484.283   -1442.709        -484.283   -1442.709             184             184
   98        -875.344    -846.589        -875.344    -846.589              98              98
   45       -1546.521     253.570       -1546.521     253.570              45              45
  174         280.376     -39.584         280.376     -39.584             174             174
   71        -972.451    -628.025        -972.451    -628.025              71              71
   68        -799.864     392.007        -799.864     392.007              68              68
  225        1120.917     405.416        1120.917     405.416             225             225
  118         609.946    1083.430         609.946    1083.430             118             118
   14        -407.879    -249.377        -407.879    -249.377              14              14
  157        -304.424     607.523        -304.424     607.523             157             157
  174       -1321.685     127.055       -1321.685     127.055             174             174
  128        -177.283    -321.939        -177.283    -321.939             128             128
  148         222.825     -76.120         222.825     -76.120             148             148
   23        1157.300     667.507        1157.300     667.507              23              23
  203        -388.747    1033.966        -388.747    1033.966             203             203
  190       -1168.908    -914.166       -1168.908    -914.166             190             190
   18          73.185    -611.863          73.185    -611.863              18              18
  202        1186.000       0.099        1186.000       0.099             202             202
  224          72.975     611.836          72.975     611.836             224             224
  251       -1169.086     913.810       -1169.086     913.810             251             251
  200        -388.480   -1034.189        -388.480   -1034.189             200             200
  225        1157.435    -667.351        1157.435    -667.351             225             225
   94         222.724      76.137         222.724      76.137              94              94
  162        -177.444     321.835        -177.444     321.835             162             162
   83       -1321.689    -127.386       -1321.689    -127.386              83              83
  126        -304.267    -607.644        -304.267    -607.644             126             126
  202        -407.845     249.222        -407.845     249.222             202             202
  190         610.188   -1083.399         610.188   -1083.399             190             190
  247        1120.900    -405.225        1120.900    -405.225             247             247
   72        -799.926    -392.107        -799.926    -392.107              72              72
  141        -972.570     627.863        -972.570     627.863             141             141
  175         280.330      39.576         280.330      39.576             175             175
  171       -1546.506    -253.840       -1546.506    -253.840             171             171
  187        -875.396     846.420        -875.396     846.420             187             187
   93        -484.395    1442.432        -484.395    1442.432              93              93
  242         684.457   -1083.379         684.457   -1083.379             242             242
  255        -940.477    -402.052        -940.477    -402.052             255             255
   62         108.526   -1526.440         108.526   -1526.440              62              62
  105         942.480    -261.245         942.480    -261.245             105             105
   14        -518.500   -1053.317        -518.500   -1053.317              14              14
  220          26.228    -380.978          26.228    -380.978             220             220
   23       -1105.246    -796.355       -1105.246    -796.355              23              23
  142        -235.537   -1789.770        -235.537   -1789.770             142             142
  112        -275.494     585.998        -275.494     585.998             112             112
   47        -353.575     409.821        -353.575     409.821              47              47
   90          56.043   -1282.650          56.043   -1282.650              90              90
   46         435.207   -1039.041         435.207   -1039.041              46              46
   65        2665.488      32.900        2665.488      32.900              65              65
   36       -1185.004    -514.482       -1185.004    -514.482              36              36
   15        -601.534     542.299        -601.534     542.299              15              15
   61        1069.122     475.771        1069.122     475.771              61              61
  237        1342.017     486.806        1342.017     486.806             237             237
  240        -204.315     533.113        -204.315     533.113             240             240
  156        -124.058     121.873        -124.058     121.873             156             156
  144       -1106.869    -198.893       -1106.869    -198.893             144             144
   68        1296.297    1508.635        1296.297    1508.635              68              68
   26        -441.775   -1058.100        -441.775   -1058.100              26              26
   90         -67.564    -762.130         -67.564    -762.130              90              90
    3         537.025    -731.034         537.025    -731.034               3               3
   17          85.789    1378.475          85.789    1378.475              17              17
  162        1338.209    -792.915        1338.209    -792.915             162             162
  144        -771.584    -711.269        -771.584    -711.269             144             144
  193       -1506.585    -723.105       -1506.585    -723.105             193             193
   77        -484.143     838.417        -484.143     838.417              77              77
   75        -157.781    1470.135        -157.781    1470.135              75              75
   31         313.418    1033.368         313.418    1033.368              31              31
   64         314.710    -250.950         314.710    -250.950              64              64
   75          69.486     229.267          69.486     229.267              75              75
   94         787.512     -87.676         787.512     -87.676              94              94
  169        -577.704    -846.918        -577.704    -846.918             169             169
   89        -473.726     354.588        -473.726     354.588              89              89
   58         192.844    -552.830         192.844    -552.830              58              58
  193        -830.470     -69.731        -830.470     -69.731             193             193
  232         905.700     187.209         905.700     187.209             232             232
  171        -966.896   -1058.308        -966.896   -1058.308             171             171
  241         286.936    1360.128         286.936    1360.128             241             241
   66        -874.242   -2335.687        -874.242   -2335.687              66              66
  218        -591.953    -571.728        -591.953    -571.728             218             218
   51        1262.723    -292.451        1262.723    -292.451              51              51
  103        -788.528    -568.393        -788.528    -568.393             103             103
  233       -1069.131    1323.992       -1069.131    1323.992             233             233
  112        -138.943     194.918        -138.943     194.918             112             112
   85        -222.260    -461.122        -222.260    -461.122              85              85
  218       -1128.402     588.064       -1128.402     588.064             218             218
   12        1644.692   -1949.226        1644.692   -1949.226              12              12
  229        -417.588    -287.987        -417.588    -287.987             229             229
   30         583.605    -397.716         583.605    -397.716              30              30
   38         448.958     309.068         448.958     309.068              38              38
   64         511.306    -188.803         511.306    -188.803              64              64
   33          69.947     397.534          69.947     397.534              33              33
   56         516.975    -354.585         516.975    -354.585              56              56
  226         -22.601     867.703         -22.601     867.703             226             226
  178         336.975    1155.976         336.975    1155.976             178             178
  250         882.918     384.084         882.918     384.084             250             250
   48        -342.833     884.376        -342.833     884.376              48              48
  253         255.594    -561.180         255.594    -561.180             253             253
   25         589.750    -306.178         589.750    -306.178              25              25
  113       -1163.911    -129.814       -1163.911    -129.814             113             113
   72        1024.277     973.604        1024.277     973.604              72              72
  120         332.552     981.037         332.552     981.037             120             120
   27        -162.479     -76.917        -162.479     -76.917              27              27
  162         597.707   -1985.652         597.707   -1985.652             162             162
  179         136.214   -1296.818         136.214   -1296.818             179             179
  220          38.712    -758.309          38.712    -758.309             220             220
  139         105.390    -621.108         105.390    -621.108             139             139
   94        1098.670    -675.255        1098.670    -675.255              94              94
  205         633.349    -416.906         633.349    -416.906             205             205
  206        -508.807    1480.343        -508.807    1480.343             206             206
   56        1316.663    -912.707        1316.663    -912.707              56              56
    0        -445.567    -650.987        -445.567    -650.987               0               0
   54         165.656    -731.900         165.656    -731.900              54              54
   34          48.329   -1462.547          48.329   -1462.547              34              34
  113         -21.185    -973.915         -21.185    -973.915             113             113
  139       -1468.704    1566.131       -1468.704    1566.131             139             139
  252         -52.547    -870.515         -52.547    -870.515             252             252
  125         277.646     -58.223         277.646     -58.223             125             125
  112       -2023.409    -434.594       -2023.409    -434.594             112             112
   26          63.385    -214.144          63.385    -214.144              26              26
  164       -1531.946     150.975       -1531.946     150.975             164             164
  177        -137.313    -911.898        -137.313    -911.898             177             177
   60        1776.620   -1647.683        1776.620   -1647.683              60              60
  221         124.159    2111.372         124.159    2111.372             221             221
  147       -1256.478     682.248       -1256.478     682.248             147             147
  238        -704.832     646.438        -704.832     646.438             238             238
  215        -722.061     127.779        -722.061     127.779             215             215
  196        -426.192    -334.591        -426.192    -334.591             196             196
  236         805.606      27.414         805.606      27.414             236             236
  241         -50.423    -559.727         -50.423    -559.727             241             241
   53       -1997.707    -698.500       -1997.707    -698.500              53              53
   53          42.054     363.391          42.054     363.391              53              53
  105         123.808   -1514.991         123.808   -1514.991             105             105
   80        1053.193   -1011.571        1053.193   -1011.571              80              80
  215        -886.658    -668.904        -886.658    -668.904             215             215
   28         447.461    -840.341         447.461    -840.341              28              28
   45        2179.100     274.479        2179.100     274.479              45              45
   99         134.918      78.764         134.918      78.764              99              99
  123       -1055.355     252.480       -1055.355     252.480             123             123
  251         238.685     911.553         238.685     911.553             251             251
   49         375.639    -708.071         375.639    -708.071              49              49
  180        -534.711     536.956        -534.711     536.956             180             180
  252       -1572.293   -1178.254       -1572.293   -1178.254             252             252
  103        1019.216     976.108        1019.216     976.108             103             103
  214        -747.211    -226.841        -747.211    -226.841             214             214
  109         878.157    -217.452         878.157    -217.452             109             109
  242         650.187    1446.945         650.187    1446.945             242             242
