SINAL     NFT                         FFT                         NFT INVERSA     FFT INVERSA
-----     -----------------------     -----------------------     -----------     -----------
   54       31647.000       0.000       31647.000       0.000              54              54
  104        -663.634   -2216.697        -663.634   -2216.697             104             104
    9          57.584    -412.368          57.584    -412.368               9               9
  235        1241.064     657.484        1241.064     657.484             235             235
   38       -1101.548     378.477       -1101.548     378.477              38              38
   55       -1619.008     403.816       -1619.008     403.816              55              55
  230        -877.321     723.104        -877.321     723.104             230             230
    4          87.831     408.105          87.831     408.105               4               4
    6         118.979     -62.653         118.979     -62.653               6               6
   19         437.010      26.566         437.010      26.566              19              19
  128        -991.224      24.381        -991.224      24.381             128             128
  132         135.165     618.096         135.165     618.096             132             132
   96        -510.747     805.574        -510.747     805.574              96              96
  184        -319.058     518.842        -319.058     518.842             184             184
  221        -554.295     -69.910        -554.295     -69.910             221             221
   51         710.589    -563.866         710.589    -563.866              51              51
  105         772.386   -1295.816         772.386   -1295.816             105             105
  192        1586.856     915.979        1586.856     915.979             192             192
  237        1365.864    -417.947        1365.864    -417.947             237             237
  185        1270.277   -1714.436        1270.277   -1714.436             185             185
   35         223.787     254.548         223.787     254.548              35              35
  219        -141.947    1240.472        -141.947    1240.472             219             219
   90        -667.846     205.694        -667.846     205.694              90              90
   72         190.453     866.881         190.453     866.881              72              72
  104        -875.030    1264.434        -875.030    1264.434             104             104
  114         810.060    -396.896         810.060    -396.896             114             114
  103        -337.350     863.947        -337.350     863.947             103             103
   92        -271.850   -2105.195        -271.850   -2105.195              92              92
  187          68.625     946.092          68.625     946.092             187             187
  210        -860.304     464.965        -860.304     464.965             210             210
  223        -434.304     462.135        -434.304     462.135             223             223
  241        -396.423     689.656        -396.423     689.656             241             241
   59        -687.405   -1202.092        -687.405   -1202.092              59              59
  233       -1131.737    1238.999       -1131.737    1238.999             233             233
  220          -1.558      68.728          -1.558      68.728             220             220
   97       -1186.646    1603.125       -1186.646    1603.125              97              97
   33       -1151.981   -1355.063       -1151.981   -1355.063              33              33
  195        -108.452     645.450        -108.452     645.450             195             195
  102         678.314     556.226         678.314     556.226             102             102
   40          38.052     -59.223          38.052     -59.223              40              40
  214       -2292.147     303.976       -2292.147     303.976             214             214
  230        1253.649       7.862        1253.649       7.862             230             230
  173          89.885     259.891          89.885     259.891             173             173
   55         585.404    -409.916         585.404    -409.916              55              55
  158        -767.713    -127.255        -767.713    -127.255             158             158
  139         649.894    -152.221         649.894    -152.221             139             139
  106         546.632   -1043.414         546.632   -1043.414             106             106
    8         968.604    -775.598         968.604    -775.598               8               8
   75       -1110.047    -481.580       -1110.047    -481.580              75              75
   87         298.119     459.406         298.119     459.406              87              87
  194         309.398     518.912         309.398     518.912             194             194
  111        -491.527     297.537        -491.527     297.537             111             111
   51        1135.930     -57.371        1135.930     -57.371              51              51
   28         739.804     192.475         739.804     192.475              28              28
  183       -1764.330     646.088       -1764.330     646.088             183             183
  156        -552.604    1439.523        -552.604    1439.523             156             156
  143         -55.040    -474.708         -55.040    -474.708             143             143
   31         -57.919   -1628.260         -57.919   -1628.260              31              31
  248           4.198    -628.888           4.198    -628.888             248             248
   74         388.069     -44.595         388.069     -44.595              74              74
  241         253.129    1404.081         253.129    1404.081             241             241
  216        -172.748    -396.113        -172.748    -396.113             216             216
   59         604.487    -305.611         604.487    -305.611              59              59
   44        -780.152    -560.086        -780.152    -560.086              44              44
  193        -663.974   -1006.995        -663.974   -1006.995             193             193
   24        -445.372    1153.633        -445.372    1153.633              24              24
  142       -2401.610     201.912       -2401.610     201.912             142             142
  226        -460.575    1685.717        -460.575    1685.717             226             226
  219         -52.955      99.198         -52.955      99.198             219             219
  244         830.593      12.389         830.593      12.389             244             244
   11        -394.575     956.438        -394.575     956.438              11              11
  177         407.281     198.995         407.281     198.995             177             177
  219         973.574      18.815         973.574      18.815             219             219
  184       -1012.292    1284.130       -1012.292    1284.130             184             184
  233         715.261     861.214         715.261     861.214             233             233
  121          59.642     256.515          59.642     256.515             121             121
   67        2188.677    -422.499        2188.677    -422.499              67              67
   83         -52.421    -972.973         -52.421    -972.973              83              83
  130        -904.702     363.194        -904.702     363.194             130             130
  143         930.746      38.996         930.746      38.996             143             143
  171        -141.280    1451.428        -141.280    1451.428             171             171
   68        -218.497     986.286        -218.497     986.286              68              68
  255         269.925     441.677         269.925     441.677             255             255
  223       -1081.775     226.957       -1081.775     226.957             223             223
   97        1759.102     764.250        1759.102     764.250              97              97
  182       -1748.072   -1029.876       -1748.072   -1029.876             182             182
  123        -818.660   -1247.592        -818.660   -1247.592             123             123
  240         908.870    -954.757         908.870    -954.757             240             240
  214        -203.421    1041.473        -203.421    1041.473             214             214
  115        -177.426      74.328        -177.426      74.328             115             115
   58        -451.706    -935.736        -451.706    -935.736              58              58
  199        -403.033    -566.593        -403.033    -566.593             199             199
   75        -161.431   -1155.737        -161.431   -1155.737              75              75
  118        1789.497    -617.610        1789.497    -617.610             118             118
  244         348.725   -1533.062         348.725   -1533.062             244             244
   13        -798.549    -841.347        -798.549    -841.347              13              13
  143        3395.327    1246.143        3395.327    1246.143             143             143
  130          65.021    -671.849          65.021    -671.849             130             130
  240        -221.625     682.061        -221.625     682.061             240             240
  106        -857.134   -1649.022        -857.134   -1649.022             106             106
  119         383.423     419.541         383.423     419.541             119             119
  251        -616.632   -1346.517        -616.632   -1346.517             251             251
   28        -774.745    -948.504        -774.745    -948.504              28              28
   82       -1144.669   -1583.176       -1144.669   -1583.176              82              82
  179        1010.756    -260.415        1010.756    -260.415             179             179
    5       -1060.420    -265.999       -1060.420    -265.999               5               5
  204          63.879    -310.025          63.879    -310.025             204             204
  247         998.970     319.772         998.970     319.772             247             247
   89       -1182.820     950.928       -1182.820     950.928              89              89
   78         477.563    -799.413         477.563    -799.413              78              78
  134          66.464    -997.958          66.464    -997.958             134             134
    4         374.255     477.209         374.255     477.209               4               4
  146         210.878   -1118.783         210.878   -1118.783             146             146
  133       -1274.359     523.895       -1274.359     523.895             133             133
  227       -1492.602     349.166       -1492.602     349.166             227             227
  243         266.319     -67.512         266.319     -67.512             243             243
   60        -592.606   -1297.540        -592.606   -1297.540              60              60
   94          -1.105    1057.437          -1.105    1057.437              94              94
  228        -866.764    -235.739        -866.764    -235.739             228             228
   18        -435.008    -394.322        -435.008    -394.322              18              18
  210         138.401   -1215.607         138.401   -1215.607             210             210
   31         -66.789     855.555         -66.789     855.555              31              31
  218         205.108     112.211         205.108     112.211             218             218
   29         774.105    1435.591         774.105    1435.591              29              29
  150         181.210   -1659.241         181.210   -1659.241             150             150
  207         149.723      -3.515         149.723      -3.515             207             207
   43        -714.452     -12.008        -714.452     -12.008              43              43
   37        -607.492     -53.919        -607.492     -53.919              37              37
   82        1921.000       0.184        1921.000       0.184              82              82
   27        -607.608      53.862        -607.608      53.862              27              27
  143        -714.439      11.937        -714.439      11.937             143             143
  201         149.774       3.619         149.774       3.619             201             201
   22         180.967    1659.224         180.967    1659.224              22              22
  172         774.328   -1435.524         774.328   -1435.524             172             172
   28         205.054    -112.123         205.054    -112.123              28              28
  202         -66.711    -855.448         -66.711    -855.448             202             202
  178         138.117    1215.733         138.117    1215.733             178             178
  232        -435.164     394.243        -435.164     394.243             232             232
  193        -866.827     235.563        -866.827     235.563             193             193
   11          -0.937   -1057.373          -0.937   -1057.373              11              11
   55        -592.836    1297.506        -592.836    1297.506              55              55
   72         266.253      67.519         266.253      67.519              72              72
   15       -1492.582    -349.411       -1492.582    -349.411              15              15
  202       -1274.155    -524.014       -1274.155    -524.014             202             202
  206         210.833    1118.875         210.833    1118.875             206             206
  243         374.400    -477.105         374.400    -477.105             243             243
  189          66.329     998.025          66.329     998.025             189             189
   10         477.409     799.428         477.409     799.428              10              10
   82       -1182.622    -951.155       -1182.622    -951.155              82              82
  162         999.075    -319.515         999.075    -319.515             162             162
   29          63.767     310.136          63.767     310.136              29              29
   36       -1060.442     265.911       -1060.442     265.911              36              36
  193        1010.705     260.710        1010.705     260.710             193             193
  247       -1144.985    1583.061       -1144.985    1583.061             247             247
   66        -774.847     948.367        -774.847     948.367              66              66
   87        -616.745    1346.335        -616.745    1346.335              87              87
  198         383.573    -419.522         383.573    -419.522             198             198
  109        -857.323    1648.811        -857.323    1648.811             109             109
  124        -221.336    -682.189        -221.336    -682.189             124             124
   24          65.153     671.808          65.153     671.808              24              24
  137        3395.567   -1245.550        3395.567   -1245.550             137             137
   12        -798.781     841.338        -798.781     841.338              12              12
  226         348.530    1533.127         348.530    1533.127             226             226
  159        1789.336     617.858        1789.336     617.858             159             159
  185        -161.770    1155.634        -161.770    1155.634             185             185
  254        -403.204     566.415        -403.204     566.415             254             254
  105        -451.884     935.511        -451.884     935.511             105             105
  107        -177.406     -74.534        -177.406     -74.534             107             107
  231        -203.216   -1041.547        -203.216   -1041.547             231             231
   43         908.665     954.924         908.665     954.924              43              43
  118        -818.960    1247.350        -818.960    1247.350             118             118
   30       -1748.137    1029.351       -1748.137    1029.351              30              30
  115        1759.295    -764.179        1759.295    -764.179             115             115
  134       -1081.751    -227.293       -1081.751    -227.293             134             134
  232         270.056    -441.793         270.056    -441.793             232             232
   65        -218.295    -986.449        -218.295    -986.449              65              65
  121        -140.958   -1451.461        -140.958   -1451.461             121             121
  166         930.768     -38.802         930.768     -38.802             166             166
   76        -904.614    -363.310        -904.614    -363.310              76              76
  203         -52.424     972.950         -52.424     972.950             203             203
   72        2188.641     422.735        2188.641     422.735              72              72
  105          59.606    -256.664          59.606    -256.664             105             105
  240         715.321    -861.218         715.321    -861.218             240             240
   10       -1012.100   -1284.319       -1012.100   -1284.319              10              10
   97         973.591     -18.642         973.591     -18.642              97              97
   51         407.230    -198.977         407.230    -198.977              51              51
   97        -394.466    -956.518        -394.466    -956.518              97              97
   40         830.522     -12.244         830.522     -12.244              40              40
  161         -53.093     -99.275         -53.093     -99.275             161             161
  222        -460.469   -1685.789        -460.469   -1685.789             222             222
   64       -2401.612    -202.237       -2401.612    -202.237              64              64
   42        -445.092   -1153.576        -445.092   -1153.576              42              42
  235        -664.077    1007.016        -664.077    1007.016             235             235
   35        -780.120     559.969        -780.120     559.969              35              35
  201         604.538     305.691         604.538     305.691             201             201
  164        -172.761     396.008        -172.761     396.008             164             164
   34         253.423   -1404.039         253.423   -1404.039              34              34
   51         388.075      44.773         388.075      44.773              51              51
   15           4.081     628.972           4.081     628.972              15              15
    9         -58.200    1628.200         -58.200    1628.200               9               9
   94         -55.144     474.503         -55.144     474.503              94              94
  133        -552.392   -1439.733        -552.392   -1439.733             133             133
   40       -1764.101    -646.369       -1764.101    -646.369              40              40
  210         740.024    -192.321         740.024    -192.321             210             210
   11        1135.946      57.564        1135.946      57.564              11              11
   17        -491.475    -297.629        -491.475    -297.629              17              17
   19         309.528    -518.832         309.528    -518.832              19              19
  133         298.183    -459.263         298.183    -459.263             133             133
  183       -1110.059     481.498       -1110.059     481.498             183             183
   96         968.578     775.806         968.578     775.806              96              96
   81         546.466    1043.464         546.466    1043.464              81              81
    0         649.815     152.249         649.815     152.249              -0              -0
  201        -767.748     127.070        -767.748     127.070             201             201
   65         585.357     409.934         585.357     409.934              65              65
   11          89.915    -259.959          89.915    -259.959              11              11
   42        1253.516      -7.718        1253.516      -7.718              42              42
  117       -2292.168    -304.415       -2292.168    -304.415             117             117
  109          38.134      59.167          38.134      59.167             109             109
   82         678.392    -556.170         678.392    -556.170              82              82
   22        -108.448    -645.443        -108.448    -645.443              22              22
   75       -1152.271    1354.794       -1152.271    1354.794              75              75
  147       -1186.331   -1603.420       -1186.331   -1603.420             147             147
   64          -1.506     -68.735          -1.506     -68.735              64              64
   54       -1131.495   -1239.139       -1131.495   -1239.139              54              54
  183        -687.506    1201.991        -687.506    1201.991             183             183
   10        -396.207    -689.793        -396.207    -689.793              10              10
  218        -434.137    -462.215        -434.137    -462.215             218             218
  217        -860.091    -465.095        -860.091    -465.095             217             217
   62          68.931    -945.965          68.931    -945.965              62              62
  234        -272.080    2105.155        -272.080    2105.155             234             234
  226        -337.045    -864.103        -337.045    -864.103             226             226
  157         810.095     396.956         810.095     396.956             157             157
  111        -874.723   -1264.649        -874.723   -1264.649             111             111
   11         190.735    -866.810         190.735    -866.810              11              11
  111        -667.657    -205.769        -667.657    -205.769             111             111
  123        -141.513   -1240.405        -141.513   -1240.405             123             123
   28         224.088    -254.311         224.088    -254.311              28              28
  131        1270.214    1714.736        1270.214    1714.736             131             131
    0        1365.930     418.114        1365.930     418.114               0               0
  212        1587.046    -915.680        1587.046    -915.680             212             212
  227         772.141    1295.988         772.141    1295.988             227             227
   81         710.431     563.901         710.431     563.901              81              81
  213        -554.345      69.705        -554.345      69.705             213             213
  173        -318.934    -518.989        -318.934    -518.989             173             173
  147        -510.524    -805.690        -510.524    -805.690             147             147
  224         135.359    -618.040         135.359    -618.040             224             224
  215        -991.074     -24.506        -991.074     -24.506             215             215
    8         437.204     -26.480         437.204     -26.480               8               8
   77         119.110      62.655         119.110      62.655              77              77
   42          88.022    -408.119          88.022    -408.119              42              42
   31        -877.041    -723.234        -877.041    -723.234              31              31
  153       -1618.610    -404.032       -1618.610    -404.032             153             153
  190       -1100.918    -378.596       -1100.918    -378.596             190             190
   95        1241.816    -657.150        1241.816    -657.150              95              95
  208          58.299     412.550          58.299     412.550             208             208
  117        -662.339    2216.575        -662.339    2216.575             117             117
