SINAL     NFT                         FFT                         NFT INVERSA     FFT INVERSA
-----     -----------------------     -----------------------     -----------     -----------
  221       34388.000       0.000       34388.000       0.000             221             221
  230        1332.796   -1348.985        1332.796   -1348.985             230             230
  148         939.348    -166.187         939.348    -166.187             148             148
  163         935.942     992.681         935.942     992.681             163             163
  176        1606.405    -744.025        1606.405    -744.025             176             176
  166          84.736    -237.861          84.736    -237.861             166             166
  193         621.530      55.464         621.530      55.464             193             193
  199        -122.956    -521.004        -122.956    -521.004             199             199
  243         276.092     193.244         276.092     193.244             243             243
  237        1197.781    -776.075        1197.781    -776.075             237             237
  187        -134.716     -15.035        -134.716     -15.035             187             187
  101         372.470   -1108.923         372.470   -1108.923             101             101
  125         121.451     390.095         121.451     390.095             125             125
    6         -52.225   -1018.358         -52.225   -1018.358               6               6
  241        1305.657     292.528        1305.657     292.528             241             241
  161       -1014.554     174.163       -1014.554     174.163             161             161
  175         744.945     248.660         744.945     248.660             175             175
   41        1006.672     124.849        1006.672     124.849              41              41
  205         -21.070     -66.906         -21.070     -66.906             205             205
  186        -536.217     611.863        -536.217     611.863             186             186
  116         -59.011    -670.270         -59.011    -670.270             116             116
  157        -834.695    1267.272        -834.695    1267.272             157             157
   58         710.863    1552.382         710.863    1552.382              58              58
  117         -57.807    -404.239         -57.807    -404.239             117             117
  182        -824.163    1032.860        -824.163    1032.860             182             182
    2       -1577.631   -1143.954       -1577.631   -1143.954               2               2
  252         277.092     710.315         277.092     710.315             252             252
  213         368.917    1388.739         368.917    1388.739             213             213
   71         973.542    -357.972         973.542    -357.972              71              71
  231         -28.428     379.061         -28.428     379.061             231             231
   41        -525.364     298.315        -525.364     298.315              41              41
   37         740.379    -974.631         740.379    -974.631              37              37
  206         963.190   -1340.152         963.190   -1340.152             206             206
  189        -113.091   -1021.293        -113.091   -1021.293             189             189
  200         735.365     149.058         735.365     149.058             200             200
  126         516.507     351.631         516.507     351.631             126             126
   99         366.818     416.660         366.818     416.660              99              99
  138         444.894    -590.786         444.894    -590.786             138             138
   70         832.379    1080.051         832.379    1080.051              70              70
   87        1675.642   -1666.775        1675.642   -1666.775              87              87
  119        -429.537    -221.213        -429.537    -221.213             119             119
    2       -1191.137     260.507       -1191.137     260.507               2               2
  189         357.605     -10.554         357.605     -10.554             189             189
  245         813.757    -815.004         813.757    -815.004             245             245
    9         218.414     118.192         218.414     118.192               9               9
  174        -710.062    1897.017        -710.062    1897.017             174             174
  150        -929.816     876.137        -929.816     876.137             150             150
  184         293.589     809.905         293.589     809.905             184             184
  215          88.122    -987.977          88.122    -987.977             215             215
   99         -95.943     273.745         -95.943     273.745              99              99
  114        -263.644     776.652        -263.644     776.652             114             114
   76        -125.993    -190.730        -125.993    -190.730              76              76
    1        -615.227     827.676        -615.227     827.676               1               1
  173        1784.316     290.157        1784.316     290.157             173             173
  194        -183.246    1165.655        -183.246    1165.655             194             194
  183        -812.827    -884.023        -812.827    -884.023             183             183
  176        1542.614   -1171.002        1542.614   -1171.002             176             176
  190          48.258    -104.651          48.258    -104.651             190             190
  140       -1902.820     204.446       -1902.820     204.446             140             140
  248         615.268    -625.738         615.268    -625.738             248             248
  166        -552.303   -1106.459        -552.303   -1106.459             166             166
  181         316.167     402.470         316.167     402.470             181             181
   29         727.031    -545.302         727.031    -545.302              29              29
  117        -249.063      41.161        -249.063      41.161             117             117
  115        -347.053    1036.984        -347.053    1036.984             115             115
  229        -304.708     499.396        -304.708     499.396             229             229
  243          39.812    -291.666          39.812    -291.666             243             243
  215        1032.954    -675.702        1032.954    -675.702             215             215
  111         119.424     750.156         119.424     750.156             111             111
   58        1135.177    -325.189        1135.177    -325.189              58              58
   46        -132.513     879.900        -132.513     879.900              46              46
  231        -241.206     658.352        -241.206     658.352             231             231
   60        -122.447    -983.589        -122.447    -983.589              60              60
  235         202.019    -605.186         202.019    -605.186             235             235
  220        -831.614    -183.839        -831.614    -183.839             220             220
   69        -845.107    -334.226        -845.107    -334.226              69              69
  153        -216.774     613.437        -216.774     613.437             153             153
  114        1057.560     227.460        1057.560     227.460             114             114
  254        -213.785    -645.325        -213.785    -645.325             254             254
  113        -192.612     906.858        -192.612     906.858             113             113
  213         212.224   -1160.322         212.224   -1160.322             213             213
  113       -1060.594     121.381       -1060.594     121.381             113             113
  189        -674.679       3.803        -674.679       3.803             189             189
  215        -936.230     520.375        -936.230     520.375             215             215
   30         283.064   -1480.552         283.064   -1480.552              30              30
  127        1520.740     803.913        1520.740     803.913             127             127
  142        1143.801     876.194        1143.801     876.194             142             142
  206        -758.602     260.503        -758.602     260.503             206             206
   62         508.624   -1046.521         508.624   -1046.521              62              62
   26        -310.801    -348.578        -310.801    -348.578              26              26
  198        1551.339     749.631        1551.339     749.631             198             198
  229       -1291.614   -1035.804       -1291.614   -1035.804             229             229
  207        -546.353   -1791.775        -546.353   -1791.775             207             207
  227        -332.136     887.317        -332.136     887.317             227             227
   90        -561.854     694.940        -561.854     694.940              90              90
   67        -433.879    1971.705        -433.879    1971.705              67              67
  201         630.868    -344.200         630.868    -344.200             201             201
   78         937.719     273.712         937.719     273.712              78              78
   26         -78.139   -1838.159         -78.139   -1838.159              26              26
   56        -713.908    -104.359        -713.908    -104.359              56              56
  136       -1413.160    -676.373       -1413.160    -676.373             136             136
   72        -504.426       1.980        -504.426       1.980              72              72
   31       -1058.395     205.558       -1058.395     205.558              31              31
  197        -993.281   -2670.539        -993.281   -2670.539             197             197
   52          10.716    1114.173          10.716    1114.173              52              52
  252        1385.065    -901.352        1385.065    -901.352             252             252
   10         277.661     -54.846         277.661     -54.846              10              10
  206        1314.422    1218.015        1314.422    1218.015             206             206
  110         502.188     283.686         502.188     283.686             110             110
    9        1348.052     409.662        1348.052     409.662               9               9
   63       -1576.918      42.498       -1576.918      42.498              63              63
   68        -601.392     554.169        -601.392     554.169              68              68
  122        -105.210    -523.777        -105.210    -523.777             122             122
  252        -900.476   -1173.133        -900.476   -1173.133             252             252
   27         185.930    -626.267         185.930    -626.267              27              27
  152        1277.914    -583.759        1277.914    -583.759             152             152
  124       -1209.871    -638.240       -1209.871    -638.240             124             124
  170        -158.490     494.515        -158.490     494.515             170             170
  103        -631.466   -1440.046        -631.466   -1440.046             103             103
  186         650.856    -409.248         650.856    -409.248             186             186
  196        -529.845     -16.696        -529.845     -16.696             196             196
   46          30.289     664.643          30.289     664.643              46              46
  159          81.539    -228.320          81.539    -228.320             159             159
  148         289.487    -749.124         289.487    -749.124             148             148
   18        -138.550    1380.046        -138.550    1380.046              18              18
  250        1056.113     238.310        1056.113     238.310             250             250
  215         284.806     378.864         284.806     378.864             215             215
  219        1787.260    -176.715        1787.260    -176.715             219             219
   73       -1578.000      -0.147       -1578.000      -0.147              73              73
  242        1787.291     176.961        1787.291     176.961             242             242
   20         284.824    -378.871         284.824    -378.871              20              20
  209        1056.079    -238.177        1056.079    -238.177             209             209
   59        -138.412   -1380.013        -138.412   -1380.013              59              59
   52         289.300     749.259         289.300     749.259              52              52
  151          81.428     228.319          81.428     228.319             151             151
  111          30.324    -664.612          30.324    -664.612             111             111
   48        -529.878      16.700        -529.878      16.700              48              48
  162         650.737     409.451         650.737     409.451             162             162
   61        -631.779    1439.929        -631.779    1439.929              61              61
  159        -158.445    -494.567        -158.445    -494.567             159             159
  171       -1209.922     638.071       -1209.922     638.071             171             171
  125        1277.858     583.968        1277.858     583.968             125             125
  228         185.727     626.280         185.727     626.280             228             228
   37        -900.719    1172.899        -900.719    1172.899              37              37
  121        -105.299     523.592        -105.299     523.592             121             121
  255        -601.307    -554.399        -601.307    -554.399             255             255
  190       -1576.764     -42.845       -1576.764     -42.845             190             190
  246        1348.287    -409.510        1348.287    -409.510             246             246
  169         502.294    -283.663         502.294    -283.663             169             169
   38        1314.618   -1217.771        1314.618   -1217.771              38              38
  176         277.602      54.997         277.602      54.997             176             176
  110        1384.799     901.597        1384.799     901.597             110             110
   84          10.692   -1114.084          10.692   -1114.084              84              84
   80        -993.879    2670.395        -993.879    2670.395              80              80
    2       -1058.412    -205.859       -1058.412    -205.859               2               2
  102        -504.452      -2.088        -504.452      -2.088             102             102
   75       -1413.244     676.106       -1413.244     676.106              75              75
  218        -713.800     104.218        -713.800     104.218             218             218
   66         -78.299    1838.031         -78.299    1838.031              66              66
  148         937.840    -273.751         937.840    -273.751             148             148
  204         630.766     344.104         630.766     344.104             204             204
   86        -433.609   -1971.895        -433.609   -1971.895              86              86
  102        -561.739    -694.996        -561.739    -694.996             102             102
    7        -331.966    -887.239        -331.966    -887.239               7               7
  138        -546.620    1791.763        -546.620    1791.763             138             138
  253       -1291.629    1035.468       -1291.629    1035.468             253             253
  118        1551.585    -749.456        1551.585    -749.456             118             118
  187        -310.832     348.520        -310.832     348.520             187             187
  159         508.485    1046.505         508.485    1046.505             159             159
  180        -758.472    -260.789        -758.472    -260.789             180             180
   90        1144.062    -876.079        1144.062    -876.079              90              90
   74        1520.824    -803.604        1520.824    -803.604              74              74
   49         282.660    1480.585         282.660    1480.585              49              49
   62        -936.242    -520.621        -936.242    -520.621              62              62
  112        -674.694      -3.943        -674.694      -3.943             112             112
  171       -1060.506    -121.558       -1060.506    -121.558             171             171
   62         212.118    1160.282         212.118    1160.282              62              62
   47        -192.407    -906.968        -192.407    -906.968              47              47
  161        -213.803     645.247        -213.803     645.247             161             161
  232        1057.619    -227.372        1057.619    -227.372             232             232
   85        -216.733    -613.490        -216.733    -613.490              85              85
   82        -845.163     334.092        -845.163     334.092              82              82
   86        -831.548     183.684        -831.548     183.684              86              86
  169         202.025     605.183         202.025     605.183             169             169
  163        -122.538     983.427        -122.538     983.427             163             163
   89        -240.998    -658.555        -240.998    -658.555              89              89
   16        -132.219    -879.966        -132.219    -879.966              16              16
  238        1135.217     325.345        1135.217     325.345             238             238
   51         119.596    -750.154         119.596    -750.154              51              51
   82        1032.850     675.863        1032.850     675.863              82              82
  130          39.717     291.570          39.717     291.570             130             130
    0        -304.633    -499.551        -304.633    -499.551              -0              -0
  168        -346.840   -1037.048        -346.840   -1037.048             168             168
  232        -248.967     -41.143        -248.967     -41.143             232             232
    7         726.999     545.428         726.999     545.428               7               7
   51         316.215    -402.396         316.215    -402.396              51              51
  230        -552.474    1106.376        -552.474    1106.376             230             230
  126         615.145     625.748         615.145     625.748             126             126
  238       -1902.731    -204.842       -1902.731    -204.842             238             238
  133          48.446     104.642          48.446     104.642             133             133
   51        1542.477    1171.187        1542.477    1171.187              51              51
   72        -812.959     883.671        -812.959     883.671              72              72
  208        -182.906   -1165.869        -182.906   -1165.869             208             208
  100        1784.395    -289.954        1784.395    -289.954             100             100
  135        -615.132    -827.836        -615.132    -827.836             135             135
   65        -125.991     190.652        -125.991     190.652              65              65
   16        -263.463    -776.754        -263.463    -776.754              16              16
  197         -95.826    -273.753         -95.826    -273.753             197             197
  113          88.023     987.902          88.023     987.902             113             113
  177         293.741    -810.008         293.741    -810.008             177             177
  174        -929.628    -876.382        -929.628    -876.382             174             174
  198        -709.592   -1897.089        -709.592   -1897.089             198             198
    4         218.616    -118.006         218.616    -118.006               4               4
    4         813.729     815.193         813.729     815.193               4               4
  112         357.624      10.598         357.624      10.598             112             112
  167       -1190.997    -260.682       -1190.997    -260.682             167             167
   94        -429.317     221.204        -429.317     221.204              94              94
  129        1675.561    1666.985        1675.561    1666.985             129             129
  149         832.627   -1079.998         832.627   -1079.998             149             149
  146         444.854     590.834         444.854     590.834             146             146
  211         366.961    -416.653         366.961    -416.653             211             211
   24         516.642    -351.534         516.642    -351.534              24              24
  146         735.431    -148.864         735.431    -148.864             146             146
  124        -113.198    1021.327        -113.198    1021.327             124             124
    1         963.033    1340.251         963.033    1340.251               1               1
  154         740.194     974.578         740.194     974.578             154             154
  175        -525.306    -298.588        -525.306    -298.588             175             175
  231         -28.266    -379.180         -28.266    -379.180             231             231
   24         973.537     357.988         973.537     357.988              24              24
  158         369.129   -1388.790         369.129   -1388.790             158             158
  109         277.141    -710.242         277.141    -710.242             109             109
   75       -1577.818    1143.628       -1577.818    1143.628              75              75
  231        -823.835   -1033.101        -823.835   -1033.101             231             231
   62         -57.689     404.128         -57.689     404.128              62              62
  176         711.227   -1552.355         711.227   -1552.355             176             176
  110        -834.380   -1267.337        -834.380   -1267.337             110             110
  128         -58.961     670.309         -58.961     670.309             128             128
  192        -535.920    -611.954        -535.920    -611.954             192             192
   52         -20.824      66.926         -20.824      66.926              52              52
  241        1006.907    -124.680        1006.907    -124.680             241             241
  114         745.096    -248.523         745.096    -248.523             114             114
  226       -1014.329    -174.302       -1014.329    -174.302             226             226
  184        1305.928    -292.235        1305.928    -292.235             184             184
  118         -52.233    1018.377         -52.233    1018.377             118             118
  231         121.737    -390.059         121.737    -390.059             231             231
   40         372.516    1108.992         372.516    1108.992              40              40
   29        -134.433      14.977        -134.433      14.977              29              29
   69        1197.932     776.226        1197.932     776.226              69              69
  169         276.369    -193.254         276.369    -193.254             169             169
  179        -122.706     520.937        -122.706     520.937             179             179
  215         621.943     -55.418         621.943     -55.418             215             215
  125          85.193     237.839          85.193     237.839             125             125
  204        1606.846     744.188        1606.846     744.188             204             204
  106         936.747    -992.595         936.747    -992.595             106             106
  250         940.263     166.371         940.263     166.371             250             250
  205        1334.375    1349.125        1334.375    1349.125             205             205
