SINAL     NFT                         FFT                         NFT INVERSA     FFT INVERSA
-----     -----------------------     -----------------------     -----------     -----------
   10       31757.000       0.000       31757.000       0.000              10              10
  187         549.353    -837.832         549.353    -837.832             187             187
   97       -1687.430     985.240       -1687.430     985.240              97              97
   45         -53.162      61.277         -53.162      61.277              45              45
   52       -1122.638     421.058       -1122.638     421.058              52              52
  240        -387.701    -682.703        -387.701    -682.703             240             240
   12        -162.411     271.799        -162.411     271.799              12              12
    4         843.474    1425.635         843.474    1425.635               4               4
   92        -974.706      87.278        -974.706      87.278              92              92
   74        -752.894     791.209        -752.894     791.209              74              74
  112         311.632    1145.041         311.632    1145.041             112             112
   99         424.000     575.379         424.000     575.379              99              99
   40        -575.476     358.602        -575.476     358.602              40              40
  206        -364.119     612.025        -364.119     612.025             206             206
   28       -1245.524    -480.837       -1245.524    -480.837              28              28
  104        -277.241     586.538        -277.241     586.538             104             104
  182         941.618   -1457.160         941.618   -1457.160             182             182
  193         238.341    -540.307         238.341    -540.307             193             193
  187        -515.155     214.529        -515.155     214.529             187             187
  251         622.386    -283.045         622.386    -283.045             251             251
    7         931.995     493.868         931.995     493.868               7               7
   59        -419.732   -1472.787        -419.732   -1472.787              59              59
  150        -468.879   -1466.074        -468.879   -1466.074             150             150
   25         -65.855      71.184         -65.855      71.184              25              25
  206        -302.223    1143.007        -302.223    1143.007             206             206
  232         790.807     522.670         790.807     522.670             232             232
  116          84.070     847.154          84.070     847.154             116             116
  146        -288.994     325.167        -288.994     325.167             146             146
   26         462.641     755.246         462.641     755.246              26              26
  224       -1734.069      57.637       -1734.069      57.637             224             224
  217        -885.183    1053.068        -885.183    1053.068             217             217
   37         688.559   -1067.614         688.559   -1067.614              37              37
  155         323.019    -370.701         323.019    -370.701             155             155
   59       -1039.053    -783.417       -1039.053    -783.417              59              59
   83       -1191.681   -1328.445       -1191.681   -1328.445              83              83
  208       -1202.550     458.422       -1202.550     458.422             208             208
   43         433.463   -1113.687         433.463   -1113.687              43              43
   95       -1071.843     270.328       -1071.843     270.328              95              95
  212        -116.720   -1290.351        -116.720   -1290.351             212             212
  136        -953.367     851.182        -953.367     851.182             136             136
  169        -150.784     324.537        -150.784     324.537             169             169
   69          32.758    -360.199          32.758    -360.199              69              69
  236         815.881     413.945         815.881     413.945             236             236
  210        1758.842    -397.524        1758.842    -397.524             210             210
   20         527.857   -1081.328         527.857   -1081.328              20              20
    8        -136.204    -269.790        -136.204    -269.790               8               8
   59         272.750    -108.249         272.750    -108.249              59              59
  202         438.646     861.800         438.646     861.800             202             202
  202        -754.938     359.538        -754.938     359.538             202             202
  246         283.509    -326.759         283.509    -326.759             246             246
  197       -1543.531     -27.929       -1543.531     -27.929             197             197
  210         107.950    -329.332         107.950    -329.332             210             210
   50        1392.086    -521.154        1392.086    -521.154              50              50
   92         181.909    1159.734         181.909    1159.734              92              92
  235        1655.171   -1054.637        1655.171   -1054.637             235             235
    1        -156.492    -157.938        -156.492    -157.938               1               1
   68        -955.475     714.486        -955.475     714.486              68              68
   95       -1297.882     844.308       -1297.882     844.308              95              95
  147        -159.232   -2055.225        -159.232   -2055.225             147             147
   95         549.314    -317.588         549.314    -317.588              95              95
   63         749.026     183.851         749.026     183.851              63              63
  109        1255.804   -1950.028        1255.804   -1950.028             109             109
  132         882.189    -484.817         882.189    -484.817             132             132
  219        -676.452   -1094.383        -676.452   -1094.383             219             219
  169          80.984    -275.964          80.984    -275.964             169             169
  216       -1098.682    1036.392       -1098.682    1036.392             216             216
  171         825.626    -397.785         825.626    -397.785             171             171
  213        -606.811    -987.918        -606.811    -987.918             213             213
   55        -136.892    -990.045        -136.892    -990.045              55              55
  128        -363.058     575.423        -363.058     575.423             128             128
   93          49.077    -134.022          49.077    -134.022              93              93
  225        -714.765     502.563        -714.765     502.563             225             225
  197         -83.483     -72.461         -83.483     -72.461             197             197
   73        -350.548   -2070.800        -350.548   -2070.800              73              73
  180        -966.016    -600.390        -966.016    -600.390             180             180
  217        -516.169     658.572        -516.169     658.572             217             217
   82         468.713    -801.260         468.713    -801.260              82              82
  239       -1202.542    1007.440       -1202.542    1007.440             239             239
  164        -122.824     -76.725        -122.824     -76.725             164             164
   28        -451.213     622.657        -451.213     622.657              28              28
  230         699.147    -289.291         699.147    -289.291             230             230
  106         -12.282     294.019         -12.282     294.019             106             106
  238          59.485    -567.704          59.485    -567.704             238             238
   24        -216.408    1039.160        -216.408    1039.160              24              24
  198       -2422.569   -1404.659       -2422.569   -1404.659             198             198
  218         531.839      82.515         531.839      82.515             218             218
   25         845.722    -710.062         845.722    -710.062              25              25
   11       -1292.309      42.246       -1292.309      42.246              11              11
   57        -220.961     208.304        -220.961     208.304              57              57
  173       -1094.619     408.709       -1094.619     408.709             173             173
  106        -911.912    -371.433        -911.912    -371.433             106             106
  121         626.049     -58.866         626.049     -58.866             121             121
   26       -1850.188    1189.369       -1850.188    1189.369              26              26
  239         809.792    1577.540         809.792    1577.540             239             239
   84        -363.191     416.816        -363.191     416.816              84              84
  195         352.091     384.191         352.091     384.191             195             195
  199        1989.011    -364.644        1989.011    -364.644             199             199
    0         548.740   -2087.001         548.740   -2087.001              -0              -0
  152        -912.279    -822.217        -912.279    -822.217             152             152
  255         605.057    -664.526         605.057    -664.526             255             255
  129         758.481     -31.738         758.481     -31.738             129             129
  246         -90.158     354.944         -90.158     354.944             246             246
  224         305.231     985.771         305.231     985.771             224             224
   71         705.490     582.537         705.490     582.537              71              71
   64         173.739    -949.183         173.739    -949.183              64              64
  149        1682.841     169.246        1682.841     169.246             149             149
   33       -1165.689    1243.503       -1165.689    1243.503              33              33
  146        -989.793   -1480.535        -989.793   -1480.535             146             146
  132        -631.472     153.814        -631.472     153.814             132             132
  197        -328.049     281.489        -328.049     281.489             197             197
  175         524.130   -1312.293         524.130   -1312.293             175             175
  106       -1132.619    -357.396       -1132.619    -357.396             106             106
   48         114.155     325.972         114.155     325.972              48              48
  158        -852.256     484.510        -852.256     484.510             158             158
  131        -963.616     148.178        -963.616     148.178             131             131
  246         760.232    -867.320         760.232    -867.320             246             246
  120         836.956    -749.880         836.956    -749.880             120             120
  157       -2111.302     807.237       -2111.302     807.237             157             157
    2        -334.725    -778.540        -334.725    -778.540               2               2
  177        1687.362   -1991.031        1687.362   -1991.031             177             177
   74         449.752     812.497         449.752     812.497              74              74
  108        -199.229     177.617        -199.229     177.617             108             108
   42         136.354    -146.692         136.354    -146.692              42              42
  100        -123.340   -1427.305        -123.340   -1427.305             100             100
   92        -349.916     385.306        -349.916     385.306              92              92
  127         264.892   -1435.609         264.892   -1435.609             127             127
   40         -27.152    1129.435         -27.152    1129.435              40              40
   36        -268.245     -20.082        -268.245     -20.082              36              36
  128       -1743.000      -0.120       -1743.000      -0.120             128             128
  192        -268.148      20.075        -268.148      20.075             192             192
   35         -26.892   -1129.301         -26.892   -1129.301              35              35
    1         264.677    1435.779         264.677    1435.779               1               1
  183        -349.835    -385.284        -349.835    -385.284             183             183
    4        -123.532    1427.342        -123.532    1427.342               4               4
   72         136.366     146.685         136.366     146.685              72              72
  247        -199.148    -177.642        -199.148    -177.642             247             247
  153         449.959    -812.285         449.959    -812.285             153             153
  106        1686.953    1991.409        1686.953    1991.409             106             106
  137        -335.045     778.401        -335.045     778.401             137             137
   30       -2111.158    -807.597       -2111.158    -807.597              30              30
   47         836.920     750.073         836.920     750.073              47              47
   56         760.003     867.401         760.003     867.401              56              56
  136        -963.685    -148.414        -963.685    -148.414             136             136
   96        -852.158    -484.663        -852.158    -484.663              96              96
  214         114.217    -325.891         114.217    -325.891             214             214
   12       -1132.640     357.294       -1132.640     357.294              12              12
   86         523.957    1312.364         523.957    1312.364              86              86
   79        -328.024    -281.604        -328.024    -281.604              79              79
  169        -631.443    -153.890        -631.443    -153.890             169             169
   89        -989.975    1480.301        -989.975    1480.301              89              89
    0       -1165.271   -1243.779       -1165.271   -1243.779              -0              -0
  244        1683.030    -168.912        1683.030    -168.912             244             244
  198         173.621     949.182         173.621     949.182             198             198
   43         705.620    -582.500         705.620    -582.500              43              43
   89         305.391    -985.696         305.391    -985.696              89              89
   34         -90.069    -354.857         -90.069    -354.857              34              34
  171         758.498      31.989         758.498      31.989             171             171
  129         604.886     664.734         604.886     664.734             129             129
   70        -912.408     822.138        -912.408     822.138              70              70
   44         548.495    2087.025         548.495    2087.025              44              44
   66        1988.906     364.781        1988.906     364.781              66              66
  106         351.985    -384.292         351.985    -384.292             106             106
   45        -363.233    -417.012        -363.233    -417.012              45              45
  249         809.896   -1577.458         809.896   -1577.458             249             249
  110       -1850.090   -1189.586       -1850.090   -1189.586             110             110
  118         625.991      59.090         625.991      59.090             118             118
  240        -912.083     371.322        -912.083     371.322             240             240
    7       -1094.564    -408.863       -1094.564    -408.863               7               7
  224        -220.924    -208.269        -220.924    -208.269             224             224
  122       -1292.240     -42.367       -1292.240     -42.367             122             122
   38         845.660     710.260         845.660     710.260              38              38
   16         531.727     -82.378         531.727     -82.378              16              16
  179       -2422.830    1404.223       -2422.830    1404.223             179             179
  175        -216.105   -1039.230        -216.105   -1039.230             175             175
  112          59.465     567.736          59.465     567.736             112             112
  137         -12.177    -294.025         -12.177    -294.025             137             137
  187         699.086     289.401         699.086     289.401             187             187
  199        -451.158    -622.726        -451.158    -622.726             199             199
  217        -122.876      76.732        -122.876      76.732             217             217
  101       -1202.350   -1007.553       -1202.350   -1007.553             101             101
   32         468.609     801.434         468.609     801.434              32              32
  217        -516.093    -658.564        -516.093    -658.564             217             217
   90        -966.086     600.395        -966.086     600.395              90              90
  231        -350.820    2070.751        -350.820    2070.751             231             231
    5         -83.451      72.345         -83.451      72.345               5               5
  179        -714.620    -502.696        -714.620    -502.696             179             179
   10          49.127     134.057          49.127     134.057              10              10
  177        -362.906    -575.397        -362.906    -575.397             177             177
   53        -136.997     990.123        -136.997     990.123              53              53
   80        -606.877     987.809        -606.877     987.809              80              80
  221         825.610     397.851         825.610     397.851             221             221
  119       -1098.461   -1036.554       -1098.461   -1036.554             119             119
  187          81.049     276.108          81.049     276.108             187             187
   10        -676.483    1094.342        -676.483    1094.342              10              10
  113         882.282     485.013         882.282     485.013             113             113
   41        1255.536    1950.192        1255.536    1950.192              41              41
  129         749.030    -183.819         749.030    -183.819             129             129
   98         549.183     317.688         549.183     317.688              98              98
   49        -159.680    2055.072        -159.680    2055.072              49              49
   98       -1297.760    -844.711       -1297.760    -844.711              98              98
  220        -955.234    -714.672        -955.234    -714.672             220             220
   87        -156.317     157.938        -156.317     157.938              87              87
  115        1655.096    1054.839        1655.096    1054.839             115             115
  143         182.122   -1159.752         182.122   -1159.752             143             143
    6        1391.961     521.412        1391.961     521.412               6               6
  228         107.753     329.313         107.753     329.313             228             228
   25       -1543.553      27.629       -1543.553      27.629              25              25
  194         283.510     326.745         283.510     326.745             194             194
  171        -754.812    -359.734        -754.812    -359.734             171             171
  242         438.884    -861.708         438.884    -861.708             242             242
   39         272.776     108.368         272.776     108.368              39              39
  204        -136.177     269.829        -136.177     269.829             204             204
  204         527.784    1081.412         527.784    1081.412             204             204
  129        1758.777     397.732        1758.777     397.732             129             129
  180         815.819    -413.855         815.819    -413.855             180             180
  209          32.555     360.174          32.555     360.174             209             209
   53        -150.861    -324.605        -150.861    -324.605              53              53
  190        -953.297    -851.272        -953.297    -851.272             190             190
  131        -116.981    1290.380        -116.981    1290.380             131             131
  106       -1071.806    -270.503       -1071.806    -270.503             106             106
   14         433.248    1113.751         433.248    1113.751              14              14
   96       -1202.533    -458.623       -1202.533    -458.623              96              96
  226       -1191.860    1328.255       -1191.860    1328.255             226             226
  202       -1039.047     783.151       -1039.047     783.151             202             202
  107         323.094     370.654         323.094     370.654             107             107
   84         688.383    1067.551         688.383    1067.551              84              84
  243        -885.044   -1053.383        -885.044   -1053.383             243             243
  236       -1733.933     -58.024       -1733.933     -58.024             236             236
  182         462.936    -755.251         462.936    -755.251             182             182
   36        -288.827    -325.270        -288.827    -325.270              36              36
   79          84.346    -847.169          84.346    -847.169              79              79
  146         790.960    -522.529         790.960    -522.529             146             146
  124        -302.001   -1142.971        -302.001   -1142.971             124             124
  195         -65.785     -71.016         -65.785     -71.016             195             195
   34        -469.041    1466.097        -469.041    1466.097              34              34
  130        -419.821    1472.635        -419.821    1472.635             130             130
  167         932.210    -493.806         932.210    -493.806             167             167
   59         622.363     283.115         622.363     283.115              59              59
   68        -515.070    -214.628        -515.070    -214.628              68              68
   82         238.354     540.358         238.354     540.358              82              82
   45         941.391    1457.203         941.391    1457.203              45              45
  108        -277.190    -586.729        -277.190    -586.729             108             108
   31       -1245.552     480.506       -1245.552     480.506              31              31
  250        -363.882    -612.224        -363.882    -612.224             250             250
  238        -575.245    -358.800        -575.245    -358.800             238             238
  211         424.264    -575.411         424.264    -575.411             211             211
  204         311.915   -1145.039         311.915   -1145.039             204             204
   35        -752.650    -791.315        -752.650    -791.315              35              35
  146        -974.445     -87.450        -974.445     -87.450             146             146
   79         843.960   -1425.458         843.960   -1425.458              79              79
  142        -162.172    -271.703        -162.172    -271.703             142             142
  160        -387.565     682.681        -387.565     682.681             160             160
  175       -1122.173    -421.247       -1122.173    -421.247             175             175
  112         -52.609     -61.274         -52.609     -61.274             112             112
  106       -1686.372    -985.444       -1686.372    -985.444             106             106
   26         550.991     838.002         550.991     838.002              26              26
