SINAL     NFT                         FFT                         NFT INVERSA     FFT INVERSA
-----     -----------------------     -----------------------     -----------     -----------
   72       33652.000       0.000       33652.000       0.000              72              72
  194        -370.750     862.382        -370.750     862.382             194             194
   31         292.748    -100.889         292.748    -100.889              31              31
   64         -75.444     195.363         -75.444     195.363              64              64
   91        -658.485     403.261        -658.485     403.261              91              91
  187       -2065.511    -647.636       -2065.511    -647.636             187             187
   89        -855.359     159.893        -855.359     159.893              89              89
  120         855.519    1062.814         855.519    1062.814             120             120
   29         177.158     343.863         177.158     343.863              29              29
  125         612.656    -655.414         612.656    -655.414             125             125
   13         543.421     670.039         543.421     670.039              13              13
  137         -31.821     620.207         -31.821     620.207             137             137
  169        -473.893     576.847        -473.893     576.847             169             169
   85        -397.547     347.738        -397.547     347.738              85              85
  121        -133.676     136.972        -133.676     136.972             121             121
  154        -354.888      34.170        -354.888      34.170             154             154
  109        1547.158     111.730        1547.158     111.730             109             109
  125        -399.842    -447.225        -399.842    -447.225             125             125
  215        -251.435    -541.968        -251.435    -541.968             215             215
  194         330.830    -189.704         330.830    -189.704             194             194
  205         170.744    -154.827         170.744    -154.827             205             205
   39         124.839    -241.141         124.839    -241.141              39              39
   86        -230.556    -620.025        -230.556    -620.025              86              86
   69         358.948    -376.599         358.948    -376.599              69              69
  118         539.301     664.583         539.301     664.583             118             118
  250        -769.761    1532.625        -769.761    1532.625             250             250
  207         135.801    -716.120         135.801    -716.120             207             207
  174         131.952    1463.596         131.952    1463.596             174             174
  104       -1203.841   -1201.979       -1203.841   -1201.979             104             104
  162         537.721    1562.975         537.721    1562.975             162             162
  148         943.480     223.248         943.480     223.248             148             148
  176         669.233    -449.716         669.233    -449.716             176             176
  101        -866.886   -1025.314        -866.886   -1025.314             101             101
  179        -804.270    -409.966        -804.270    -409.966             179             179
  241          61.012    -300.801          61.012    -300.801             241             241
  192         101.307    2066.879         101.307    2066.879             192             192
  111        -587.881     142.426        -587.881     142.426             111             111
   75         -32.833    1228.724         -32.833    1228.724              75              75
   56         841.039    -235.322         841.039    -235.322              56              56
  140        -663.462    1757.456        -663.462    1757.456             140             140
  200         204.895     549.009         204.895     549.009             200             200
   70        1238.989    -540.199        1238.989    -540.199              70              70
   22         590.770    -371.827         590.770    -371.827              22              22
  114        -997.519     -87.269        -997.519     -87.269             114             114
  155       -1604.743      -4.590       -1604.743      -4.590             155             155
  144         845.297    -268.771         845.297    -268.771             144             144
   12        1325.391    -879.715        1325.391    -879.715              12              12
    8        -872.180    -806.914        -872.180    -806.914               8               8
   13        -672.326    -472.987        -672.326    -472.987              13              13
  227         284.496    -701.963         284.496    -701.963             227             227
  203         612.213    2274.912         612.213    2274.912             203             203
  218        -127.008      62.720        -127.008      62.720             218             218
   10         874.352    -525.395         874.352    -525.395              10              10
   33         536.138   -2209.823         536.138   -2209.823              33              33
   32        -704.419   -1730.927        -704.419   -1730.927              32              32
  129        1294.162    -411.770        1294.162    -411.770             129             129
   28         690.809     346.663         690.809     346.663              28              28
  239         885.150     612.816         885.150     612.816             239             239
   47         551.405     281.297         551.405     281.297              47              47
  132         819.238     474.477         819.238     474.477             132             132
  146          96.542     144.939          96.542     144.939             146             146
  196       -1060.915     929.748       -1060.915     929.748             196             196
   53         296.766    -596.226         296.766    -596.226              53              53
  248        -517.698    -217.340        -517.698    -217.340             248             248
  120         475.990      54.018         475.990      54.018             120             120
   38        -233.476     157.746        -233.476     157.746              38              38
  184         438.097     -94.547         438.097     -94.547             184             184
  232        -398.789    -258.704        -398.789    -258.704             232             232
  113         482.839    -598.327         482.839    -598.327             113             113
  241         981.857       2.506         981.857       2.506             241             241
  117        -137.256     -10.644        -137.256     -10.644             117             117
   58         687.372   -1250.459         687.372   -1250.459              58              58
   55        -448.474     526.515        -448.474     526.515              55              55
  139         623.458    -722.303         623.458    -722.303             139             139
  173         435.913    -276.023         435.913    -276.023             173             173
  211       -1646.248     720.599       -1646.248     720.599             211             211
   27        1137.027    1657.584        1137.027    1657.584              27              27
  185        -332.508    -885.693        -332.508    -885.693             185             185
  220        -630.805    -177.686        -630.805    -177.686             220             220
   41        -166.323    1444.052        -166.323    1444.052              41              41
  157        -101.692     487.548        -101.692     487.548             157             157
  167        -847.016    1202.513        -847.016    1202.513             167             167
    3        -829.449     452.363        -829.449     452.363               3               3
  168       -1137.849   -1484.246       -1137.849   -1484.246             168             168
  201         804.145      85.816         804.145      85.816             201             201
   36        -303.218    1275.198        -303.218    1275.198              36              36
   41         415.228   -1738.445         415.228   -1738.445              41              41
  230       -1650.835    -295.286       -1650.835    -295.286             230             230
   19         138.462    1087.947         138.462    1087.947              19              19
   89        1419.184    -104.886        1419.184    -104.886              89              89
  106        -331.856   -1363.828        -331.856   -1363.828             106             106
  166         659.368    1384.773         659.368    1384.773             166             166
   30       -1370.500    -763.281       -1370.500    -763.281              30              30
  160        1036.953      73.559        1036.953      73.559             160             160
  158       -1468.951    -864.570       -1468.951    -864.570             158             158
  150          91.229     266.260          91.229     266.260             150             150
  198        -451.117    -267.323        -451.117    -267.323             198             198
   87        -727.526     121.148        -727.526     121.148              87              87
  127        -683.298    -176.562        -683.298    -176.562             127             127
   56        -331.507      -9.281        -331.507      -9.281              56              56
   72         -35.881    -854.904         -35.881    -854.904              72              72
  244         338.318     289.747         338.318     289.747             244             244
  115         837.993     719.674         837.993     719.674             115             115
  128        -798.395     562.721        -798.395     562.721             128             128
  127         665.705     437.169         665.705     437.169             127             127
   32        -281.920    -549.903        -281.920    -549.903              32              32
   84          84.742     981.512          84.742     981.512              84              84
  155        -435.494    -196.997        -435.494    -196.997             155             155
  218        -288.053     657.860        -288.053     657.860             218             218
   48        -561.357     901.064        -561.357     901.064              48              48
  196       -1522.623   -1851.914       -1522.623   -1851.914             196             196
  119         918.477     358.035         918.477     358.035             119             119
  215         102.702    1128.234         102.702    1128.234             215             215
  200        -721.605    -150.762        -721.605    -150.762             200             200
   31        -453.507      51.445        -453.507      51.445              31              31
  161          24.335    -240.067          24.335    -240.067             161             161
  236        -480.872   -1196.104        -480.872   -1196.104             236             236
   73         751.762   -1327.509         751.762   -1327.509              73              73
  135         -78.263     -17.018         -78.263     -17.018             135             135
    0        -875.160    -450.967        -875.160    -450.967              -0              -0
  162       -1032.080     509.363       -1032.080     509.363             162             162
  242        -359.991    -253.391        -359.991    -253.391             242             242
  166       -1192.271   -1350.898       -1192.271   -1350.898             166             166
  192        -796.288   -1044.070        -796.288   -1044.070             192             192
  146        -317.319   -1061.567        -317.319   -1061.567             146             146
   68         312.646     196.621         312.646     196.621              68              68
   87        1801.728     -74.927        1801.728     -74.927              87              87
   89        -637.001   -1284.413        -637.001   -1284.413              89              89
  155       -1032.000       0.020       -1032.000       0.020             155             155
  214        -637.090    1284.421        -637.090    1284.421             214             214
  146        1801.746      75.268        1801.746      75.268             146             146
  228         312.545    -196.453         312.545    -196.453             228             228
  203        -317.632    1061.634        -317.632    1061.634             203             203
    5        -796.563    1043.980        -796.563    1043.980               5               5
  101       -1192.517    1350.649       -1192.517    1350.649             101             101
   74        -360.027     253.227        -360.027     253.227              74              74
   38       -1031.978    -509.556       -1031.978    -509.556              38              38
  185        -875.140     450.845        -875.140     450.845             185             185
  229         -78.145      17.049         -78.145      17.049             229             229
    0         751.568    1327.654         751.568    1327.654              -0              -0
  233        -481.085    1195.919        -481.085    1195.919             233             233
  169          24.296     239.924          24.296     239.924             169             169
  119        -453.507     -51.637        -453.507     -51.637             119             119
  193        -721.580     150.515        -721.580     150.515             193             193
  114         102.964   -1128.279         102.964   -1128.279             114             114
  151         918.481    -357.817         918.481    -357.817             151             151
   99       -1522.984    1851.589       -1522.984    1851.589              99              99
   94        -561.139    -901.315        -561.139    -901.315              94              94
  224        -287.878    -657.941        -287.878    -657.941             224             224
  234        -435.450     196.882        -435.450     196.882             234             234
   94          84.979    -981.510          84.979    -981.510              94              94
  131        -281.937     549.848        -281.937     549.848             131             131
  221         665.810    -437.117         665.810    -437.117             221             221
    4        -798.254    -562.872        -798.254    -562.872               4               4
   67         838.172    -719.493         838.172    -719.493              67              67
  111         338.332    -289.591         338.332    -289.591             111             111
   73         -36.080     854.944         -36.080     854.944              73              73
  155        -331.562       9.214        -331.562       9.214             155             155
  201        -683.350     176.442        -683.350     176.442             201             201
  229        -727.477    -121.267        -727.477    -121.267             229             229
  114        -451.100     267.249        -451.100     267.249             114             114
   91          91.293    -266.221          91.293    -266.221              91              91
  201       -1469.007     864.324       -1469.007     864.324             201             201
   61        1037.039     -73.419        1037.039     -73.419              61              61
   97       -1370.562     762.977       -1370.562     762.977              97              97
   47         659.714   -1384.665         659.714   -1384.665              47              47
  136        -331.993    1363.791        -331.993    1363.791             136             136
  135        1419.193     105.013        1419.193     105.013             135             135
  232         138.533   -1087.936         138.533   -1087.936             232             232
  109       -1650.876     295.086       -1650.876     295.086             109             109
  135         415.015    1738.425         415.015    1738.425             135             135
  210        -302.966   -1275.359        -302.966   -1275.359             210             210
   23         804.127     -85.645         804.127     -85.645              23              23
  255       -1138.153    1483.969       -1138.153    1483.969             255             255
  148        -829.332    -452.691        -829.332    -452.691             148             148
  137        -846.717   -1202.743        -846.717   -1202.743             137             137
  150        -101.502    -487.600        -101.502    -487.600             150             150
  247        -166.010   -1444.036        -166.010   -1444.036             247             247
  232        -630.740     177.679        -630.740     177.679             232             232
  119        -332.502     885.586        -332.502     885.586             119             119
  226        1137.356   -1657.428        1137.356   -1657.428             226             226
   70       -1646.049    -720.751       -1646.049    -720.751              70              70
  250         436.049     276.223         436.049     276.223             250             250
  192         623.421     722.447         623.421     722.447             192             192
   74        -448.290    -526.532        -448.290    -526.532              74              74
   62         687.267    1250.612         687.267    1250.612              62              62
   48        -137.162      10.587        -137.162      10.587              48              48
  148         981.935      -2.329         981.935      -2.329             148             148
  217         482.733     598.405         482.733     598.405             217             217
  249        -398.804     258.593        -398.804     258.593             249             249
  121         438.127      94.572         438.127      94.572             121             121
   76        -233.407    -157.817        -233.407    -157.817              76              76
   85         476.030     -53.945         476.030     -53.945              85              85
   66        -517.697     217.245        -517.697     217.245              66              66
  138         296.711     596.196         296.711     596.196             138             138
  182       -1060.665    -929.989       -1060.665    -929.989             182             182
  113          96.753    -144.925          96.753    -144.925             113             113
   18         819.459    -474.335         819.459    -474.335              18              18
   61         551.551    -281.177         551.551    -281.177              61              61
   90         885.324    -612.600         885.324    -612.600              90              90
  128         690.909    -346.406         690.909    -346.406             128             128
  197        1294.050     412.168        1294.050     412.168             197             197
   45        -704.729    1730.919        -704.729    1730.919              45              45
  152         535.828    2209.823         535.828    2209.823             152             152
  196         874.250     525.337         874.250     525.337             196             196
  194        -127.017     -62.947        -127.017     -62.947             194             194
   34         612.581   -2274.822         612.581   -2274.822              34              34
   91         284.308     702.121         284.308     702.121              91              91
  186        -672.444     472.901        -672.444     472.901             186             186
   10        -872.217     806.757        -872.217     806.757              10              10
  210        1325.316     879.854        1325.316     879.854             210             210
  156         845.139     268.795         845.139     268.795             156             156
   80       -1604.803       4.224       -1604.803       4.224              80              80
  204        -997.394      87.025        -997.394      87.025             204             204
   93         590.871     371.833         590.871     371.833              93              93
  155        1238.933     540.238        1238.933     540.238             155             155
   10         204.938    -549.180         204.938    -549.180              10              10
  141        -663.140   -1757.638        -663.140   -1757.638             141             141
   47         841.028     235.426         841.028     235.426              47              47
  228         -32.668   -1228.778         -32.668   -1228.778             228             228
  135        -587.843    -142.557        -587.843    -142.557             135             135
  168         101.694   -2066.800         101.694   -2066.800             168             168
   48          60.960     300.970          60.960     300.970              48              48
  220        -804.313     409.915        -804.313     409.915             220             220
  235        -866.914    1025.164        -866.914    1025.164             235             235
  186         669.317     449.727         669.317     449.727             186             186
  147         943.567    -223.216         943.567    -223.216             147             147
   93         537.932   -1562.879         537.932   -1562.879              93              93
  205       -1204.026    1201.763       -1204.026    1201.763             205             205
  208         132.294   -1463.609         132.294   -1463.609             208             208
  184         135.730     716.123         135.730     716.123             184             184
   78        -769.405   -1532.774        -769.405   -1532.774              78              78
  150         539.538    -664.372         539.538    -664.372             150             150
  229         358.942     376.775         358.942     376.775             229             229
  230        -230.593     620.028        -230.593     620.028             230             230
   90         124.893     241.162         124.893     241.162              90              90
  168         170.806     154.856         170.806     154.856             168             168
    8         330.861     189.767         330.861     189.767               8               8
  181        -251.455     541.908        -251.455     541.908             181             181
   98        -399.759     447.087        -399.759     447.087              98              98
   19        1547.263    -111.550        1547.263    -111.550              19              19
  135        -354.872     -34.295        -354.872     -34.295             135             135
  255        -133.584    -137.066        -133.584    -137.066             255             255
  100        -397.389    -347.872        -397.389    -347.872             100             100
   83        -473.635    -576.969        -473.635    -576.969              83              83
   92         -31.507    -620.217         -31.507    -620.217              92              92
  255         543.732    -669.892         543.732    -669.892             255             255
   94         612.698     655.532         612.698     655.532              94              94
  233         177.365    -343.889         177.365    -343.889             233             233
   47         855.798   -1062.645         855.798   -1062.645              47              47
   66        -855.239    -159.942        -855.239    -159.942              66              66
  113       -2065.303     647.315       -2065.303     647.315             113             113
  216        -657.881    -403.382        -657.881    -403.382             216             216
  115         -74.741    -195.347         -74.741    -195.347             115             115
   77         293.639     100.944         293.639     100.944              77              77
  195        -368.819    -862.397        -368.819    -862.397             195             195
