SINAL     NFT                         FFT                         NFT INVERSA     FFT INVERSA
-----     -----------------------     -----------------------     -----------     -----------
    1       32369.000       0.000       32369.000       0.000               1               1
  113          69.222     812.040          69.222     812.040             113             113
  208        -944.541     557.901        -944.541     557.901             208             208
  176          99.944    -920.919          99.944    -920.919             176             176
    2       -1233.122      31.706       -1233.122      31.706               2               2
  130        -345.852    1469.329        -345.852    1469.329             130             130
   52        -447.263     124.055        -447.263     124.055              52              52
  182          -4.319    1132.731          -4.319    1132.731             182             182
  101        -404.591    -326.483        -404.591    -326.483             101             101
  107         915.341    1081.054         915.341    1081.054             107             107
   48         149.395    -502.959         149.395    -502.959              48              48
   17        -575.489    -686.134        -575.489    -686.134              17              17
   11         703.853    -534.051         703.853    -534.051              11              11
  193        -665.850    -321.252        -665.850    -321.252             193             193
  134        1153.734     283.001        1153.734     283.001             134             134
   11         222.574   -1153.928         222.574   -1153.928              11              11
  120         489.302     771.131         489.302     771.131             120             120
  185         815.609    -729.275         815.609    -729.275             185             185
   54       -1101.439    -849.102       -1101.439    -849.102              54              54
  171        1113.963     412.481        1113.963     412.481             171             171
  159        -457.937      74.275        -457.937      74.275             159             159
  178         880.705    -278.249         880.705    -278.249             178             178
   51         539.812    1182.585         539.812    1182.585              51              51
   96         750.508     198.418         750.508     198.418              96              96
  156        -513.547     582.151        -513.547     582.151             156             156
  226        -873.525     389.778        -873.525     389.778             226             226
  146        -517.150    1886.860        -517.150    1886.860             146             146
  150        -453.135     878.576        -453.135     878.576             150             150
  196         -73.945     670.204         -73.945     670.204             196             196
   46         -64.505     502.028         -64.505     502.028              46              46
  169       -1660.911    -116.575       -1660.911    -116.575             169             169
  197        -156.803    -483.463        -156.803    -483.463             197             197
  159       -1323.373    1177.577       -1323.373    1177.577             159             159
  121        -829.578    -565.239        -829.578    -565.239             121             121
  117        -489.168   -1874.437        -489.168   -1874.437             117             117
  161         333.948    -227.444         333.948    -227.444             161             161
  252         132.565    1061.245         132.565    1061.245             252             252
  169        -616.281   -1000.526        -616.281   -1000.526             169             169
   88        -605.839    1027.922        -605.839    1027.922              88              88
   97         469.110   -1216.999         469.110   -1216.999              97              97
   20        -642.417   -1902.340        -642.417   -1902.340              20              20
  137         170.789    1655.454         170.789    1655.454             137             137
  114        -838.815    -643.430        -838.815    -643.430             114             114
   32        1245.951   -2843.290        1245.951   -2843.290              32              32
   75        -753.273     173.152        -753.273     173.152              75              75
  249       -2243.136    -662.989       -2243.136    -662.989             249             249
   43       -1026.775    -488.723       -1026.775    -488.723              43              43
  195        -345.575   -1306.655        -345.575   -1306.655             195             195
  179        1216.648    1166.802        1216.648    1166.802             179             179
   97       -1520.176     182.589       -1520.176     182.589              97              97
  111       -1139.669     459.547       -1139.669     459.547             111             111
   82         348.910    -545.634         348.910    -545.634              82              82
   20         115.979   -1527.730         115.979   -1527.730              20              20
  162       -2216.946     331.018       -2216.946     331.018             162             162
  179        -846.422     239.584        -846.422     239.584             179             179
  177         608.453    -317.986         608.453    -317.986             177             177
  132        -933.093    -499.147        -933.093    -499.147             132             132
   69         114.435     101.812         114.435     101.812              69              69
   71         749.880     187.382         749.880     187.382              71              71
   72        -409.715   -1309.443        -409.715   -1309.443              72              72
  116        -244.100    1279.668        -244.100    1279.668             116             116
  240        -189.498    -475.886        -189.498    -475.886             240             240
   13        -233.312     870.628        -233.312     870.628              13              13
   19         268.639     -24.385         268.639     -24.385              19              19
  106       -1362.934   -1524.074       -1362.934   -1524.074             106             106
  131         370.050   -1111.962         370.050   -1111.962             131             131
  180          58.937    -488.716          58.937    -488.716             180             180
  102        -536.654    -167.561        -536.654    -167.561             102             102
   45        -522.161      59.653        -522.161      59.653              45              45
   13        -631.268    -159.855        -631.268    -159.855              13              13
  200        -975.697     121.853        -975.697     121.853             200             200
   66        -525.778     687.815        -525.778     687.815              66              66
  150         446.295     269.270         446.295     269.270             150             150
   59        -558.291    1106.076        -558.291    1106.076              59              59
   98         -14.031     -65.124         -14.031     -65.124              98              98
  225         336.019    -108.450         336.019    -108.450             225             225
   52        1973.111   -1039.017        1973.111   -1039.017              52              52
  142         -72.068     837.996         -72.068     837.996             142             142
  165        -445.628     954.340        -445.628     954.340             165             165
  231       -1189.265      31.943       -1189.265      31.943             231             231
  240        -430.604    -231.979        -430.604    -231.979             240             240
   20         836.815   -1613.129         836.815   -1613.129              20              20
   58         129.704    -630.215         129.704    -630.215              58              58
    5        -524.732     637.175        -524.732     637.175               5               5
  182        -426.465     852.540        -426.465     852.540             182             182
  237       -1047.707   -1207.438       -1047.707   -1207.438             237             237
  182         339.878     136.443         339.878     136.443             182             182
   59        -536.089   -1528.386        -536.089   -1528.386              59              59
   51        -472.871    -534.886        -472.871    -534.886              51              51
  253        1325.176    -428.022        1325.176    -428.022             253             253
  131         302.466    1750.187         302.466    1750.187             131             131
  167         152.735    2129.537         152.735    2129.537             167             167
  238        1060.557     538.126        1060.557     538.126             238             238
  145         523.355    -445.556         523.355    -445.556             145             145
  186        -743.681     -98.233        -743.681     -98.233             186             186
   89        -445.750     550.755        -445.750     550.755              89              89
   20         495.331     219.629         495.331     219.629              20              20
  111        -489.924     318.335        -489.924     318.335             111             111
  191        -688.687   -1226.340        -688.687   -1226.340             191             191
   66        1197.951    -717.136        1197.951    -717.136              66              66
  125         170.310    1116.493         170.310    1116.493             125             125
  135         522.343    -733.146         522.343    -733.146             135             135
  132        -357.350    1197.794        -357.350    1197.794             132             132
   19         717.510    -509.808         717.510    -509.808              19              19
  194        -881.725    -418.422        -881.725    -418.422             194             194
  231        -312.575    1053.537        -312.575    1053.537             231             231
  244        -315.979    -924.716        -315.979    -924.716             244             244
  247         807.393    -439.734         807.393    -439.734             247             247
  118        -876.700    -300.442        -876.700    -300.442             118             118
  154        2228.832     236.416        2228.832     236.416             154             154
  223         529.663    -307.582         529.663    -307.582             223             223
  103        -195.634      45.006        -195.634      45.006             103             103
  174        -707.420     724.364        -707.420     724.364             174             174
   25         399.868   -1376.046         399.868   -1376.046              25              25
  108        -339.382   -1173.970        -339.382   -1173.970             108             108
  101           1.242   -1050.515           1.242   -1050.515             101             101
    7         541.079    -713.982         541.079    -713.982               7               7
   35         467.722     855.984         467.722     855.984              35              35
  160        -216.484    -366.353        -216.484    -366.353             160             160
   58         954.098    -363.548         954.098    -363.548              58              58
   33        1458.009     434.092        1458.009     434.092              33              33
   36         266.093     493.915         266.093     493.915              36              36
  226        -260.661    -548.009        -260.661    -548.009             226             226
   15       -1183.719    1140.218       -1183.719    1140.218              15              15
  181        -925.780   -1113.558        -925.780   -1113.558             181             181
  156         394.195     345.184         394.195     345.184             156             156
  104        -400.509   -1037.975        -400.509   -1037.975             104             104
  202        -873.532     164.715        -873.532     164.715             202             202
   12        -627.000      -0.021        -627.000      -0.021              12              12
   40        -873.464    -164.766        -873.464    -164.766              40              40
   13        -400.602    1037.951        -400.602    1037.951              13              13
  137         394.269    -345.097         394.269    -345.097             137             137
  175        -925.972    1113.380        -925.972    1113.380             175             175
  145       -1183.417   -1140.428       -1183.417   -1140.428             145             145
  157        -260.567     548.002        -260.567     548.002             157             157
  114         266.367    -493.862         266.367    -493.862             114             114
  121        1458.185    -433.765        1458.185    -433.765             121             121
  146         954.008     363.796         954.008     363.796             146             146
  106        -216.563     366.345        -216.563     366.345             106             106
  239         467.884    -855.811         467.884    -855.811             239             239
   44         540.928     714.228         540.928     714.228              44              44
   73           1.017    1050.598           1.017    1050.598              73              73
   86        -339.581    1173.922        -339.581    1173.922              86              86
  219         399.627    1375.999         399.627    1375.999             219             219
   99        -707.290    -724.587        -707.290    -724.587              99              99
  195        -195.529     -45.041        -195.529     -45.041             195             195
   64         529.731     307.655         529.731     307.655              64              64
  106        2228.816    -236.045        2228.816    -236.045             106             106
  230        -876.851     300.318        -876.851     300.318             230             230
  225         807.272     439.868         807.272     439.868             225             225
  165        -316.222     924.574        -316.222     924.574             165             165
    7        -312.445   -1053.644        -312.445   -1053.644               7               7
    5        -881.757     418.290        -881.757     418.290               5               5
  135         717.463     509.850         717.463     509.850             135             135
   23        -357.137   -1197.872        -357.137   -1197.872              23              23
  187         522.248     733.237         522.248     733.237             187             187
   36         170.506   -1116.440         170.506   -1116.440              36              36
  127        1197.757     717.421        1197.757     717.421             127             127
  134        -688.995    1226.165        -688.995    1226.165             134             134
   49        -489.866    -318.526        -489.866    -318.526              49              49
  168         495.354    -219.608         495.354    -219.608             168             168
  147        -445.696    -550.849        -445.696    -550.849             147             147
  186        -743.638      98.107        -743.638      98.107             186             186
   88         523.375     445.564         523.375     445.564              88              88
   37        1060.644    -538.091        1060.644    -538.091              37              37
   87         153.045   -2129.536         153.045   -2129.536              87              87
  202         302.743   -1749.941         302.743   -1749.941             202             202
  159        1324.996     428.480        1324.996     428.480             159             159
  234        -473.119     534.968        -473.119     534.968             234             234
   52        -536.411    1528.338        -536.411    1528.338              52              52
  142         339.814    -136.388         339.814    -136.388             142             142
   22       -1047.985    1207.221       -1047.985    1207.221              22              22
  126        -426.324    -852.669        -426.324    -852.669             126             126
  229        -524.596    -637.176        -524.596    -637.176             229             229
  241         129.643     630.356         129.643     630.356             241             241
  225         836.495    1613.251         836.495    1613.251             225             225
  169        -430.751     231.791        -430.751     231.791             169             169
   50       -1189.268     -32.251       -1189.268     -32.251              50              50
   76        -445.382    -954.464        -445.382    -954.464              76              76
  143         -71.796    -837.927         -71.796    -837.927             143             143
   19        1972.949    1039.395        1972.949    1039.395              19              19
  242         335.869     108.457         335.869     108.457             242             242
  151         -14.165      65.049         -14.165      65.049             151             151
   25        -558.177   -1106.191        -558.177   -1106.191              25              25
  121         446.254    -269.153         446.254    -269.153             121             121
  174        -525.791    -687.835        -525.791    -687.835             174             174
  213        -975.741    -121.911        -975.741    -121.911             213             213
  158        -631.305     159.835        -631.305     159.835             158             158
   46        -522.145     -59.655        -522.145     -59.655              46              46
   92        -536.650     167.579        -536.650     167.579              92              92
  207          58.885     488.837          58.885     488.837             207             207
  214         369.809    1112.090         369.809    1112.090             214             214
  240       -1363.199    1523.779       -1363.199    1523.779             240             240
  138         268.675      24.294         268.675      24.294             138             138
   46        -233.175    -870.698        -233.175    -870.698              46              46
   21        -189.581     475.844        -189.581     475.844              21              21
  226        -243.887   -1279.653        -243.887   -1279.653             226             226
  249        -409.898    1309.438        -409.898    1309.438             249             249
  181         749.906    -187.277         749.906    -187.277             181             181
  204         114.353    -101.754         114.353    -101.754             204             204
   46        -933.223     499.023        -933.223     499.023              46              46
   68         608.330     318.075         608.330     318.075              68              68
  226        -846.526    -239.721        -846.526    -239.721             226             226
  172       -2216.867    -331.296       -2216.867    -331.296             172             172
   41         115.828    1527.790         115.828    1527.790              41              41
  212         348.788     545.604         348.788     545.604             212             212
  142       -1139.641    -459.796       -1139.641    -459.796             142             142
  210       -1520.037    -182.851       -1520.037    -182.851             210             210
    7        1216.903   -1166.488        1216.903   -1166.488               7               7
  219        -345.885    1306.725        -345.885    1306.725             219             219
   98       -1026.927     488.584       -1026.927     488.584              98              98
   26       -2243.169     662.633       -2243.169     662.633              26              26
  205        -753.016    -173.183        -753.016    -173.183             205             205
  249        1245.580    2843.489        1245.580    2843.489             249             249
   52        -838.891     643.076        -838.891     643.076              52              52
   71         171.126   -1655.446         171.126   -1655.446              71              71
  167        -642.671    1902.271        -642.671    1902.271             167             167
   10         468.949    1216.905         468.949    1216.905              10              10
  229        -605.659   -1028.137        -605.659   -1028.137             229             229
  214        -616.374    1000.341        -616.374    1000.341             214             214
  102         132.821   -1061.287         132.821   -1061.287             102             102
  181         333.909     227.556         333.909     227.556             181             181
  172        -489.520    1874.286        -489.520    1874.286             172             172
   86        -829.681     564.873        -829.681     564.873              86              86
   63       -1323.103   -1177.935       -1323.103   -1177.935              63              63
  218        -156.806     483.359        -156.806     483.359             218             218
  108       -1660.807     116.141       -1660.807     116.141             108             108
   34         -64.235    -502.200         -64.235    -502.200              34              34
  212         -73.712    -670.350         -73.712    -670.350             212             212
   33        -452.881    -878.770        -452.881    -878.770              33              33
  238        -516.710   -1886.955        -516.710   -1886.955             238             238
    2        -873.282    -389.861        -873.282    -389.861               2               2
  101        -513.191    -582.196        -513.191    -582.196             101             101
  209         750.778    -198.270         750.778    -198.270             209             209
  174         540.176   -1182.420         540.176   -1182.420             174             174
  143         880.755     278.501         880.755     278.501             143             143
  166        -457.809     -74.299        -457.809     -74.299             166             166
   61        1114.124    -412.196        1114.124    -412.196              61              61
   98       -1101.461     849.002       -1101.461     849.002              98              98
  173         815.675     729.385         815.675     729.385             173             173
   24         489.548    -771.027         489.548    -771.027              24              24
  196         222.509    1153.987         222.509    1153.987             196             196
  200        1153.847    -282.832        1153.847    -282.832             200             200
  229        -665.829     321.159        -665.829     321.159             229             229
  190         703.869     534.158         703.869     534.158             190             190
  253        -575.491     685.973        -575.491     685.973             253             253
   45         149.498     502.841         149.498     502.841              45              45
  102         915.645   -1080.994         915.645   -1080.994             102             102
    7        -404.533     326.349        -404.533     326.349               7               7
   19          -3.962   -1132.789          -3.962   -1132.789              19              19
   60        -447.035    -124.152        -447.035    -124.152              60              60
  110        -345.337   -1469.348        -345.337   -1469.348             110             110
  200       -1232.696     -31.788       -1232.696     -31.788             200             200
  232         100.375     920.950         100.375     920.950             232             232
  196        -943.570    -558.097        -943.570    -558.097             196             196
    8          71.127    -811.968          71.127    -811.968               8               8
