SINAL     NFT                         FFT                         NFT INVERSA     FFT INVERSA
-----     -----------------------     -----------------------     -----------     -----------
  197       33070.000       0.000       33070.000       0.000             197             197
   11         705.212    -525.427         705.212    -525.427              11              11
  124        1911.349     330.481        1911.349     330.481             124             124
   52         865.246     260.676         865.246     260.676              52              52
  144        -718.723     701.556        -718.723     701.556             144             144
  237         861.211    -422.956         861.211    -422.956             237             237
  134       -1313.569     452.389       -1313.569     452.389             134             134
  208        -483.858     572.355        -483.858     572.355             208             208
  229         417.398   -1938.461         417.398   -1938.461             229             229
  220        -953.100      22.589        -953.100      22.589             220             220
  181        -968.044     626.122        -968.044     626.122             181             181
  186        -300.434     -52.821        -300.434     -52.821             186             186
  129        -904.552    -895.323        -904.552    -895.323             129             129
   87         729.544   -1208.691         729.544   -1208.691              87              87
   85        -316.797    -526.490        -316.797    -526.490              85              85
  128        -406.148    -437.938        -406.148    -437.938             128             128
  208        -903.449    -519.623        -903.449    -519.623             208             208
   23        1475.395    -118.314        1475.395    -118.314              23              23
  184       -1257.137      84.142       -1257.137      84.142             184             184
  138        -215.880     138.187        -215.880     138.187             138             138
  131         470.978    1846.026         470.978    1846.026             131             131
  218        -455.564    1118.359        -455.564    1118.359             218             218
  190       -1422.773    1319.422       -1422.773    1319.422             190             190
  177         361.035    -421.748         361.035    -421.748             177             177
  116         671.891     360.146         671.891     360.146             116             116
   95        -223.845      36.700        -223.845      36.700              95              95
   91        -108.594    1730.385        -108.594    1730.385              91              91
  149         374.337    -819.612         374.337    -819.612             149             149
   53        1618.683    -296.829        1618.683    -296.829              53              53
  131       -1325.958    1056.370       -1325.958    1056.370             131             131
   33        -881.327    -583.986        -881.327    -583.986              33              33
  251        -149.169     220.857        -149.169     220.857             251             251
  142          91.482    1784.502          91.482    1784.502             142             142
  158        1223.615    -558.826        1223.615    -558.826             158             158
   48        1914.363    -476.388        1914.363    -476.388              48              48
   31       -1137.299     522.863       -1137.299     522.863              31              31
  140        -391.041     596.816        -391.041     596.816             140             140
  182        -896.847    -148.324        -896.847    -148.324             182             182
  239        -952.735     132.716        -952.735     132.716             239             239
  113        -241.871    -343.231        -241.871    -343.231             113             113
  147         911.665   -1422.283         911.665   -1422.283             147             147
  165         451.381     575.801         451.381     575.801             165             165
   44         -93.151     178.571         -93.151     178.571              44              44
   20        -103.060    -309.155        -103.060    -309.155              20              20
  253         386.305     527.195         386.305     527.195             253             253
  130        -972.452     402.551        -972.452     402.551             130             130
  149        -833.975    1203.998        -833.975    1203.998             149             149
  205        1335.433     331.780        1335.433     331.780             205             205
  153         847.448   -1906.276         847.448   -1906.276             153             153
   77         102.026     225.601         102.026     225.601              77              77
   88         564.374    -838.893         564.374    -838.893              88              88
   28        1968.561     858.040        1968.561     858.040              28              28
   39       -1412.061    -692.869       -1412.061    -692.869              39              39
   22        1674.063     533.148        1674.063     533.148              22              22
  205        -982.151     -63.774        -982.151     -63.774             205             205
  156         405.175    1623.367         405.175    1623.367             156             156
  118         712.238     179.019         712.238     179.019             118             118
   41         271.091   -1013.336         271.091   -1013.336              41              41
   49        -417.130    -244.033        -417.130    -244.033              49              49
  172         869.587    -428.550         869.587    -428.550             172             172
  172         337.739     498.257         337.739     498.257             172             172
   83        -131.038     648.229        -131.038     648.229              83              83
  167          45.782    -104.092          45.782    -104.092             167             167
   59        1005.613     483.317        1005.613     483.317              59              59
  242         462.898    1649.000         462.898    1649.000             242             242
  216        -533.112     368.285        -533.112     368.285             216             216
   90        -732.603   -1048.706        -732.603   -1048.706              90              90
  126          10.815     117.717          10.815     117.717             126             126
  143         370.450      82.269         370.450      82.269             143             143
   74         621.363    -107.597         621.363    -107.597              74              74
  240         106.226    -367.412         106.226    -367.412             240             240
   34         116.767     184.784         116.767     184.784              34              34
  239        -186.330   -1575.737        -186.330   -1575.737             239             239
   28       -1022.796     389.995       -1022.796     389.995              28              28
   55         -67.935     169.419         -67.935     169.419              55              55
  237         951.637    -748.651         951.637    -748.651             237             237
  158         416.633     944.316         416.633     944.316             158             158
  204        -792.195    -805.001        -792.195    -805.001             204             204
  186        -616.508     598.739        -616.508     598.739             186             186
   55        -350.170     358.356        -350.170     358.356              55              55
   26        -510.881     541.154        -510.881     541.154              26              26
   19         423.557     487.479         423.557     487.479              19              19
   84        -277.754     150.804        -277.754     150.804              84              84
   66         334.910   -1299.604         334.910   -1299.604              66              66
   42        -451.400    -384.812        -451.400    -384.812              42              42
   33         661.388     -88.227         661.388     -88.227              33              33
  222         422.032     -82.121         422.032     -82.121             222             222
  160         846.559     258.283         846.559     258.283             160             160
   74         695.407    -208.478         695.407    -208.478              74              74
   16         421.658      92.483         421.658      92.483              16              16
   76        -267.684     652.845        -267.684     652.845              76              76
  247        -498.457    1424.211        -498.457    1424.211             247             247
   99         548.758     229.494         548.758     229.494              99              99
  244        -717.526     485.343        -717.526     485.343             244             244
   50         164.117     228.153         164.117     228.153              50              50
   85         271.435     647.512         271.435     647.512              85              85
  204         726.575    -787.457         726.575    -787.457             204             204
  141        1185.704    -558.837        1185.704    -558.837             141             141
  211         440.447    2636.896         440.447    2636.896             211             211
   92        3229.905      21.248        3229.905      21.248              92              92
  216          18.924    1082.163          18.924    1082.163             216             216
  196       -1195.663    -450.371       -1195.663    -450.371             196             196
  127         479.335     876.968         479.335     876.968             127             127
  199        -189.289     485.501        -189.289     485.501             199             199
  224        -327.802     884.349        -327.802     884.349             224             224
  182        -831.921     134.338        -831.921     134.338             182             182
  180        -150.884     242.500        -150.884     242.500             180             180
  126        1699.160     581.135        1699.160     581.135             126             126
  131        -351.468      62.129        -351.468      62.129             131             131
  111          66.550    1592.246          66.550    1592.246             111             111
  182         544.402     115.457         544.402     115.457             182             182
  157       -1709.305     113.931       -1709.305     113.931             157             157
  131         103.039    -444.173         103.039    -444.173             131             131
   10        1863.116     515.675        1863.116     515.675              10              10
  223        -182.154     354.870        -182.154     354.870             223             223
  173         874.639    -475.160         874.639    -475.160             173             173
   44         897.101     356.399         897.101     356.399              44              44
  190         -57.615    -860.227         -57.615    -860.227             190             190
   77         335.063     140.984         335.063     140.984              77              77
  119        -934.669    -442.906        -934.669    -442.906             119             119
  206         289.406    1233.316         289.406    1233.316             206             206
  153        -198.714    1207.279        -198.714    1207.279             153             153
  110        -529.128     577.297        -529.128     577.297             110             110
   49         103.174    1194.954         103.174    1194.954              49              49
  141          27.145     278.327          27.145     278.327             141             141
  161        -622.085    -877.625        -622.085    -877.625             161             161
  135        -443.999     185.404        -443.999     185.404             135             135
   90       -1111.733    1113.211       -1111.733    1113.211              90              90
   47         208.000      -0.104         208.000      -0.104              47              47
   91       -1111.551   -1113.553       -1111.551   -1113.553              91              91
  182        -443.913    -185.542        -443.913    -185.542             182             182
    7        -622.155     877.372        -622.155     877.372               7               7
   31          27.274    -278.558          27.274    -278.558              31              31
   53         103.409   -1195.105         103.409   -1195.105              53              53
  207        -528.988    -577.501        -528.988    -577.501             207             207
  255        -198.429   -1207.393        -198.429   -1207.393             255             255
  236         289.656   -1233.231         289.656   -1233.231             236             236
  131        -934.661     442.788        -934.661     442.788             131             131
  126         335.216    -140.936         335.216    -140.936             126             126
  112         -57.635     860.153         -57.635     860.153             112             112
  243         897.268    -356.345         897.268    -356.345             243             243
   52         874.579     475.204         874.579     475.204              52              52
   13        -182.045    -355.030        -182.045    -355.030              13              13
  118        1863.183    -515.433        1863.183    -515.433             118             118
   62         102.809     444.102         102.809     444.102              62              62
  237       -1709.285    -114.361       -1709.285    -114.361             237             237
   35         544.512    -115.542         544.512    -115.542              35              35
  107          66.844   -1592.334          66.844   -1592.334             107             107
  171        -351.367     -62.227        -351.367     -62.227             171             171
  113        1699.269    -580.917        1699.269    -580.917             113             113
  226        -150.943    -242.583        -150.943    -242.583             226             226
  121        -831.909    -134.574        -831.909    -134.574             121             121
   10        -327.589    -884.488        -327.589    -884.488              10              10
   81        -189.117    -485.585        -189.117    -485.585              81              81
  171         479.533    -876.901         479.533    -876.901             171             171
  152       -1195.622     450.115       -1195.622     450.115             152             152
  242          19.392   -1082.239          19.392   -1082.239             242             242
   50        3230.020     -20.797        3230.020     -20.797              50              50
  242         440.835   -2636.788         440.835   -2636.788             242             242
   33        1185.574     559.177        1185.574     559.177              33              33
  142         726.351     787.545         726.351     787.545             142             142
  169         271.447    -647.538         271.447    -647.538             169             169
   40         164.061    -228.162         164.061    -228.162              40              40
  173        -717.471    -485.501        -717.471    -485.501             173             173
  223         548.787    -229.460         548.787    -229.460             223             223
  247        -498.237   -1424.301        -498.237   -1424.301             247             247
  173        -267.513    -652.802        -267.513    -652.802             173             173
  204         421.749     -92.324         421.749     -92.324             204             204
  123         695.410     208.637         695.410     208.637             123             123
   43         846.583    -258.108         846.583    -258.108              43              43
   60         421.967      82.238         421.967      82.238              60              60
  111         661.285      88.381         661.285      88.381             111             111
   96        -451.534     384.780        -451.534     384.780              96              96
   74         334.650    1299.600         334.650    1299.600              74              74
  230        -277.769    -150.984        -277.769    -150.984             230             230
  158         423.582    -487.490         423.582    -487.490             158             158
   55        -510.859    -541.272        -510.859    -541.272              55              55
   10        -350.139    -358.419        -350.139    -358.419              10              10
   10        -616.407    -598.795        -616.407    -598.795              10              10
  227        -792.246     804.871        -792.246     804.871             227             227
  123         416.898    -944.239         416.898    -944.239             123             123
  236         951.508     748.839         951.508     748.839             236             236
   93         -67.981    -169.452         -67.981    -169.452              93              93
  133       -1022.723    -390.105       -1022.723    -390.105             133             133
   62        -186.508    1575.699        -186.508    1575.699              62              62
    8         116.874    -184.848         116.874    -184.848               8               8
   30         106.237     367.374         106.237     367.374              30              30
   48         621.385     107.623         621.385     107.623              48              48
   59         370.449     -82.274         370.449     -82.274              59              59
   16          10.798    -117.749          10.798    -117.749              16              16
   82        -732.764    1048.474        -732.764    1048.474              82              82
  201        -532.939    -368.571        -532.939    -368.571             201             201
  186         463.305   -1649.000         463.305   -1649.000             186             186
  123        1005.734    -483.116        1005.734    -483.116             123             123
  118          45.759     104.091          45.759     104.091             118             118
  154        -130.884    -648.265        -130.884    -648.265             154             154
  115         337.892    -498.147         337.892    -498.147             115             115
   35         869.519     428.740         869.519     428.740              35              35
  102        -417.162     243.969        -417.162     243.969             102             102
  239         270.989    1013.302         270.989    1013.302             239             239
   79         712.294    -179.062         712.294    -179.062              79              79
  163         405.413   -1623.339         405.413   -1623.339             163             163
   95        -982.097      63.647        -982.097      63.647              95              95
  175        1674.185    -532.831        1674.185    -532.831             175             175
  237       -1412.114     692.635       -1412.114     692.635             237             237
   69        1968.800    -857.694        1968.800    -857.694              69              69
   78         564.185     839.020         564.185     839.020              78              78
   37         102.056    -225.565         102.056    -225.565              37              37
   80         847.128    1906.338         847.128    1906.338              80              80
   88        1335.358    -331.760        1335.358    -331.760              88              88
    8        -833.921   -1204.224        -833.921   -1204.224               8               8
  203        -972.375    -402.719        -972.375    -402.719             203             203
   69         386.430    -527.106         386.430    -527.106              69              69
  101        -103.108     309.151        -103.108     309.151             101             101
   81         -93.086    -178.605         -93.086    -178.605              81              81
  131         451.509    -575.665         451.509    -575.665             131             131
  110         911.368    1422.449         911.368    1422.449             110             110
  111        -242.044     343.084        -242.044     343.084             111             111
  180        -952.760    -132.966        -952.760    -132.966             180             180
  169        -896.825     148.079        -896.825     148.079             169             169
  128        -390.855    -596.963        -390.855    -596.963             128             128
    6       -1137.012    -523.061       -1137.012    -523.061               6               6
  114        1914.453     476.686        1914.453     476.686             114             114
   59        1223.484     558.885        1223.484     558.885              59              59
  130          91.698   -1784.567          91.698   -1784.567             130             130
  233        -149.196    -220.835        -149.196    -220.835             233             233
  213        -881.435     583.795        -881.435     583.795             213             213
  245       -1325.623   -1056.624       -1325.623   -1056.624             245             245
   13        1618.766     297.118        1618.766     297.118              13              13
   60         374.185     819.554         374.185     819.554              60              60
  229        -108.305   -1730.486        -108.305   -1730.486             229             229
   92        -223.789     -36.724        -223.789     -36.724              92              92
  223         671.978    -360.049         671.978    -360.049             223             223
   68         360.894     421.724         360.894     421.724              68              68
   11       -1422.556   -1319.757       -1422.556   -1319.757              11              11
  204        -455.255   -1118.446        -455.255   -1118.446             204             204
  138         471.367   -1845.836         471.367   -1845.836             138             138
   89        -215.834    -138.043        -215.834    -138.043              89              89
  241       -1256.984     -84.213       -1256.984     -84.213             241             241
  218        1475.473     118.694        1475.473     118.694             218             218
  177        -903.512     519.578        -903.512     519.578             177             177
  250        -406.103     437.946        -406.103     437.946             250             250
  165        -316.730     526.510        -316.730     526.510             165             165
  247         729.436    1208.828         729.436    1208.828             247             247
   95        -904.622     895.090        -904.622     895.090              95              95
  246        -300.305      52.664        -300.305      52.664             246             246
  122        -967.762    -626.311        -967.762    -626.311             122             122
  206        -952.806     -22.681        -952.806     -22.681             206             206
  102         417.368    1938.468         417.368    1938.468             102             102
   46        -483.493    -572.585        -483.493    -572.585              46              46
  119       -1313.063    -452.648       -1313.063    -452.648             119             119
  230         861.637     423.043         861.637     423.043             230             230
   53        -718.024    -701.734        -718.024    -701.734              53              53
  234         866.077    -260.532         866.077    -260.532             234             234
   33        1912.343    -330.133        1912.343    -330.133              33              33
  183         706.833     525.550         706.833     525.550             183             183
