SINAL     NFT                         FFT                         NFT INVERSA     FFT INVERSA
-----     -----------------------     -----------------------     -----------     -----------
    1       31858.000       0.000       31858.000       0.000               1               1
  222       -1802.083    1930.478       -1802.083    1930.478             222             222
   78        -162.105     386.660        -162.105     386.660              78              78
   76        1636.617    -676.011        1636.617    -676.011              76              76
  143         627.569      89.964         627.569      89.964             143             143
  114        -594.053     667.520        -594.053     667.520             114             114
   88         198.446     784.332         198.446     784.332              88              88
   86         769.875    -656.092         769.875    -656.092              86              86
  205       -1180.209    -178.073       -1180.209    -178.073             205             205
    0        -603.600     892.527        -603.600     892.527               0               0
  213         -64.613     -77.910         -64.613     -77.910             213             213
  151       -1031.899     141.393       -1031.899     141.393             151             151
   98         699.972     160.470         699.972     160.470              98              98
   53         518.454    -562.877         518.454    -562.877              53              53
   84         307.173     691.556         307.173     691.556              84              84
  182        -278.768    -483.507        -278.768    -483.507             182             182
   19        -316.441   -1129.939        -316.441   -1129.939              19              19
  104        -448.637    -952.417        -448.637    -952.417             104             104
   92        -388.240     299.591        -388.240     299.591              92              92
  182         445.171     411.196         445.171     411.196             182             182
   82        -971.206     411.991        -971.206     411.991              82              82
  209         452.494     892.932         452.494     892.932             209             209
  156         583.922    -857.081         583.922    -857.081             156             156
  175         271.573     277.466         271.573     277.466             175             175
    8         519.377      70.659         519.377      70.659               8               8
  101         823.783     -20.770         823.783     -20.770             101             101
   56         124.148   -1366.792         124.148   -1366.792              56              56
   69        1366.451     790.308        1366.451     790.308              69              69
    9        -438.162     670.673        -438.162     670.673               9               9
  109         -57.001     169.681         -57.001     169.681             109             109
   69        -309.912   -1351.100        -309.912   -1351.100              69              69
   11         970.724    -339.461         970.724    -339.461              11              11
   75        -442.883    1355.593        -442.883    1355.593              75              75
  147        -765.635    1407.898        -765.635    1407.898             147             147
   88         557.664   -1107.164         557.664   -1107.164              88              88
  218         681.281     -57.795         681.281     -57.795             218             218
    5         117.855    -412.569         117.855    -412.569               5               5
  176        -995.993      41.937        -995.993      41.937             176             176
   48         960.438    2219.040         960.438    2219.040              48              48
  211         429.826     268.403         429.826     268.403             211             211
  176        -236.259   -1025.944        -236.259   -1025.944             176             176
    6       -1808.181    -906.393       -1808.181    -906.393               6               6
  107         166.088     400.428         166.088     400.428             107             107
   19       -1886.007    1711.677       -1886.007    1711.677              19              19
   59        1206.432   -1161.968        1206.432   -1161.968              59              59
  191         723.428     425.564         723.428     425.564             191             191
  202        -353.055    -334.306        -353.055    -334.306             202             202
   79        1249.631    -266.881        1249.631    -266.881              79              79
   40        -746.475     373.039        -746.475     373.039              40              40
   38        -234.894     245.060        -234.894     245.060              38              38
    6        -427.433     436.423        -427.433     436.423               6               6
  122        1906.827    -920.578        1906.827    -920.578             122             122
  247        -530.369    -137.949        -530.369    -137.949             247             247
  163         -68.551     259.176         -68.551     259.176             163             163
   41         353.304     570.335         353.304     570.335              41              41
    0         484.518   -1274.270         484.518   -1274.270              -0              -0
    9         564.224     395.059         564.224     395.059               9               9
   98       -2001.098     639.665       -2001.098     639.665              98              98
   69         362.243     591.343         362.243     591.343              69              69
   18         583.440    -769.542         583.440    -769.542              18              18
  207        -157.238    -703.312        -157.238    -703.312             207             207
  139         -59.613     100.302         -59.613     100.302             139             139
   29        -583.390    2066.426        -583.390    2066.426              29              29
   27         228.036    -914.685         228.036    -914.685              27              27
   30       -1665.023     136.931       -1665.023     136.931              30              30
  117        -921.419     489.442        -921.419     489.442             117             117
  245         471.011    -507.739         471.011    -507.739             245             245
   36         600.401     -88.331         600.401     -88.331              36              36
   38         455.688    1607.434         455.688    1607.434              38              38
   38         112.480     343.290         112.480     343.290              38              38
  248       -1120.272   -1364.642       -1120.272   -1364.642             248             248
  214         498.659   -1591.622         498.659   -1591.622             214             214
   44        1037.191    -269.931        1037.191    -269.931              44              44
   99        1624.048    -162.922        1624.048    -162.922              99              99
  234        -910.885   -2007.014        -910.885   -2007.014             234             234
  104          32.077     662.425          32.077     662.425             104             104
   35        -373.127    -477.353        -373.127    -477.353              35              35
  181         544.783     -12.974         544.783     -12.974             181             181
  184         879.395     365.264         879.395     365.264             184             184
   75         -23.445    1805.465         -23.445    1805.465              75              75
  220        -923.009     421.948        -923.009     421.948             220             220
  191       -1188.982    -263.951       -1188.982    -263.951             191             191
  198       -2183.641     -58.375       -2183.641     -58.375             198             198
  211        -962.330     268.407        -962.330     268.407             211             211
   98         184.725   -1150.960         184.725   -1150.960              98              98
  240        -492.938     746.680        -492.938     746.680             240             240
  212        -893.807     -95.236        -893.807     -95.236             212             212
  107        -518.913   -1363.439        -518.913   -1363.439             107             107
   82       -1361.905     622.794       -1361.905     622.794              82              82
   25         814.987      -7.312         814.987      -7.312              25              25
  125         356.843    -727.899         356.843    -727.899             125             125
   34        -527.065     112.269        -527.065     112.269              34              34
  164        -832.794    -589.379        -832.794    -589.379             164             164
  155         501.200     328.510         501.200     328.510             155             155
   61         490.882    1075.794         490.882    1075.794              61              61
  195        -717.923     129.252        -717.923     129.252             195             195
   17        -495.262    1567.532        -495.262    1567.532              17              17
   51         194.799    -510.958         194.799    -510.958              51              51
  232        -271.061    -741.463        -271.061    -741.463             232             232
   55        -178.889     681.077        -178.889     681.077              55              55
   89        -640.673   -1310.114        -640.673   -1310.114              89              89
  225        -590.361    1508.475        -590.361    1508.475             225             225
   14        1001.813     518.011        1001.813     518.011              14              14
  134        -576.600   -1023.557        -576.600   -1023.557             134             134
   69         464.010    -336.808         464.010    -336.808              69              69
  248         842.691    -434.663         842.691    -434.663             248             248
  239        -725.996    -180.029        -725.996    -180.029             239             239
  104       -1354.570     419.001       -1354.570     419.001             104             104
  174        -932.231     429.960        -932.231     429.960             174             174
  167       -1165.831     270.348       -1165.831     270.348             167             167
  180        -494.760   -1461.893        -494.760   -1461.893             180             180
  138        -158.962    -677.623        -158.962    -677.623             138             138
  103         349.849   -1144.892         349.849   -1144.892             103             103
  123       -1574.618     490.986       -1574.618     490.986             123             123
   94        -764.205    -367.706        -764.205    -367.706              94              94
  201       -1180.101     715.390       -1180.101     715.390             201             201
  107        -664.983     976.327        -664.983     976.327             107             107
   50        -905.812    -143.086        -905.812    -143.086              50              50
   52        -737.320    -724.237        -737.320    -724.237              52              52
  190         134.350      83.745         134.350      83.745             190             190
   76          -6.472     364.677          -6.472     364.677              76              76
  178          32.153     639.307          32.153     639.307             178             178
  224         -42.728     178.835         -42.728     178.835             224             224
  240         979.905     331.262         979.905     331.262             240             240
   77         120.463     624.972         120.463     624.972              77              77
   30         464.619   -1881.672         464.619   -1881.672              30              30
  180        -731.920    -327.089        -731.920    -327.089             180             180
   95        -365.017   -1187.212        -365.017   -1187.212              95              95
   81         476.000       0.129         476.000       0.129              81              81
  157        -365.251    1187.248        -365.251    1187.248             157             157
  150        -731.930     327.009        -731.930     327.009             150             150
  171         464.361    1881.676         464.361    1881.676             171             171
  126         120.592    -625.092         120.592    -625.092             126             126
  164         979.923    -331.143         979.923    -331.143             164             164
   50         -42.790    -178.878         -42.790    -178.878              50              50
  196          32.184    -639.306          32.184    -639.306             196             196
  157          -6.497    -364.631          -6.497    -364.631             157             157
   33         134.237     -83.653         134.237     -83.653              33              33
   45        -737.577     724.128        -737.577     724.128              45              45
   75        -905.918     142.866        -905.918     142.866              75              75
  201        -664.884    -976.459        -664.884    -976.459             201             201
  226       -1180.015    -715.496       -1180.015    -715.496             226             226
  213        -764.272     367.668        -764.272     367.668             213             213
   48       -1574.461    -491.137       -1574.461    -491.137              48              48
   93         349.741    1145.057         349.741    1145.057              93              93
   51        -159.092     677.624        -159.092     677.624              51              51
  249        -495.047    1461.738        -495.047    1461.738             249             249
  200       -1165.793    -270.667       -1165.793    -270.667             200             200
  101        -932.115    -430.161        -932.115    -430.161             101             101
   46       -1354.388    -419.206       -1354.388    -419.206              46              46
  135        -725.823     179.953        -725.823     179.953             135             135
  177         842.769     434.818         842.769     434.818             177             177
  224         463.980     336.880         463.980     336.880             224             224
  104        -576.721    1023.372        -576.721    1023.372             104             104
  162        1001.910    -517.977        1001.910    -517.977             162             162
   46        -590.158   -1508.537        -590.158   -1508.537              46              46
  134        -640.866    1310.039        -640.866    1310.039             134             134
   87        -178.728    -681.131        -178.728    -681.131              87              87
  141        -271.139     741.410        -271.139     741.410             141             141
  216         194.731     510.858         194.731     510.858             216             216
  245        -494.998   -1567.686        -494.998   -1567.686             245             245
   36        -717.826    -129.362        -717.826    -129.362              36              36
  131         491.135   -1075.673         491.135   -1075.673             131             131
  115         501.221    -328.308         501.221    -328.308             115             115
  200        -832.923     589.314        -832.923     589.314             200             200
  182        -526.988    -112.309        -526.988    -112.309             182             182
   56         356.770     727.981         356.770     727.981              56              56
  102         814.901       7.423         814.901       7.423             102             102
  215       -1361.884    -622.961       -1361.884    -622.961             215             215
  101        -519.140    1363.379        -519.140    1363.379             101             101
  177        -893.802      95.010        -893.802      95.010             177             177
  161        -492.758    -746.746        -492.758    -746.746             161             161
   71         184.519    1150.989         184.519    1150.989              71              71
  135        -962.354    -268.633        -962.354    -268.633             135             135
  209       -2183.597      57.980       -2183.597      57.980             209             209
  164       -1188.843     263.681       -1188.843     263.681             164             164
  186        -922.704    -422.209        -922.704    -422.209             186             186
  203         -22.889   -1805.451         -22.889   -1805.451             203             203
  109         879.627    -364.983         879.627    -364.983             109             109
   32         544.844      13.187         544.844      13.187              32              32
  250        -373.141     477.364        -373.141     477.364             250             250
  245          32.278    -662.286          32.278    -662.286             245             245
  210        -911.039    2006.945        -911.039    2006.945             210             210
  219        1624.188     163.168        1624.188     163.168             219             219
   93        1037.148     270.151        1037.148     270.151              93              93
  117         498.319    1591.698         498.319    1591.698             117             117
   10       -1120.497    1364.281       -1120.497    1364.281              10              10
  227         112.634    -343.492         112.634    -343.492             227             227
  204         456.015   -1607.416         456.015   -1607.416             204             204
  151         600.382      88.474         600.382      88.474             151             151
  188         470.836     507.779         470.836     507.779             188             188
  193        -921.428    -489.645        -921.428    -489.645             193             193
  188       -1664.932    -137.206       -1664.932    -137.206             188             188
   63         227.995     914.624         227.995     914.624              63              63
   53        -582.963   -2066.562        -582.963   -2066.562              53              53
  132         -59.492    -100.192         -59.492    -100.192             132             132
  246        -157.248     703.340        -157.248     703.340             246             246
  110         583.382     769.576         583.382     769.576             110             110
  235         362.309    -591.360         362.309    -591.360             235             235
  205       -2000.905    -639.991       -2000.905    -639.991             205             205
  211         564.481    -394.881         564.481    -394.881             211             211
  156         484.401    1274.353         484.401    1274.353             156             156
  111         353.450    -570.332         353.450    -570.332             111             111
   26         -68.462    -259.163         -68.462    -259.163              26              26
   36        -530.257     137.902        -530.257     137.902              36              36
   65        1906.722     920.860        1906.722     920.860              65              65
  191        -427.410    -436.566        -427.410    -436.566             191             191
  223        -234.830    -245.117        -234.830    -245.117             223             223
   12        -746.302    -373.145        -746.302    -373.145              12              12
   45        1249.663     267.114        1249.663     267.114              45              45
  255        -353.081     334.219        -353.081     334.219             255             255
    7         723.549    -425.447         723.549    -425.447               7               7
   34        1206.129    1162.090        1206.129    1162.090              34              34
  210       -1885.783   -1712.054       -1885.783   -1712.054             210             210
  226         166.178    -400.295         166.178    -400.295             226             226
  128       -1808.257     906.148       -1808.257     906.148             128             128
   71        -236.232    1025.812        -236.232    1025.812              71              71
  236         430.029    -268.506         430.029    -268.506             236             236
  100         960.850   -2218.888         960.850   -2218.888             100             100
   20        -995.931     -41.978        -995.931     -41.978              20              20
  132         117.933     412.642         117.933     412.642             132             132
   32         681.365      57.932         681.365      57.932              32              32
  214         557.486    1107.175         557.486    1107.175             214             214
   64        -765.366   -1408.121        -765.366   -1408.121              64              64
   96        -442.513   -1355.568        -442.513   -1355.568              96              96
   11         970.766     339.780         970.766     339.780              11              11
  197        -310.085    1351.059        -310.085    1351.059             197             197
   86         -56.873    -169.769         -56.873    -169.769              86              86
  122        -437.882    -670.759        -437.882    -670.759             122             122
  176        1366.716    -789.973        1366.716    -789.973             176             176
   36         123.991    1366.871         123.991    1366.871              36              36
   77         823.853      20.863         823.853      20.863              77              77
   77         519.418     -70.592         519.418     -70.592              77              77
  147         271.653    -277.401         271.653    -277.401             147             147
  104         583.797     857.141         583.797     857.141             104             104
  113         452.602    -892.910         452.602    -892.910             113             113
  212        -971.118    -412.123        -971.118    -412.123             212             212
   40         445.298    -411.058         445.298    -411.058              40              40
   80        -388.160    -299.535        -388.160    -299.535              80              80
  225        -448.717     952.443        -448.717     952.443             225             225
   85        -316.514    1129.870        -316.514    1129.870              85              85
   80        -278.695     483.361        -278.695     483.361              80              80
  232         307.450    -691.546         307.450    -691.546             232             232
  120         518.481     562.946         518.481     562.946             120             120
   34         700.037    -160.407         700.037    -160.407              34              34
  203       -1031.804    -141.595       -1031.804    -141.595             203             203
  248         -64.480      77.852         -64.480      77.852             248             248
  106        -603.293    -892.629        -603.293    -892.629             106             106
  183       -1179.948     177.922       -1179.948     177.922             183             183
   93         770.093     656.174         770.093     656.174              93              93
  126         198.849    -784.359         198.849    -784.359             126             126
   60        -593.561    -667.588        -593.561    -667.588              60              60
  125         628.085     -89.793         628.085     -89.793             125             125
   84        1636.987     676.276        1636.987     676.276              84              84
  125        -161.396    -386.764        -161.396    -386.764             125             125
  221       -1800.128   -1930.701       -1800.128   -1930.701             221             221
