SINAL     NFT                         FFT                         NFT INVERSA     FFT INVERSA
-----     -----------------------     -----------------------     -----------     -----------
  157       33747.000       0.000       33747.000       0.000             157             157
  115        1330.482    -171.493        1330.482    -171.493             115             115
   80         747.331     629.506         747.331     629.506              80              80
  242         785.285     897.889         785.285     897.889             242             242
  145        -725.640   -1462.739        -725.640   -1462.739             145             145
   82         307.762    2247.958         307.762    2247.958              82              82
   58         -22.454     784.045         -22.454     784.045              58              58
   61         417.817     620.158         417.817     620.158              61              61
  104        -182.794      58.314        -182.794      58.314             104             104
  114          81.192     449.743          81.192     449.743             114             114
   47         235.742     159.745         235.742     159.745              47              47
   97          22.384    2438.852          22.384    2438.852              97              97
  251        -485.628    -101.024        -485.628    -101.024             251             251
  199        -213.973     878.660        -213.973     878.660             199             199
  147        -835.671    -921.893        -835.671    -921.893             147             147
  164         728.721     398.158         728.721     398.158             164             164
  122        -410.653    -539.559        -410.653    -539.559             122             122
  164         988.452    1697.968         988.452    1697.968             164             164
   54        1824.090     353.357        1824.090     353.357              54              54
   80        -830.230    -508.798        -830.230    -508.798              80              80
  226         351.720    -138.441         351.720    -138.441             226             226
  116        1131.932    -507.108        1131.932    -507.108             116             116
  126         266.153     568.383         266.153     568.383             126             126
  237       -1183.039     735.543       -1183.039     735.543             237             237
    1        -570.530    -619.012        -570.530    -619.012               1               1
   92         732.969   -1379.177         732.969   -1379.177              92              92
  227         792.600      61.953         792.600      61.953             227             227
  194        -170.393    -594.111        -170.393    -594.111             194             194
  183        -170.219    1235.145        -170.219    1235.145             183             183
   85        -990.201    -171.733        -990.201    -171.733              85              85
  162       -1584.424    1045.776       -1584.424    1045.776             162             162
   84       -1351.890     135.132       -1351.890     135.132              84              84
  201          65.238   -1660.363          65.238   -1660.363             201             201
  242        -275.499      11.034        -275.499      11.034             242             242
   71        -716.017     948.593        -716.017     948.593              71              71
   90        -233.956     -10.943        -233.956     -10.943              90              90
   68        -193.183    -151.503        -193.183    -151.503              68              68
  130       -1074.789   -1002.677       -1074.789   -1002.677             130             130
  151         934.699     830.469         934.699     830.469             151             151
  173        1605.358    -523.397        1605.358    -523.397             173             173
  245         589.163    -209.585         589.163    -209.585             245             245
  198        -761.317    -473.133        -761.317    -473.133             198             198
   15        -371.883     316.049        -371.883     316.049              15              15
  240       -1465.940    -211.495       -1465.940    -211.495             240             240
  142        -456.880      68.778        -456.880      68.778             142             142
  162        -639.892    -223.271        -639.892    -223.271             162             162
  148        1140.729    1367.035        1140.729    1367.035             148             148
    9         883.850    -366.435         883.850    -366.435               9               9
   71        -299.876    -724.944        -299.876    -724.944              71              71
  202         335.894    -121.786         335.894    -121.786             202             202
   89          51.625    1122.240          51.625    1122.240              89              89
   41       -1248.440     277.442       -1248.440     277.442              41              41
   63        -810.046     355.083        -810.046     355.083              63              63
  216        -235.844     -84.646        -235.844     -84.646             216             216
   22         -31.960     509.787         -31.960     509.787              22              22
   65        -791.966     540.155        -791.966     540.155              65              65
   52         256.214     948.438         256.214     948.438              52              52
  250       -1784.520     869.768       -1784.520     869.768             250             250
    3        2664.116    -930.909        2664.116    -930.909               3               3
  236        -634.029      59.831        -634.029      59.831             236             236
   80          68.082     126.525          68.082     126.525              80              80
  165         369.330     980.159         369.330     980.159             165             165
   64       -1319.705    1350.906       -1319.705    1350.906              64              64
   25        1583.791    -183.810        1583.791    -183.810              25              25
  152       -1002.960   -1032.079       -1002.960   -1032.079             152             152
  136          99.389    -417.229          99.389    -417.229             136             136
  116         688.398   -1651.945         688.398   -1651.945             116             116
  221        1231.116     733.894        1231.116     733.894             221             221
   10         253.102    1358.119         253.102    1358.119              10              10
   12        -129.764   -1482.285        -129.764   -1482.285              12              12
  138         658.681   -1074.030         658.681   -1074.030             138             138
  255       -1208.043     801.006       -1208.043     801.006             255             255
  211         363.055     810.258         363.055     810.258             211             211
  153        -872.835   -2685.045        -872.835   -2685.045             153             153
  240         241.758    1003.721         241.758    1003.721             240             240
   97        -501.186    -181.005        -501.186    -181.005              97              97
   60         988.323    2284.228         988.323    2284.228              60              60
  132         664.633     156.893         664.633     156.893             132             132
  107         487.582     -23.160         487.582     -23.160             107             107
  131        -159.635    -200.943        -159.635    -200.943             131             131
   79         398.986    -753.350         398.986    -753.350              79              79
  197        -437.216    -481.251        -437.216    -481.251             197             197
  172        -436.084     842.596        -436.084     842.596             172             172
  143         549.551    -718.107         549.551    -718.107             143             143
  157          57.776    -381.407          57.776    -381.407             157             157
  195         116.343     519.278         116.343     519.278             195             195
  208        -424.921     990.008        -424.921     990.008             208             208
  210        -631.520     534.420        -631.520     534.420             210             210
  190         455.700   -1048.437         455.700   -1048.437             190             190
  212        1532.540   -1205.023        1532.540   -1205.023             212             212
  190         697.954     529.340         697.954     529.340             190             190
   14        -152.687    -716.599        -152.687    -716.599              14              14
  122         369.524    -984.417         369.524    -984.417             122             122
  254       -1254.471      -9.678       -1254.471      -9.678             254             254
   39         387.416    -814.093         387.416    -814.093              39              39
   19         294.674    -884.931         294.674    -884.931              19              19
  135         104.821    -520.347         104.821    -520.347             135             135
  155        -398.007   -1500.467        -398.007   -1500.467             155             155
  240        -335.935     156.887        -335.935     156.887             240             240
  145         767.069    1105.527         767.069    1105.527             145             145
  167        1694.587    1390.226        1694.587    1390.226             167             167
  123        -571.898    -219.860        -571.898    -219.860             123             123
  145        1066.215    -144.069        1066.215    -144.069             145             145
  122          59.919     320.441          59.919     320.441             122             122
   21        -424.009    -743.520        -424.009    -743.520              21              21
  129         422.096   -1292.601         422.096   -1292.601             129             129
  220       -1162.952    1224.995       -1162.952    1224.995             220             220
   81         350.901    -130.014         350.901    -130.014              81              81
    6          71.244    -274.353          71.244    -274.353               6               6
   72        -690.935    -859.770        -690.935    -859.770              72              72
  213         699.541    -327.675         699.541    -327.675             213             213
   86         634.081     745.380         634.081     745.380              86              86
   13         215.546     -35.974         215.546     -35.974              13              13
  129         376.643    -134.081         376.643    -134.081             129             129
  230        -985.797    -100.738        -985.797    -100.738             230             230
  170       -1150.333    -380.164       -1150.333    -380.164             170             170
   69        -202.702     577.662        -202.702     577.662              69              69
  182        -707.416     -45.791        -707.416     -45.791             182             182
  124         212.642   -1923.160         212.642   -1923.160             124             124
    3         575.945     -41.881         575.945     -41.881               3               3
  139          49.207     546.497          49.207     546.497             139             139
   58         582.971    -713.422         582.971    -713.422              58              58
   17         771.329    -255.830         771.329    -255.830              17              17
    6        -957.718     214.406        -957.718     214.406               6               6
   57        -730.310    -359.905        -730.310    -359.905              57              57
   56         978.109     831.791         978.109     831.791              56              56
   25         379.025    -400.896         379.025    -400.896              25              25
  192        -351.246   -2163.866        -351.246   -2163.866             192             192
  212         671.000       0.177         671.000       0.177             212             212
   10        -351.613    2163.881        -351.613    2163.881              10              10
   82         378.987     400.859         378.987     400.859              82              82
  124         978.179    -831.646         978.179    -831.646             124             124
  133        -730.458     359.814        -730.458     359.814             133             133
  227        -957.624    -214.543        -957.624    -214.543             227             227
  247         771.363     256.007         771.363     256.007             247             247
  155         582.834     713.507         582.834     713.507             155             155
  100          49.272    -546.487          49.272    -546.487             100             100
  212         575.892      42.078         575.892      42.078             212             212
  236         212.214    1923.182         212.214    1923.182             236             236
  107        -707.500      45.544        -707.500      45.544             107             107
   28        -202.656    -577.733        -202.656    -577.733              28              28
  194       -1150.407     379.967       -1150.407     379.967             194             194
  193        -985.703     100.541        -985.703     100.541             193             193
   41         376.745     134.109         376.745     134.109              41              41
   67         215.617      35.960         215.617      35.960              67              67
  167         634.246    -745.261         634.246    -745.261             167             167
  211         699.440     327.858         699.440     327.858             211             211
  137        -691.107     859.647        -691.107     859.647             137             137
   94          71.229     274.301          71.229     274.301              94              94
   80         350.852     129.993         350.852     129.993              80              80
  140       -1162.719   -1225.156       -1162.719   -1225.156             140             140
  234         421.953    1292.728         421.953    1292.728             234             234
  138        -424.074     743.360        -424.074     743.360             138             138
  157          60.087    -320.515          60.087    -320.515             157             157
  240        1066.237     144.195        1066.237     144.195             240             240
  196        -571.868     219.654        -571.868     219.654             196             196
  214        1694.871   -1390.001        1694.871   -1390.001             214             214
   10         767.157   -1105.299         767.157   -1105.299              10              10
  132        -335.992    -156.756        -335.992    -156.756             132             132
  171        -398.261    1500.505        -398.261    1500.505             171             171
   20         104.762     520.378         104.762     520.378              20              20
  214         294.530     884.979         294.530     884.979             214             214
   40         387.224     814.102         387.224     814.102              40              40
  154       -1254.457       9.433       -1254.457       9.433             154             154
  186         369.446     984.445         369.446     984.445             186             186
   31        -152.726     716.461        -152.726     716.461              31              31
   53         698.138    -529.276         698.138    -529.276              53              53
   31        1532.318    1205.243        1532.318    1205.243              31              31
  243         455.396    1048.333         455.396    1048.333             243             243
   34        -631.511    -534.726        -631.511    -534.726              34              34
  138        -424.746    -990.165        -424.746    -990.165             138             138
   15         116.458    -519.246         116.458    -519.246              15              15
  228          57.732     381.430          57.732     381.430             228             228
   76         549.408     718.120         549.408     718.120              76              76
   57        -435.974    -842.720        -435.974    -842.720              57              57
   39        -437.251     481.185        -437.251     481.185              39              39
  244         398.907     753.344         398.907     753.344             244             244
   13        -159.625     200.792        -159.625     200.792              13              13
  176         487.635      23.107         487.635      23.107             176             176
   83         664.675    -156.954         664.675    -156.954              83              83
   93         988.631   -2284.091         988.631   -2284.091              93              93
   61        -501.294     180.999        -501.294     180.999              61              61
   61         241.874   -1003.555         241.874   -1003.555              61              61
  232        -873.298    2684.899        -873.298    2684.899             232             232
  218         363.190    -810.339         363.190    -810.339             218             218
   46       -1207.861    -801.169       -1207.861    -801.169              46              46
  172         658.589    1074.188         658.589    1074.188             172             172
  177        -129.963    1482.119        -129.963    1482.119             177             177
   56         253.418   -1358.209         253.418   -1358.209              56              56
   48        1231.264    -733.614        1231.264    -733.614              48              48
   93         688.049    1652.080         688.049    1652.080              93              93
   76          99.222     417.150          99.222     417.150              76              76
    7       -1003.120    1031.762       -1003.120    1031.762               7               7
  133        1583.726     183.837        1583.726     183.837             133             133
  230       -1319.536   -1351.295       -1319.536   -1351.295             230             230
  193         369.527    -980.128         369.527    -980.128             193             193
  164          68.088    -126.514          68.088    -126.514             164             164
   27        -633.946     -59.950        -633.946     -59.950              27              27
  224        2663.878     931.245        2663.878     931.245             224             224
  152       -1784.522    -870.221       -1784.522    -870.221             152             152
   61         256.347    -948.453         256.347    -948.453              61              61
  107        -791.907    -540.299        -791.907    -540.299             107             107
  168         -31.878    -509.783         -31.878    -509.783             168             168
   34        -235.897      84.598        -235.897      84.598              34              34
  183        -810.007    -355.252        -810.007    -355.252             183             183
  225       -1248.309    -277.685       -1248.309    -277.685             225             225
   74          51.947   -1122.198          51.947   -1122.198              74              74
  172         335.946     121.933         335.946     121.933             172             172
  238        -299.914     724.902        -299.914     724.902             238             238
  250         883.861     366.489         883.861     366.489             250             250
  255        1140.884   -1366.865        1140.884   -1366.865             255             255
   76        -640.036     223.216        -640.036     223.216              76              76
   56        -456.923     -68.838        -456.923     -68.838              56              56
   60       -1465.942     211.251       -1465.942     211.251              60              60
   52        -371.719    -316.093        -371.719    -316.093              52              52
   19        -761.238     473.027        -761.238     473.027              19              19
  106         589.315     209.669         589.315     209.669             106             106
  224        1605.321     523.608        1605.321     523.608             224             224
  196         934.721    -830.320         934.721    -830.320             196             196
  162       -1075.039    1002.498       -1075.039    1002.498             162             162
   17        -193.202     151.388        -193.202     151.388              17              17
   33        -233.971      10.815        -233.971      10.815              33              33
  239        -715.844    -948.731        -715.844    -948.731             239             239
   25        -275.456     -11.004        -275.456     -11.004              25              25
  167          64.939    1660.326          64.939    1660.326             167             167
  213       -1351.884    -135.524       -1351.884    -135.524             213             213
  219       -1584.137   -1046.106       -1584.137   -1046.106             219             219
   76        -990.019     171.534        -990.019     171.534              76              76
  241        -169.788   -1235.153        -169.788   -1235.153             241             241
  188        -170.271     594.146        -170.271     594.146             188             188
  228         792.789     -61.783         792.789     -61.783             228             228
   47         732.802    1379.280         732.802    1379.280              47              47
   39        -570.586     618.764        -570.586     618.764              39              39
  141       -1182.731    -735.865       -1182.731    -735.865             141             141
   81         266.511    -568.353         266.511    -568.353              81              81
  223        1132.017     507.278        1132.017     507.278             223             223
  111         351.785     138.433         351.785     138.433             111             111
  155        -830.115     508.541        -830.115     508.541             155             155
  139        1824.341    -353.216        1824.341    -353.216             139             139
   93         988.759   -1697.833         988.759   -1697.833              93              93
  150        -410.689     539.506        -410.689     539.506             150             150
  138         728.848    -398.064         728.848    -398.064             138             138
  170        -835.754     921.661        -835.754     921.661             170             170
  206        -213.675    -878.827        -213.675    -878.827             206             206
  199        -485.452     100.801        -485.452     100.801             199             199
  222          23.025   -2438.897          23.025   -2438.897             222             222
  225         235.994    -159.638         235.994    -159.638             225             225
   50          81.493    -449.711          81.493    -449.711              50              50
  191        -182.508     -58.356        -182.508     -58.356             191             191
  166         418.225    -620.124         418.225    -620.124             166             166
  213         -21.989    -784.074         -21.989    -784.074             213             213
  209         308.524   -2247.763         308.524   -2247.763             209             209
  200        -725.347    1462.746        -725.347    1462.746             200             200
  196         786.166    -897.745         786.166    -897.745             196             196
  234         748.414    -629.266         748.414    -629.266             234             234
  111        1332.252     171.835        1332.252     171.835             111             111
