SINAL     NFT                         FFT                         NFT INVERSA     FFT INVERSA
-----     -----------------------     -----------------------     -----------     -----------
  196       65165.000       0.000       65165.000       0.000             196             196
  225         643.817   -1046.702         643.817   -1046.702             225             225
  165         597.366    -763.430         597.366    -763.430             165             165
  227        1755.037    -141.150        1755.037    -141.150             227             227
  118        -566.960    2993.232        -566.960    2993.232             118             118
  197        3072.580   -1005.025        3072.580   -1005.025             197             197
  239         808.590    2471.929         808.590    2471.929             239             239
   21       -2032.962   -2658.920       -2032.962   -2658.920              21              21
   21       -3050.017     123.623       -3050.017     123.623              21              21
  206        -642.719    1846.750        -642.719    1846.750             206             206
  156        -159.647   -2701.685        -159.647   -2701.685             156             156
   50       -1331.629    1041.894       -1331.629    1041.894              50              50
  181        -370.254   -2029.253        -370.254   -2029.253             181             181
  107        1500.973     345.953        1500.973     345.953             107             107
  242        -298.577     412.619        -298.577     412.619             242             242
   57        2049.257   -1806.528        2049.257   -1806.528              57              57
   60       -1300.253   -2587.381       -1300.253   -2587.381              60              60
  176         426.057   -1431.014         426.057   -1431.014             176             176
  206        1178.520   -2166.115        1178.520   -2166.115             206             206
  255        1107.520     294.737        1107.520     294.737             255             255
   55         898.344     888.140         898.344     888.140              55              55
  157         343.301    -498.414         343.301    -498.414             157             157
   23          46.728    -433.408          46.728    -433.408              23              23
  152        2680.124    1420.302        2680.124    1420.302             152             152
  205         258.348    1280.315         258.348    1280.315             205             205
  194         169.830    1425.029         169.830    1425.029             194             194
  124        1791.641     363.170        1791.641     363.170             124             124
  184        1422.306    1278.303        1422.306    1278.303             184             184
   73         642.409   -3053.452         642.409   -3053.452              73              73
  103          61.677     693.608          61.677     693.608             103             103
  115         294.439   -1176.030         294.439   -1176.030             115             115
   13         396.078    -505.967         396.078    -505.967              13              13
   73          -3.697   -1206.069          -3.697   -1206.069              73              73
   24        -217.440     400.752        -217.440     400.752              24              24
  240       -2173.881     912.633       -2173.881     912.633             240             240
  191        -471.204   -1114.839        -471.204   -1114.839             191             191
  221        -692.700     428.718        -692.700     428.718             221             221
  223        2853.718    -235.870        2853.718    -235.870             223             223
  213        1610.818     208.479        1610.818     208.479             213             213
  243        -319.230    1415.749        -319.230    1415.749             243             243
  174         574.300    -839.176         574.300    -839.176             174             174
  113        -433.801     -54.493        -433.801     -54.493             113             113
   38         353.453    1150.243         353.453    1150.243              38              38
  100           0.216   -1669.954           0.216   -1669.954             100             100
  220         402.091     315.075         402.091     315.075             220             220
   24        1659.631     531.150        1659.631     531.150              24              24
  157         792.936   -2957.283         792.936   -2957.283             157             157
   25       -1251.561     525.945       -1251.561     525.945              25              25
  201        -766.501   -1073.469        -766.501   -1073.469             201             201
  108       -2527.473   -1104.885       -2527.473   -1104.885             108             108
   24        -788.944     580.340        -788.944     580.340              24              24
    0          77.757    2163.007          77.757    2163.007               0               0
    9        -447.506    -555.259        -447.506    -555.259               9               9
   47       -1069.242    1553.308       -1069.242    1553.308              47              47
  153         644.724     553.755         644.724     553.755             153             153
  215        1044.178   -1710.038        1044.178   -1710.038             215             215
  241         100.605     762.379         100.605     762.379             241             241
   21        -472.201     518.951        -472.201     518.951              21              21
  144         629.185   -1527.075         629.185   -1527.075             144             144
   59         450.136   -1408.530         450.136   -1408.530              59              59
  125       -1389.736   -2954.684       -1389.736   -2954.684             125             125
    4           8.164     298.246           8.164     298.246               4               4
   72        -244.635   -1147.504        -244.635   -1147.504              72              72
  198        -417.545    1307.200        -417.545    1307.200             198             198
   29        -163.095    1496.967        -163.095    1496.967              29              29
   57         532.590   -1211.619         532.590   -1211.619              57              57
  134          92.017   -3089.847          92.017   -3089.847             134             134
  251        -129.464   -1262.978        -129.464   -1262.978             251             251
   25        -843.693     830.321        -843.693     830.321              25              25
   91        1007.287     380.553        1007.287     380.553              91              91
  238       -2168.552     755.480       -2168.552     755.480             238             238
  200       -1346.091    1134.273       -1346.091    1134.273             200             200
  204        -302.157   -1522.743        -302.157   -1522.743             204             204
   21         792.588    -415.741         792.588    -415.741              21              21
   45         265.483     227.675         265.483     227.675              45              45
  169         576.240     451.007         576.240     451.007             169             169
   45         520.273    -389.175         520.273    -389.175              45              45
  202         699.292     661.634         699.292     661.634             202             202
  194        1247.805     161.304        1247.805     161.304             194             194
  247       -1281.374    1284.919       -1281.374    1284.919             247             247
   54        1008.355    1778.074        1008.355    1778.074              54              54
  219       -2192.753    1256.949       -2192.753    1256.949             219             219
  248        1480.789    1165.827        1480.789    1165.827             248             248
   64         193.619    -966.926         193.619    -966.926              64              64
   11       -1182.188    -306.926       -1182.188    -306.926              11              11
  145       -1034.509   -1530.596       -1034.509   -1530.596             145             145
   24        2740.081    1075.513        2740.081    1075.513              24              24
  253         108.778    -786.854         108.778    -786.854             253             253
  166        -776.637   -2102.636        -776.637   -2102.636             166             166
  168         813.303    -864.284         813.303    -864.284             168             168
   56        -433.993    -976.059        -433.993    -976.059              56              56
   36        -637.002    1592.667        -637.002    1592.667              36              36
  172        -518.541     781.727        -518.541     781.727             172             172
  128        3067.912    -125.843        3067.912    -125.843             128             128
  234       -1508.102   -1540.976       -1508.102   -1540.976             234             234
  201        -203.748     206.825        -203.748     206.825             201             201
  186       -1440.941   -1734.897       -1440.941   -1734.897             186             186
  112       -1282.394   -1458.891       -1282.394   -1458.891             112             112
  196         828.444    1409.306         828.444    1409.306             196             196
  212        -886.829     986.446        -886.829     986.446             212             212
  203        -360.556     517.452        -360.556     517.452             203             203
  179         469.638     843.804         469.638     843.804             179             179
  156        1128.607    -788.270        1128.607    -788.270             156             156
  152        -663.513    2701.819        -663.513    2701.819             152             152
  200       -1132.362     -23.676       -1132.362     -23.676             200             200
  201        1382.606    -411.908        1382.606    -411.908             201             201
   66         791.522   -1955.527         791.522   -1955.527              66              66
  246         -68.115    -330.859         -68.115    -330.859             246             246
  148        2915.124   -1976.051        2915.124   -1976.051             148             148
    5         197.828    1069.728         197.828    1069.728               5               5
  237        -829.281   -1458.550        -829.281   -1458.550             237             237
  203       -1008.574     273.421       -1008.574     273.421             203             203
  224        -483.428   -1416.858        -483.428   -1416.858             224             224
  230        3157.353   -1371.325        3157.353   -1371.325             230             230
   11        -526.168    -555.273        -526.168    -555.273              11              11
  235        2532.470    1677.302        2532.470    1677.302             235             235
  120        1638.408   -1200.382        1638.408   -1200.382             120             120
   36         -33.058    -387.757         -33.058    -387.757              36              36
  232       -1018.580    -357.255       -1018.580    -357.255             232             232
   30         817.274    -542.733         817.274    -542.733              30              30
  204         390.566    -406.681         390.566    -406.681             204             204
   32       -1714.323   -1658.707       -1714.323   -1658.707              32              32
   67        -327.949   -1315.936        -327.949   -1315.936              67              67
  121         475.851    -613.366         475.851    -613.366             121             121
  161        1810.988   -2034.747        1810.988   -2034.747             161             161
   45        -728.553    -364.914        -728.553    -364.914              45              45
   67       -1324.402   -1465.702       -1324.402   -1465.702              67              67
   91        -892.273   -2310.235        -892.273   -2310.235              91              91
  158        1887.840    2553.293        1887.840    2553.293             158             158
    8        1748.576     721.732        1748.576     721.732               8               8
   48        -905.981    -928.796        -905.981    -928.796              48              48
  105        1362.803    -961.157        1362.803    -961.157             105             105
  187         672.741    1365.548         672.741    1365.548             187             187
  204        -368.490   -1181.673        -368.490   -1181.673             204             204
    2       -2107.426   -1128.842       -2107.426   -1128.842               2               2
  132         140.326    1406.754         140.326    1406.754             132             132
  150        -822.045    1221.197        -822.045    1221.197             150             150
   68        1365.710    2067.568        1365.710    2067.568              68              68
  122        -104.922     815.953        -104.922     815.953             122             122
   42        1055.914    -439.863        1055.914    -439.863              42              42
   73        -672.963    -460.946        -672.963    -460.946              73              73
  104        -523.792    -821.269        -523.792    -821.269             104             104
  246        -510.987     940.059        -510.987     940.059             246             246
   41        -475.093    2485.186        -475.093    2485.186              41              41
   79        -430.955     554.715        -430.955     554.715              79              79
    2         218.241     767.714         218.241     767.714               2               2
   21        -519.380    -188.557        -519.380    -188.557              21              21
  199        1095.417    1114.645        1095.417    1114.645             199             199
   38         -71.179     -16.876         -71.179     -16.876              38              38
  253         113.728    2568.986         113.728    2568.986             253             253
  230       -1569.870     -14.894       -1569.870     -14.894             230             230
  243         -30.370     960.241         -30.370     960.241             243             243
   30         764.737    -444.437         764.737    -444.437              30              30
   41       -1955.376    -299.369       -1955.376    -299.369              41              41
  108         180.964     273.928         180.964     273.928             108             108
  191        -590.741    -292.513        -590.741    -292.513             191             191
   86       -1268.109    -390.619       -1268.109    -390.619              86              86
  176        2710.224   -1770.144        2710.224   -1770.144             176             176
   27         175.640      12.808         175.640      12.808              27              27
  244        -377.421   -1108.791        -377.421   -1108.791             244             244
  184         251.463    1877.324         251.463    1877.324             184             184
   75         794.444    1103.308         794.444    1103.308              75              75
   94       -1333.111    1902.487       -1333.111    1902.487              94              94
  116        1255.176      94.464        1255.176      94.464             116             116
   24         604.482    -508.878         604.482    -508.878              24              24
   96       -2281.750      43.158       -2281.750      43.158              96              96
  248        1479.351     -42.392        1479.351     -42.392             248             248
  174        1139.684    -134.862        1139.684    -134.862             174             174
  165        -278.334     279.492        -278.334     279.492             165             165
  115        2354.503     556.109        2354.503     556.109             115             115
  217        1424.758     111.761        1424.758     111.761             217             217
  238         531.978     -74.038         531.978     -74.038             238             238
  220         288.286     968.739         288.286     968.739             220             220
  207        -517.072    -198.631        -517.072    -198.631             207             207
   24         403.410    -317.835         403.410    -317.835              24              24
   43         353.700    1127.880         353.700    1127.880              43              43
  209        -255.396      39.094        -255.396      39.094             209             209
   45        1548.311    1383.641        1548.311    1383.641              45              45
  242         790.738   -2388.177         790.738   -2388.177             242             242
  248       -1279.728    -967.605       -1279.728    -967.605             248             248
   43        -588.779     472.407        -588.779     472.407              43              43
  217         788.709    -897.307         788.709    -897.307             217             217
  235        -290.660     797.940        -290.660     797.940             235             235
   73        -236.164   -1667.184        -236.164   -1667.184              73              73
    2       -1002.363    -631.947       -1002.363    -631.947               2               2
   87        -871.191     347.152        -871.191     347.152              87              87
    8        1484.088    -904.597        1484.088    -904.597               8               8
   89         652.785    -708.018         652.785    -708.018              89              89
    8        -475.400    -161.000        -475.400    -161.000               8               8
   36        -103.086   -1402.035        -103.086   -1402.035              36              36
   78        1739.068    -941.850        1739.068    -941.850              78              78
  192         358.492     787.462         358.492     787.462             192             192
  112        1772.955    -120.840        1772.955    -120.840             112             112
  172        -731.672   -2393.804        -731.672   -2393.804             172             172
   52        -249.997     597.908        -249.997     597.908              52              52
  136        1983.342    -271.905        1983.342    -271.905             136             136
   13         815.630   -1159.420         815.630   -1159.420              13              13
   44        -366.996    -462.350        -366.996    -462.350              44              44
   55       -1633.776     982.315       -1633.776     982.315              55              55
  178        1500.811    -426.482        1500.811    -426.482             178             178
  159        2714.601    1294.957        2714.601    1294.957             159             159
   16         -35.756     749.687         -35.756     749.687              16              16
  161       -2957.363    -591.232       -2957.363    -591.232             161             161
  124        -177.223    1225.912        -177.223    1225.912             124             124
  224       -1882.874    2554.933       -1882.874    2554.933             224             224
  185         -19.900     456.280         -19.900     456.280             185             185
  167       -2040.300    -608.923       -2040.300    -608.923             167             167
  177       -1415.333    -904.119       -1415.333    -904.119             177             177
  231        -111.832     128.795        -111.832     128.795             231             231
  154        -200.528     787.859        -200.528     787.859             154             154
  169        1243.806   -1497.640        1243.806   -1497.640             169             169
   18         772.140    1432.540         772.140    1432.540              18              18
  115        2148.334    3038.167        2148.334    3038.167             115             115
  149         274.384    -843.401         274.384    -843.401             149             149
   92        -238.626   -2841.967        -238.626   -2841.967              92              92
  117        -335.229    -360.887        -335.229    -360.887             117             117
  236        -763.349     445.853        -763.349     445.853             236             236
  101       -1738.630    -211.257       -1738.630    -211.257             101             101
  206         635.903     312.523         635.903     312.523             206             206
  244        1448.796    1057.464        1448.796    1057.464             244             244
  137         176.430     140.348         176.430     140.348             137             137
   29        1692.350     650.337        1692.350     650.337              29              29
  181        -681.507     565.407        -681.507     565.407             181             181
  249        1986.762    -427.454        1986.762    -427.454             249             249
  201        -391.027    -878.203        -391.027    -878.203             201             201
  233        -978.447     111.847        -978.447     111.847             233             233
  130       -1036.275    -890.912       -1036.275    -890.912             130             130
  215         677.921     239.161         677.921     239.161             215             215
   22        -870.396    -758.671        -870.396    -758.671              22              22
  185        -452.735    -890.276        -452.735    -890.276             185             185
  138        -804.943     924.474        -804.943     924.474             138             138
  182        -840.450   -1258.360        -840.450   -1258.360             182             182
  202       -2797.328    -332.377       -2797.328    -332.377             202             202
   43       -2000.066    -436.143       -2000.066    -436.143              43              43
   50         516.897     161.617         516.897     161.617              50              50
  170        1187.536      63.985        1187.536      63.985             170             170
  229       -1620.358    -527.540       -1620.358    -527.540             229             229
  217         182.057     413.843         182.057     413.843             217             217
   92       -1568.360    2381.347       -1568.360    2381.347              92              92
  205         -22.575   -1408.224         -22.575   -1408.224             205             205
  115        -427.980    1189.167        -427.980    1189.167             115             115
    5        -133.348     380.243        -133.348     380.243               5               5
  224       -1505.606   -1271.195       -1505.606   -1271.195             224             224
  230       -2014.895     407.706       -2014.895     407.706             230             230
  154        2382.587    -284.587        2382.587    -284.587             154             154
   60        -530.194   -1514.461        -530.194   -1514.461              60              60
   92        2264.353    -176.122        2264.353    -176.122              92              92
  135        1259.031    -820.085        1259.031    -820.085             135             135
  161        1688.947    -413.314        1688.947    -413.314             161             161
   43       -1796.818   -1011.103       -1796.818   -1011.103              43              43
  124       -1625.632    -439.113       -1625.632    -439.113             124             124
   42         524.687     494.679         524.687     494.679              42              42
   72         625.088    1262.838         625.088    1262.838              72              72
   50       -1789.875    -804.784       -1789.875    -804.784              50              50
   36        1394.313    -371.463        1394.313    -371.463              36              36
   18         486.065    -929.580         486.065    -929.580              18              18
   27        1919.000       0.454        1919.000       0.454              27              27
  167         485.580     929.877         485.580     929.877             167             167
  233        1393.841     371.929        1393.841     371.929             233             233
   49       -1790.355     804.035       -1790.355     804.035              49              49
   96         625.525   -1262.703         625.525   -1262.703              96              96
  116         524.597    -494.284         524.597    -494.284             116             116
  232       -1625.940     438.819       -1625.940     438.819             232             232
   42       -1796.789    1010.605       -1796.789    1010.605              42              42
  160        1689.216     413.900        1689.216     413.900             160             160
   26        1258.845     820.487        1258.845     820.487              26              26
  212        2264.038     176.877        2264.038     176.877             212             212
  134        -530.995    1514.173        -530.995    1514.173             134             134
  243        2382.000     285.105        2382.000     285.105             243             243
   48       -2015.362    -408.499       -2015.362    -408.499              48              48
   83       -1506.144    1270.492       -1506.144    1270.492              83              83
  103        -133.258    -380.638        -133.258    -380.638             103             103
   54        -427.686   -1189.383        -427.686   -1189.383              54              54
   51         -23.234    1408.003         -23.234    1408.003              51              51
   78       -1567.640   -2382.045       -1567.640   -2382.045              78              78
  209         182.165    -413.563         182.165    -413.563             209             209
  111       -1620.469     527.103       -1620.469     527.103             111             111
  170        1187.605     -63.576        1187.605     -63.576             170             170
   89         516.547    -161.361         516.547    -161.361              89              89
   17       -2000.607     435.562       -2000.607     435.562              17              17
  214       -2797.362     331.500       -2797.362     331.500             214             214
  214        -840.562    1257.961        -840.562    1257.961             214             214
   60        -804.370    -924.810        -804.370    -924.810              60              60
   30        -452.789     890.180        -452.789     890.180              30              30
    8        -870.342     758.241        -870.342     758.241               8               8
   97         678.200    -239.034         678.200    -239.034              97              97
   48       -1036.454     890.458       -1036.454     890.458              48              48
   36        -978.058    -112.312        -978.058    -112.312              36              36
    8        -390.776     877.910        -390.776     877.910               8               8
   26        1986.913     427.785        1986.913     427.785              26              26
   86        -681.115    -565.944        -681.115    -565.944              86              86
  104        1692.770    -649.930        1692.770    -649.930             104             104
  143         176.531    -140.433         176.531    -140.433             143             143
   62        1449.113   -1057.037        1449.113   -1057.037              62              62
  147         635.678    -312.223         635.678    -312.223             147             147
   47       -1738.861     210.711       -1738.861     210.711              47              47
   88        -763.034    -446.028        -763.034    -446.028              88              88
  104        -335.119     360.995        -335.119     360.995             104             104
  181        -239.283    2841.720        -239.283    2841.720             181             181
   76         274.484     842.763         274.484     842.763              76              76
  153        2149.496   -3037.852        2149.496   -3037.852             153             153
    9         772.498   -1432.049         772.498   -1432.049               9               9
  180        1243.040    1498.117        1243.040    1498.117             180             180
  208        -200.620    -788.049        -200.620    -788.049             208             208
   60        -112.137    -128.778        -112.137    -128.778              60              60
    2       -1415.922     903.578       -1415.922     903.578               2               2
  161       -2040.451     607.913       -2040.451     607.913             161             161
  172         -19.656    -456.747         -19.656    -456.747             172             172
  173       -1881.893   -2555.722       -1881.893   -2555.722             173             173
  251        -176.639   -1225.725        -176.639   -1225.725             251             251
  190       -2957.116     590.365       -2957.116     590.365             190             190
  131         -34.631    -749.727         -34.631    -749.727             131             131
  210        2715.499   -1293.849        2715.499   -1293.849             210             210
  250        1500.541     427.198        1500.541     427.198             250             250
  162       -1633.437    -982.624       -1633.437    -982.624             162             162
  219        -366.740     462.585        -366.740     462.585             219             219
   91         815.663    1159.843         815.663    1159.843              91              91
  211        1983.338     272.581        1983.338     272.581             211             211
  255        -249.858    -597.754        -249.858    -597.754             255             255
   99        -732.200    2393.648        -732.200    2393.648              99              99
  238        1773.152     121.227        1773.152     121.227             238             238
   85         358.833    -787.271         358.833    -787.271              85              85
  204        1738.692     942.623        1738.692     942.623             204             204
  125        -103.748    1401.954        -103.748    1401.954             125             125
  148        -475.421     160.737        -475.421     160.737             148             148
   96         652.656     708.187         652.656     708.187              96              96
  172        1483.599     904.922        1483.599     904.922             172             172
  237        -871.341    -347.554        -871.341    -347.554             237             237
  200       -1002.555     631.630       -1002.555     631.630             200             200
   98        -236.584    1666.867        -236.584    1666.867              98              98
   57        -290.213    -798.270        -290.213    -798.270              57              57
   98         788.476     897.438         788.476     897.438              98              98
  107        -588.633    -472.707        -588.633    -472.707             107             107
  237       -1279.755     967.172       -1279.755     967.172             237             237
   50         790.355    2387.992         790.355    2387.992              50              50
  167        1548.870   -1383.646        1548.870   -1383.646             167             167
  240        -255.372     -39.460        -255.372     -39.460             240             240
  212         354.193   -1127.927         354.193   -1127.927             212             212
   84         403.353     317.884         403.353     317.884              84              84
  157        -516.996     198.206        -516.996     198.206             157             157
  207         288.889    -968.815         288.889    -968.815             207             207
   18         532.255      74.130         532.255      74.130              18              18
   33        1425.037    -111.450        1425.037    -111.450              33              33
  162        2354.573    -555.443        2354.573    -555.443             162             162
   13        -278.415    -279.626        -278.415    -279.626              13              13
  196        1139.579     135.179        1139.579     135.179             196             196
  125        1478.940      42.767        1478.940      42.767             125             125
  104       -2281.910     -44.045       -2281.910     -44.045             104             104
  151         604.484     508.854         604.484     508.854             151             151
  124        1255.056     -94.447        1255.056     -94.447             124             124
  204       -1332.549   -1903.176       -1332.549   -1903.176             204             204
  134         794.888   -1103.035         794.888   -1103.035             134             134
  210         252.007   -1876.941         252.007   -1876.941             210             210
  153        -377.788    1108.985        -377.788    1108.985             153             153
    3         175.809     -12.584         175.809     -12.584               3               3
  103        2709.396    1771.053        2709.396    1771.053             103             103
  249       -1268.662     389.962       -1268.662     389.962             249             249
  176        -590.935     292.074        -590.935     292.074             176             176
   84         180.890    -274.064         180.890    -274.064              84              84
  194       -1955.451     298.535       -1955.451     298.535             194             194
   18         764.719     444.351         764.719     444.351              18              18
  141         -30.175    -960.575         -30.175    -960.575             141             141
   36       -1569.811      14.021       -1569.811      14.021              36              36
  125         114.813   -2569.092         114.813   -2569.092             125             125
  123         -71.002      16.895         -71.002      16.895             123             123
   87        1095.809   -1114.283        1095.809   -1114.283              87              87
   37        -519.504     188.355        -519.504     188.355              37              37
  107         218.482    -767.769         218.482    -767.769             107             107
   43        -430.813    -555.013        -430.813    -555.013              43              43
  121        -474.235   -2485.269        -474.235   -2485.269             121             121
    9        -510.589    -939.799        -510.589    -939.799               9               9
  251        -523.918     821.393        -523.918     821.393             251             251
  140        -672.818     460.762        -672.818     460.762             140             140
   43        1055.992     440.067        1055.992     440.067              43              43
  157        -104.525    -816.217        -104.525    -816.217             157             157
  153        1366.374   -2067.085        1366.374   -2067.085             153             153
  239        -821.742   -1221.180        -821.742   -1221.180             239             239
   26         140.734   -1406.180         140.734   -1406.180              26              26
    2       -2107.668    1128.639       -2107.668    1128.639               2               2
  135        -368.415    1181.640        -368.415    1181.640             135             135
  151         673.604   -1365.136         673.604   -1365.136             151             151
  206        1362.608     961.937        1362.608     961.937             206             206
   13        -906.087     928.512        -906.087     928.512              13              13
  105        1749.081    -721.183        1749.081    -721.183             105             105
  103        1888.479   -2552.121        1888.479   -2552.121             103             103
   17        -893.346    2310.599        -893.346    2310.599              17              17
  209       -1324.831    1465.456       -1324.831    1465.456             209             209
   97        -728.295     364.893        -728.295     364.893              97              97
  193        1810.525    2035.494        1810.525    2035.494             193             193
   37         475.531     613.546         475.531     613.546              37              37
   36        -328.512    1315.880        -328.512    1315.880              36              36
  211       -1714.692    1657.993       -1714.692    1657.993             211             211
  178         390.807     406.604         390.807     406.604             178             178
   72         817.234     542.868         817.234     542.868              72              72
   80       -1018.485     356.797       -1018.485     356.797              80              80
   46         -32.679     387.671         -32.679     387.671              46              46
  160        1638.452    1200.684        1638.452    1200.684             160             160
  117        2533.041   -1676.528        2533.041   -1676.528             117             117
  154        -526.321     555.338        -526.321     555.338             154             154
  203        3156.770    1372.454        3156.770    1372.454             203             203
  239        -484.330    1416.510        -484.330    1416.510             239             239
  163       -1008.573    -273.901       -1008.573    -273.901             163             163
  198        -829.553    1458.100        -829.553    1458.100             198             198
  123         198.609   -1069.723         198.609   -1069.723             123             123
  206        2914.528    1977.012        2914.528    1977.012             206             206
   99         -68.407     330.657         -68.407     330.657              99              99
   21         790.818    1955.478         790.818    1955.478              21              21
  190        1382.173     411.818        1382.173     411.818             190             190
  126       -1132.639      22.691       -1132.639      22.691             126             126
   23        -662.524   -2702.264        -662.524   -2702.264              23              23
   70        1128.370     788.609        1128.370     788.609              70              70
   21         469.709    -843.840         469.709    -843.840              21              21
  229        -360.601    -517.661        -360.601    -517.661             229             229
   84        -886.528    -986.742        -886.528    -986.742              84              84
  127         828.800   -1408.698         828.800   -1408.698             127             127
   77       -1283.070    1458.823       -1283.070    1458.823              77              77
  101       -1441.398    1734.352       -1441.398    1734.352             101             101
   80        -203.468    -206.999        -203.468    -206.999              80              80
  174       -1508.167    1540.315       -1508.167    1540.315             174             174
   39        3068.075     126.508        3068.075     126.508              39              39
  117        -518.479    -782.145        -518.479    -782.145             117             117
  210        -636.428   -1592.742        -636.428   -1592.742             210             210
  250        -434.117     976.184        -434.117     976.184             250             250
   40         813.126     864.667         813.126     864.667              40              40
   27        -777.221    2102.229        -777.221    2102.229              27              27
   75         108.859     786.452         108.859     786.452              75              75
   86        2740.379   -1074.795        2740.379   -1074.795              86              86
  187       -1035.322    1530.098       -1035.322    1530.098             187             187
  192       -1182.187     306.171       -1182.187     306.171             192             192
  240         193.546     966.473         193.546     966.473             240             240
  135        1481.095   -1165.889        1481.095   -1165.889             135             135
  175       -2192.298   -1258.026       -2192.298   -1258.026             175             175
  148        1009.150   -1777.860        1009.150   -1777.860             148             148
   77       -1280.721   -1285.230       -1280.721   -1285.230              77              77
   43        1248.164    -160.757        1248.164    -160.757              43              43
   99         699.586    -661.272         699.586    -661.272              99              99
  177         520.164     389.437         520.164     389.437             177             177
   64         576.357    -450.774         576.357    -450.774              64              64
   34         265.498    -227.439         265.498    -227.439              34              34
   47         792.268     416.162         792.268     416.162              47              47
   87        -302.970    1522.498        -302.970    1522.498              87              87
  104       -1345.884   -1134.933       -1345.884   -1134.933             104             104
   69       -2168.050    -756.137       -2168.050    -756.137              69              69
   61        1007.680    -380.050        1007.680    -380.050              61              61
  189        -843.303    -830.229        -843.303    -830.229             189             189
  196        -129.652    1263.403        -129.652    1263.403             196             196
  138          91.193    3089.866          91.193    3089.866             138             138
   34         532.283    1211.293         532.283    1211.293              34              34
   20        -162.572   -1497.350        -162.572   -1497.350              20              20
   57        -417.021   -1307.154        -417.021   -1307.154              57              57
   74        -244.881    1147.649        -244.881    1147.649              74              74
  138           8.343    -297.983           8.343    -297.983             138             138
   12       -1390.484    2954.334       -1390.484    2954.334              12              12
   68         450.028    1408.396         450.028    1408.396              68              68
  178         628.827    1526.813         628.827    1526.813             178             178
   39        -471.873    -519.583        -471.873    -519.583              39              39
  143         101.134    -762.481         101.134    -762.481             143             143
    9        1043.745    1710.121        1043.745    1710.121               9               9
  227         644.794    -554.031         644.794    -554.031             227             227
   80       -1068.778   -1553.838       -1068.778   -1553.838              80              80
  250        -447.564     554.945        -447.564     554.945             250             250
  106          78.524   -2163.040          78.524   -2163.040             106             106
    0        -788.806    -580.272        -788.806    -580.272               0               0
  143       -2527.591    1104.277       -2527.591    1104.277             143             143
  184        -766.332    1073.174        -766.332    1073.174             184             184
   43       -1250.708    -526.279       -1250.708    -526.279              43              43
  242         792.683    2957.412         792.683    2957.412             242             242
  105        1660.211    -530.993        1660.211    -530.993             105             105
  108         402.392    -315.021         402.392    -315.021             108             108
   20          -0.085    1669.696          -0.085    1669.696              20              20
  153         354.104   -1150.430         354.104   -1150.430             153             153
  196        -433.476      54.276        -433.476      54.276             196             196
  125         574.406     839.100         574.406     839.100             125             125
  222        -318.280   -1416.064        -318.280   -1416.064             222             222
    1        1611.388    -207.912        1611.388    -207.912               1               1
   58        2853.603     236.788        2853.603     236.788              58              58
  162        -692.788    -428.941        -692.788    -428.941             162             162
  140        -471.605    1114.583        -471.605    1114.583             140             140
   93       -2173.283    -913.491       -2173.283    -913.491              93              93
  183        -216.732    -400.678        -216.732    -400.678             183             183
  197          -3.559    1206.146          -3.559    1206.146             197             197
  167         396.416     506.031         396.416     506.031             167             167
   65         294.515    1175.933         294.515    1175.933              65              65
  210          62.449    -693.665          62.449    -693.665             210             210
  236         642.003    3053.325         642.003    3053.325             236             236
  244        1423.270   -1278.421        1423.270   -1278.421             244             244
  250        1792.050    -362.924        1792.050    -362.924             250             250
  123         170.558   -1425.223         170.558   -1425.223             123             123
  254         259.280   -1280.258         259.280   -1280.258             254             254
  221        2680.888   -1419.180        2680.888   -1419.180             221             221
  204          46.691     433.698          46.691     433.698             204             204
  248         343.463     498.586         343.463     498.586             248             248
   72         899.002    -887.702         899.002    -887.702              72              72
  204        1107.907    -293.917        1107.907    -293.917             204             204
  135        1177.953    2166.851        1177.953    2166.851             135             135
    0         425.648    1431.251         425.648    1431.251               0               0
  248       -1300.718    2586.809       -1300.718    2586.809             248             248
  122        2049.068    1806.703        2049.068    1806.703             122             122
  106        -298.156    -413.186        -298.156    -413.186             106             106
  100        1501.336    -345.572        1501.336    -345.572             100             100
  143        -370.826    2028.851        -370.826    2028.851             143             143
    3       -1330.883   -1042.598       -1330.883   -1042.598               3               3
   41        -159.995    2701.226        -159.995    2701.226              41              41
   13        -641.604   -1847.454        -641.604   -1847.454              13              13
  226       -3049.065    -124.676       -3049.065    -124.676             226             226
   43       -2032.204    2657.759       -2032.204    2657.759              43              43
   72         811.366   -2472.159         811.366   -2472.159              72              72
  133        3073.861    1005.705        3073.861    1005.705             133             133
  183        -564.165   -2993.613        -564.165   -2993.613             183             183
  165        1757.433     141.940        1757.433     141.940             165             165
   60         600.521     763.637         600.521     763.637              60              60
  125         650.345    1046.677         650.345    1046.677             125             125
