SINAL     NFT                         FFT                         NFT INVERSA     FFT INVERSA
-----     -----------------------     -----------------------     -----------     -----------
  142       62434.000       0.000       62434.000       0.000             142             142
  194         671.569     368.257         671.569     368.257             194             194
  138         178.984   -1587.545         178.984   -1587.545             138             138
  214        2049.439    1667.603        2049.439    1667.603             214             214
  234          49.420    -590.606          49.420    -590.606             234             234
   96        1644.874   -1226.889        1644.874   -1226.889              96              96
   31        1444.718     948.659        1444.718     948.659              31              31
  116       -1007.531   -1403.733       -1007.531   -1403.733             116             116
  197        -281.987     482.941        -281.987     482.941             197             197
  101       -1232.244    -911.737       -1232.244    -911.737             101             101
   18        -206.666    -747.061        -206.666    -747.061              18              18
  103          10.533    1250.838          10.533    1250.838             103             103
  222         361.603   -2197.557         361.603   -2197.557             222             222
  191         970.608     663.301         970.608     663.301             191             191
  210         -36.824   -1806.878         -36.824   -1806.878             210             210
   79         -47.426    -712.749         -47.426    -712.749              79              79
  200         543.208     912.754         543.208     912.754             200             200
  173        -836.162    2049.403        -836.162    2049.403             173             173
  204        1545.742    1057.021        1545.742    1057.021             204             204
  236         -50.970    -560.090         -50.970    -560.090             236             236
  107        -121.155   -1464.484        -121.155   -1464.484             107             107
   83         669.660     138.783         669.660     138.783              83              83
   78          80.766    1510.798          80.766    1510.798              78              78
  137        -738.202    -119.204        -738.202    -119.204             137             137
  156        1837.319    1843.415        1837.319    1843.415             156             156
  207       -1582.406    2268.699       -1582.406    2268.699             207             207
  103        -673.135   -1380.866        -673.135   -1380.866             103             103
   45        -977.127    1472.782        -977.127    1472.782              45              45
   90        1083.093     656.967        1083.093     656.967              90              90
   86        -584.383    -847.213        -584.383    -847.213              86              86
  236        1104.597     384.718        1104.597     384.718             236             236
  233        1893.318     669.915        1893.318     669.915             233             233
   25        -950.145   -2572.190        -950.145   -2572.190              25              25
  118        1532.253    -566.621        1532.253    -566.621             118             118
  192        -216.248   -1382.886        -216.248   -1382.886             192             192
    3        -446.372    1045.170        -446.372    1045.170               3               3
  214        -568.788   -1611.746        -568.788   -1611.746             214             214
  223        -170.001    -112.101        -170.001    -112.101             223             223
  119        1639.812    -807.079        1639.812    -807.079             119             119
  156         558.015     586.528         558.015     586.528             156             156
   69       -1307.631    -755.091       -1307.631    -755.091              69              69
  138        1315.444    -121.614        1315.444    -121.614             138             138
    3        1225.381   -1401.836        1225.381   -1401.836               3               3
   35        1388.013      10.983        1388.013      10.983              35              35
   73       -1240.267   -1201.673       -1240.267   -1201.673              73              73
  213        -128.058    -138.422        -128.058    -138.422             213             213
  114         153.423      95.723         153.423      95.723             114             114
   18        -733.949    -632.623        -733.949    -632.623              18              18
  131         -61.741     709.042         -61.741     709.042             131             131
   63       -1068.472     611.422       -1068.472     611.422              63              63
  254         289.834   -1186.090         289.834   -1186.090             254             254
  239          -6.920    -616.533          -6.920    -616.533             239             239
  146       -1289.697     578.003       -1289.697     578.003             146             146
   76        1654.103    -403.388        1654.103    -403.388              76              76
  120        -421.301    1408.930        -421.301    1408.930             120             120
   47         440.893   -2123.554         440.893   -2123.554              47              47
   27       -1903.867   -1481.553       -1903.867   -1481.553              27              27
  223         674.023    -675.930         674.023    -675.930             223             223
   92         340.954     169.934         340.954     169.934              92              92
  118         537.567    1244.784         537.567    1244.784             118             118
   54       -1145.210    -601.818       -1145.210    -601.818              54              54
   73        2366.508    -258.246        2366.508    -258.246              73              73
   96        -694.054    -821.926        -694.054    -821.926              96              96
   80         180.157    1055.821         180.157    1055.821              80              80
  191          48.334      83.084          48.334      83.084             191             191
   32       -1731.751    1374.323       -1731.751    1374.323              32              32
   84          90.078    1227.247          90.078    1227.247              84              84
  150        -635.836   -2620.445        -635.836   -2620.445             150             150
    0        -536.584     852.787        -536.584     852.787               0               0
  204        1361.550   -1727.381        1361.550   -1727.381             204             204
   51        -182.904   -1191.418        -182.904   -1191.418              51              51
   69         523.252    -496.374         523.252    -496.374              69              69
   86        1296.637    -372.640        1296.637    -372.640              86              86
   54         -59.172    1420.283         -59.172    1420.283              54              54
  104        -864.754   -2214.419        -864.754   -2214.419             104             104
  160        -375.442     228.609        -375.442     228.609             160             160
   11       -2396.503    1499.107       -2396.503    1499.107              11              11
  219        -500.669    1676.064        -500.669    1676.064             219             219
  178        -898.341    2287.192        -898.341    2287.192             178             178
  143        2026.370     890.274        2026.370     890.274             143             143
   27        -455.854    -288.804        -455.854    -288.804              27              27
  176         247.200    -379.597         247.200    -379.597             176             176
  126         852.041     142.361         852.041     142.361             126             126
  173        1621.087    -148.535        1621.087    -148.535             173             173
  253        -228.100   -1058.420        -228.100   -1058.420             253             253
  246        -320.514      27.968        -320.514      27.968             246             246
  221        -575.996    -847.881        -575.996    -847.881             221             221
   24        -382.339    1178.483        -382.339    1178.483              24              24
  214        -612.107    -543.388        -612.107    -543.388             214             214
   58        -745.535   -1453.584        -745.535   -1453.584              58              58
  143        1136.488   -2173.457        1136.488   -2173.457             143             143
   13        -206.368     179.860        -206.368     179.860              13              13
  131        -222.069   -1972.092        -222.069   -1972.092             131             131
  240        -729.489     887.868        -729.489     887.868             240             240
   94       -1316.241   -1047.859       -1316.241   -1047.859              94              94
   66       -1664.414   -1190.564       -1664.414   -1190.564              66              66
   17       -1315.123     477.901       -1315.123     477.901              17              17
  178         927.426    1073.766         927.426    1073.766             178             178
  217       -1365.179     502.548       -1365.179     502.548             217             217
   17          24.805    2235.317          24.805    2235.317              17              17
  126         872.017   -1472.099         872.017   -1472.099             126             126
   12       -1081.105    1107.993       -1081.105    1107.993              12              12
   86        -429.400    1354.764        -429.400    1354.764              86              86
  212         165.767     691.820         165.767     691.820             212             212
   67       -1036.128    1313.941       -1036.128    1313.941              67              67
  191        -357.818   -1307.820        -357.818   -1307.820             191             191
  116        -200.286   -1135.162        -200.286   -1135.162             116             116
   79         -47.590    -447.975         -47.590    -447.975              79              79
  154       -1305.938    1540.974       -1305.938    1540.974             154             154
   38       -1308.060     456.756       -1308.060     456.756              38              38
  222        1415.430     393.728        1415.430     393.728             222             222
  181        -391.079   -1096.166        -391.079   -1096.166             181             181
  215        1786.199    2037.769        1786.199    2037.769             215             215
   92        -221.022    -544.376        -221.022    -544.376              92              92
   99        -229.765    2322.887        -229.765    2322.887              99              99
  212         630.642     968.906         630.642     968.906             212             212
   83        -668.373    -604.364        -668.373    -604.364              83              83
   64         653.244    -878.335         653.244    -878.335              64              64
  237       -1848.482     713.693       -1848.482     713.693             237             237
   41        1294.769     122.860        1294.769     122.860              41              41
  123        -202.414     279.726        -202.414     279.726             123             123
  125        3308.665    1138.891        3308.665    1138.891             125             125
   55        -815.074     -66.087        -815.074     -66.087              55              55
  254         574.233     350.542         574.233     350.542             254             254
  109        1290.329    1605.795        1290.329    1605.795             109             109
  149          85.402    1512.015          85.402    1512.015             149             149
   65         293.490   -1073.341         293.490   -1073.341              65              65
  126        -151.562    -904.827        -151.562    -904.827             126             126
   72         274.976    -607.004         274.976    -607.004              72              72
   26       -2093.472     232.725       -2093.472     232.725              26              26
  144         -26.451      67.833         -26.451      67.833             144             144
  198         876.863     -63.613         876.863     -63.613             198             198
   39          51.026     622.562          51.026     622.562              39              39
  230       -1022.517    1067.819       -1022.517    1067.819             230             230
  155        2166.472   -1009.324        2166.472   -1009.324             155             155
  106       -1727.965    -383.914       -1727.965    -383.914             106             106
  166       -1941.077     832.431       -1941.077     832.431             166             166
   16        1657.719     431.660        1657.719     431.660              16              16
  185        -428.655   -1901.028        -428.655   -1901.028             185             185
   65        -373.428   -2081.435        -373.428   -2081.435              65              65
   55        -362.074   -1404.989        -362.074   -1404.989              55              55
  151        -652.268   -2692.668        -652.268   -2692.668             151             151
  247        1050.268   -1326.581        1050.268   -1326.581             247             247
   14        -171.278   -1443.192        -171.278   -1443.192              14              14
  244        2739.930    -923.732        2739.930    -923.732             244             244
   90        -536.748     968.562        -536.748     968.562              90              90
  227         468.424    -792.230         468.424    -792.230             227             227
   71       -2286.464      10.632       -2286.464      10.632              71              71
  155         819.559      25.441         819.559      25.441             155             155
  208         959.451     132.255         959.451     132.255             208             208
  112       -1023.000     217.750       -1023.000     217.750             112             112
   22        1251.075     894.552        1251.075     894.552              22              22
   77        1284.158    -796.732        1284.158    -796.732              77              77
  168        -609.541   -1492.571        -609.541   -1492.571             168             168
   21        1639.214    -897.080        1639.214    -897.080              21              21
  187       -1327.477     179.571       -1327.477     179.571             187             187
   62       -1405.240   -1046.658       -1405.240   -1046.658              62              62
   86        1768.135   -2008.247        1768.135   -2008.247              86              86
   58        1181.989    1079.305        1181.989    1079.305              58              58
  134        -361.555    2062.181        -361.555    2062.181             134             134
  113       -1641.883      71.253       -1641.883      71.253             113             113
  203        -687.141     721.346        -687.141     721.346             203             203
   77        -396.917   -1386.434        -396.917   -1386.434              77              77
  152         169.824   -1130.313         169.824   -1130.313             152             152
  177          99.360     802.956          99.360     802.956             177             177
  232         461.209    -496.419         461.209    -496.419             232             232
    3         213.724   -1376.931         213.724   -1376.931               3               3
   88       -1535.943    1366.570       -1535.943    1366.570              88              88
  249        -716.109    -855.843        -716.109    -855.843             249             249
  189        2104.090    -161.699        2104.090    -161.699             189             189
  153        1228.863    -888.866        1228.863    -888.866             153             153
   48        1619.528   -1698.468        1619.528   -1698.468              48              48
   85         -58.451     338.081         -58.451     338.081              85              85
  144        -893.965    -665.638        -893.965    -665.638             144             144
   63        -530.126     141.983        -530.126     141.983              63              63
   73        -820.391    -988.552        -820.391    -988.552              73              73
  235       -2145.700      87.116       -2145.700      87.116             235             235
   34         -51.491    2073.582         -51.491    2073.582              34              34
  144         282.101     527.033         282.101     527.033             144             144
  134       -1227.060   -1142.763       -1227.060   -1142.763             134             134
  242         375.295    1313.501         375.295    1313.501             242             242
    1         525.564   -1011.868         525.564   -1011.868               1               1
  157        -207.507     607.548        -207.507     607.548             157             157
   64        1202.424     -55.597        1202.424     -55.597              64              64
  170         641.211     534.992         641.211     534.992             170             170
  178         262.417   -1563.732         262.417   -1563.732             178             178
  252         495.445   -2088.277         495.445   -2088.277             252             252
  232        -706.068   -1350.775        -706.068   -1350.775             232             232
    9         666.178    -490.805         666.178    -490.805               9               9
   55         243.686   -1481.274         243.686   -1481.274              55              55
  111         -26.719    -637.878         -26.719    -637.878             111             111
  122         924.437     894.437         924.437     894.437             122             122
    2        1981.646    -604.631        1981.646    -604.631               2               2
  188         279.713     561.515         279.713     561.515             188             188
   19       -2154.161    -935.691       -2154.161    -935.691              19              19
  180         909.598     -99.477         909.598     -99.477             180             180
  165         888.626   -2835.417         888.626   -2835.417             165             165
   23        1758.315     512.239        1758.315     512.239              23              23
   12         442.048    2456.969         442.048    2456.969              12              12
  158        1624.350    1776.372        1624.350    1776.372             158             158
  212        2882.211   -1045.922        2882.211   -1045.922             212             212
  165        -958.692    -824.630        -958.692    -824.630             165             165
  207        -569.994    -867.240        -569.994    -867.240             207             207
   42        -473.512    1516.964        -473.512    1516.964              42              42
   53        1669.923    1875.887        1669.923    1875.887              53              53
   14         254.333    -436.263         254.333    -436.263              14              14
  116       -2092.949    2383.070       -2092.949    2383.070             116             116
   32       -2782.254     407.571       -2782.254     407.571              32              32
   48         759.701     349.338         759.701     349.338              48              48
    4        -582.636     198.185        -582.636     198.185               4               4
  167        -204.779    -261.333        -204.779    -261.333             167             167
   35       -1834.665   -1163.764       -1834.665   -1163.764              35              35
    6        -251.637     161.283        -251.637     161.283               6               6
   69         735.371    1969.562         735.371    1969.562              69              69
  100        1044.056    1540.879        1044.056    1540.879             100             100
  176         939.000   -1485.684         939.000   -1485.684             176             176
  248         741.023     356.147         741.023     356.147             248             248
   96        -312.730   -2070.740        -312.730   -2070.740              96              96
  153        -222.851    -617.163        -222.851    -617.163             153             153
    1         871.110    1219.086         871.110    1219.086               1               1
  151        -547.927    1582.279        -547.927    1582.279             151             151
    8         985.371     814.723         985.371     814.723               8               8
  123        -161.506    1172.477        -161.506    1172.477             123             123
  153        -601.172    2220.536        -601.172    2220.536             153             153
  197       -1576.913     220.944       -1576.913     220.944             197             197
  143        -419.096    -457.511        -419.096    -457.511             143             143
   77         639.936   -2694.724         639.936   -2694.724              77              77
  107         838.447     235.465         838.447     235.465             107             107
  166           3.718   -1327.409           3.718   -1327.409             166             166
   90       -1460.969   -2023.897       -1460.969   -2023.897              90              90
   10        -463.903    1041.705        -463.903    1041.705              10              10
  123          17.441   -1276.069          17.441   -1276.069             123             123
  255         417.984     851.724         417.984     851.724             255             255
  217         513.339    1707.170         513.339    1707.170             217             217
  165        -699.853     199.742        -699.853     199.742             165             165
   53       -1128.306   -1567.298       -1128.306   -1567.298              53              53
  232          59.588     800.002          59.588     800.002             232             232
   26       -2126.693     765.022       -2126.693     765.022              26              26
   86        2620.897     561.874        2620.897     561.874              86              86
   24        1561.921      29.374        1561.921      29.374              24              24
   30       -4189.932    -137.359       -4189.932    -137.359              30              30
  253        -102.230     866.078        -102.230     866.078             253             253
   60         365.717   -1574.269         365.717   -1574.269              60              60
   37       -1834.405    -825.538       -1834.405    -825.538              37              37
   67        1003.237    2086.550        1003.237    2086.550              67              67
  160         815.395     376.995         815.395     376.995             160             160
  213        -232.225   -1174.973        -232.225   -1174.973             213             213
   59         752.307     946.001         752.307     946.001              59              59
    0       -3355.350    -365.881       -3355.350    -365.881              -0              -0
  110        1433.239   -1582.856        1433.239   -1582.856             110             110
   60        -297.001     611.574        -297.001     611.574              60              60
  152        2151.529     877.854        2151.529     877.854             152             152
  119        -657.623     734.551        -657.623     734.551             119             119
  184        -507.285    -835.172        -507.285    -835.172             184             184
   49         778.597   -1202.314         778.597   -1202.314              49              49
   60        -652.185     718.594        -652.185     718.594              60              60
   71        1044.000       0.141        1044.000       0.141              71              71
  127        -651.976    -718.719        -651.976    -718.719             127             127
  167         778.175    1202.643         778.175    1202.643             167             167
  238        -507.636     834.763        -507.636     834.763             238             238
  217        -657.182    -735.015        -657.182    -735.015             217             217
  177        2151.826    -877.152        2151.826    -877.152             177             177
  105        -297.006    -611.466        -297.006    -611.466             105             105
  217        1432.313    1583.397        1432.313    1583.397             217             217
  139       -3355.608     364.524       -3355.608     364.524             139             139
   15         752.848    -945.811         752.848    -945.811              15              15
   14        -232.557    1174.802        -232.557    1174.802              14              14
  115         815.532    -377.025         815.532    -377.025             115             115
   41        1003.626   -2086.140        1003.626   -2086.140              41              41
  101       -1834.876     825.196       -1834.876     825.196             101             101
  140         365.153    1574.248         365.153    1574.248             140             140
   72        -102.267    -866.325        -102.267    -866.325              72              72
   98       -4189.744     135.884       -4189.744     135.884              98              98
  200        1562.531     -29.002        1562.531     -29.002             200             200
  109        2620.887    -561.128        2620.887    -561.128             109             109
  166       -2126.701    -765.746       -2126.701    -765.746             166             166
  104          59.871    -799.790          59.871    -799.790             104             104
   67       -1128.806    1566.943       -1128.806    1566.943              67              67
  225        -699.556    -200.250        -699.556    -200.250             225             225
  105         514.102   -1707.026         514.102   -1707.026             105             105
  178         418.280    -851.259         418.280    -851.259             178             178
   30          16.932    1276.261          16.932    1276.261              30              30
    1        -463.643   -1041.639        -463.643   -1041.639               1               1
   41       -1461.514    2023.645       -1461.514    2023.645              41              41
  214           3.580    1327.264           3.580    1327.264             214             214
   51         838.668    -235.230         838.668    -235.230              51              51
  102         638.936    2694.715         638.936    2694.715             102             102
   30        -419.433     456.762        -419.433     456.762              30              30
  179       -1576.796    -222.104       -1576.796    -222.104             179             179
   14        -600.154   -2221.120        -600.154   -2221.120              14              14
   12        -160.793   -1172.601        -160.793   -1172.601              12              12
  141         985.803    -814.445         985.803    -814.445             141             141
  192        -547.271   -1582.388        -547.271   -1582.388             192             192
  118         871.641   -1218.432         871.641   -1218.432             118             118
  102        -223.019     617.503        -223.019     617.503             102             102
   75        -313.228    2070.638        -313.228    2070.638              75              75
  133         741.355    -356.057         741.355    -356.057             133             133
  117         938.573    1485.699         938.573    1485.699             117             117
  191        1044.477   -1540.919        1044.477   -1540.919             191             191
  175         735.752   -1969.243         735.752   -1969.243             175             175
  218        -251.948    -161.067        -251.948    -161.067             218             218
   75       -1835.159    1163.219       -1835.159    1163.219              75              75
  247        -204.782     261.097        -204.782     261.097             247             247
   61        -582.504    -198.567        -582.504    -198.567              61              61
   19         759.660    -349.263         759.660    -349.263              19              19
  101       -2782.192    -408.743       -2782.192    -408.743             101             101
  227       -2091.636   -2383.750       -2091.636   -2383.750             227             227
  124         254.845     436.432         254.845     436.432             124             124
  168        1670.828   -1875.287        1670.828   -1875.287             168             168
  197        -472.906   -1516.686        -472.906   -1516.686             197             197
  229        -569.986     867.480        -569.986     867.480             229             229
   90        -958.321     824.450        -958.321     824.450              90              90
  227        2882.384    1046.700        2882.384    1046.700             227             227
  231        1624.988   -1776.014        1624.988   -1776.014             231             231
  132         442.936   -2456.464         442.936   -2456.464             132             132
  186        1758.497    -510.890        1758.497    -510.890             186             186
   27         887.502    2836.098         887.502    2836.098              27              27
  235         909.238      99.822         909.238      99.822             235             235
  217       -2154.512     935.002       -2154.512     935.002             217             217
  206         280.280    -561.356         280.280    -561.356             206             206
  249        1981.563     605.407        1981.563     605.407             249             249
  229         924.556    -893.911         924.556    -893.911             229             229
   92         -27.075     638.260         -27.075     638.260              92              92
  185         243.145    1481.560         243.145    1481.560             185             185
   92         665.886     491.166         665.886     491.166              92              92
  194        -706.568    1350.699        -706.568    1350.699             194             194
    5         494.808    2088.365         494.808    2088.365               5               5
  225         261.914    1563.418         261.914    1563.418             225             225
   56         641.403    -535.144         641.403    -535.144              56              56
  196        1202.241      55.802        1202.241      55.802             196             196
  145        -207.508    -607.690        -207.508    -607.690             145             145
   19         525.063    1011.896         525.063    1011.896              19              19
   15         375.424   -1313.464         375.424   -1313.464              15              15
  136       -1227.627    1142.284       -1227.627    1142.284             136             136
   80         282.185    -527.216         282.185    -527.216              80              80
   35         -51.091   -2073.526         -51.091   -2073.526              35              35
  238       -2145.776     -87.475       -2145.776     -87.475             238             238
   52        -820.539     988.448        -820.539     988.448              52              52
  159        -529.888    -142.065        -529.888    -142.065             159             159
  150        -893.884     665.439        -893.884     665.439             150             150
  250         -57.873    -337.921         -57.873    -337.921             250             250
  133        1619.274    1699.139        1619.274    1699.139             133             133
  241        1228.631     889.148        1228.631     889.148             241             241
  221        2103.753     162.291        2103.753     162.291             221             221
  109        -716.819     855.420        -716.819     855.420             109             109
  118       -1535.513   -1367.088       -1535.513   -1367.088             118             118
  152         213.412    1377.091         213.412    1377.091             152             152
  136         461.051     496.403         461.051     496.403             136             136
   97          99.563    -802.918          99.563    -802.918              97              97
  113         169.331    1130.446         169.331    1130.446             113             113
   87        -397.517    1386.039        -397.517    1386.039              87              87
   90        -686.983    -721.879        -686.983    -721.879              90              90
   87       -1641.697     -72.024       -1641.697     -72.024              87              87
  179        -360.446   -2062.302        -360.446   -2062.302             179             179
   20        1182.651   -1078.433        1182.651   -1078.433              20              20
  179        1767.316    2009.184        1767.316    2009.184             179             179
  118       -1405.773    1046.143       -1405.773    1046.143             118             118
   25       -1327.114    -179.997       -1327.114    -179.997              25              25
  149        1639.141     897.734        1639.141     897.734             149             149
  174        -609.916    1492.267        -609.916    1492.267             174             174
  221        1284.062     796.832        1284.062     796.832             221             221
   38        1251.221    -894.353        1251.221    -894.353              38              38
  194       -1022.988    -218.106       -1022.988    -218.106             194             194
  236         959.542    -131.905         959.542    -131.905             236             236
  175         819.299     -25.099         819.299     -25.099             175             175
   19       -2286.483     -11.271       -2286.483     -11.271              19              19
   15         468.412     792.432         468.412     792.432              15              15
  157        -536.114    -968.564        -536.114    -968.564             157             157
   71        2739.693     925.017        2739.693     925.017              71              71
  175        -171.955    1443.361        -171.955    1443.361             175             175
   52        1049.625    1327.098        1049.625    1327.098              52              52
   65        -653.406    2692.400        -653.406    2692.400              65              65
   52        -362.623    1404.622        -362.623    1404.622              52              52
   38        -374.143    2080.965        -374.143    2080.965              38              38
   31        -429.191    1900.225        -429.191    1900.225              31              31
  161        1657.693    -431.784        1657.693    -431.784             161             161
  156       -1941.027    -833.424       -1941.027    -833.424             156             156
  184       -1727.752     383.123       -1727.752     383.123             184             184
   42        2166.302    1009.612        2166.302    1009.612              42              42
  253       -1022.216   -1068.593       -1022.216   -1068.593             253             253
   41          51.390    -622.721          51.390    -622.721              41              41
  129         876.832      63.763         876.832      63.763             129             129
   88         -26.636     -68.017         -26.636     -68.017              88              88
  128       -2093.310    -233.531       -2093.310    -233.531             128             128
   52         275.073     606.988         275.073     606.988              52              52
  108        -151.648     904.506        -151.648     904.506             108             108
   51         293.354    1072.870         293.354    1072.870              51              51
  170          86.159   -1512.550          86.159   -1512.550             170             170
  133        1291.021   -1605.548        1291.021   -1605.548             133             133
  200         574.325    -350.399         574.325    -350.399             200             200
   89        -814.851      65.630        -814.851      65.630              89              89
   99        3309.075   -1137.927        3309.075   -1137.927              99              99
  239        -202.605    -279.821        -202.605    -279.821             239             239
   27        1294.493    -122.514        1294.493    -122.514              27              27
   79       -1848.427    -714.316       -1848.427    -714.316              79              79
  158         652.965     878.497         652.965     878.497             158             158
   46        -668.586     603.778        -668.586     603.778              46              46
   95         630.979    -969.123         630.979    -969.123              95              95
   60        -229.031   -2323.009        -229.031   -2323.009              60              60
  118        -221.085     544.308        -221.085     544.308             118             118
   14        1786.812   -2037.100        1786.812   -2037.100              14              14
  112        -391.638    1096.149        -391.638    1096.149             112             112
  184        1415.252    -393.382        1415.252    -393.382             184             184
   67       -1308.298    -457.286       -1308.298    -457.286              67              67
  150       -1305.468   -1541.275       -1305.468   -1541.275             150             150
  216         -47.711     448.236         -47.711     448.236             216             216
  229        -200.730    1135.133        -200.730    1135.133             229             229
   51        -358.350    1307.365        -358.350    1307.365              51              51
  144       -1035.667   -1314.645       -1035.667   -1314.645             144             144
   15         166.041    -691.918         166.041    -691.918              15              15
   49        -428.997   -1354.941        -428.997   -1354.941              49              49
  185       -1080.612   -1108.138       -1080.612   -1108.138             185             185
  144         871.604    1472.350         871.604    1472.350             144             144
  137          25.382   -2235.395          25.382   -2235.395             137             137
   58       -1365.019    -502.801       -1365.019    -502.801              58              58
  196         927.711   -1073.185         927.711   -1073.185             196             196
  246       -1315.190    -477.881       -1315.190    -477.881             246             246
  109       -1664.784    1190.372       -1664.784    1190.372             109             109
  111       -1316.355    1047.486       -1316.355    1047.486             111             111
  124        -728.862    -887.900        -728.862    -887.900             124             124
   54        -222.411    1972.216        -222.411    1972.216              54              54
  200        -205.989    -179.810        -205.989    -179.810             200             200
  223        1135.876    2173.921        1135.876    2173.921             223             223
   37        -746.028    1453.068        -746.028    1453.068              37              37
  228        -612.138     542.785        -612.138     542.785             228             228
   46        -381.749   -1178.769        -381.749   -1178.769              46              46
  196        -576.031     847.656        -576.031     847.656             196             196
   18        -320.176     -28.169        -320.176     -28.169              18              18
  142        -228.013    1058.184        -228.013    1058.184             142             142
    0        1621.339     148.793        1621.339     148.793               0               0
  137         852.106    -142.294         852.106    -142.294             137             137
  156         247.036     379.440         247.036     379.440             156             156
  112        -455.827     288.246        -455.827     288.246             112             112
   65        2026.580    -890.065        2026.580    -890.065              65              65
  224        -897.865   -2287.700        -897.865   -2287.700             224             224
    7        -500.277   -1676.114        -500.277   -1676.114               7               7
   25       -2395.899   -1499.557       -2395.899   -1499.557              25              25
  197        -375.024    -228.222        -375.024    -228.222             197             197
   59        -865.129    2214.249        -865.129    2214.249              59              59
  170         -58.217   -1420.284         -58.217   -1420.284             170             170
  212        1296.817     373.352        1296.817     373.352             212             212
  108         523.166     496.771         523.166     496.771             108             108
   99        -183.154    1191.489        -183.154    1191.489              99              99
  100        1360.988    1727.663        1360.988    1727.663             100             100
  246        -536.412    -853.059        -536.412    -853.059             246             246
  157        -636.647    2619.976        -636.647    2619.976             157             157
   41          90.523   -1227.702          90.523   -1227.702              41              41
  236       -1731.102   -1374.975       -1731.102   -1374.975             236             236
   11          48.742     -83.034          48.742     -83.034              11              11
  153         180.770   -1055.619         180.770   -1055.619             153             153
  105        -693.930     821.859        -693.930     821.859             105             105
   65        2366.587     259.046        2366.587     259.046              65              65
   97       -1145.385     601.324       -1145.385     601.324              97              97
   72         538.202   -1244.604         538.202   -1244.604              72              72
  103         341.115    -169.555         341.115    -169.555             103             103
   70         673.723     676.422         673.723     676.422              70              70
  119       -1904.254    1481.023       -1904.254    1481.023             119             119
   43         440.489    2123.385         440.489    2123.385              43              43
   89        -420.543   -1409.354        -420.543   -1409.354              89              89
    5        1654.053     403.898        1654.053     403.898               5               5
   43       -1289.487    -578.432       -1289.487    -578.432              43              43
  226          -6.895     616.609          -6.895     616.609             226             226
  162         289.536    1186.021         289.536    1186.021             162             162
  156       -1068.106    -611.993       -1068.106    -611.993             156             156
   36         -61.242    -709.015         -61.242    -709.015              36              36
  130        -733.855     632.444        -733.855     632.444             130             130
  164         153.800     -95.655         153.800     -95.655             164             164
   61        -127.832     138.498        -127.832     138.498              61              61
   71       -1240.151    1201.271       -1240.151    1201.271              71              71
  223        1388.594     -10.534        1388.594     -10.534             223             223
  231        1225.201    1402.175        1225.201    1402.175             231             231
   28        1315.427     121.890        1315.427     121.890              28              28
   76       -1307.725     754.478       -1307.725     754.478              76              76
   75         558.631    -586.434         558.631    -586.434              75              75
  128        1639.682     807.609        1639.682     807.609             128             128
   66        -170.055     112.009        -170.055     112.009              66              66
  233        -569.173    1611.367        -569.173    1611.367             233             233
  170        -445.708   -1045.445        -445.708   -1045.445             170             170
   47        -216.250    1382.815        -216.250    1382.815              47              47
  244        1532.356     567.027        1532.356     567.027             244             244
   67        -950.669    2571.459        -950.669    2571.459              67              67
  152        1893.912    -669.862        1893.912    -669.862             152             152
   54        1104.734    -384.638        1104.734    -384.638              54              54
  165        -584.576     846.635        -584.576     846.635             165             165
  225        1083.383    -657.091        1083.383    -657.091             225             225
  157        -976.608   -1473.301        -976.608   -1473.301             157             157
  235        -673.371    1380.289        -673.371    1380.289             235             235
   88       -1581.102   -2269.666       -1581.102   -2269.666              88              88
  200        1838.400   -1842.764        1838.400   -1842.764             200             200
   68        -737.956     118.999        -737.956     118.999              68              68
   94          81.749   -1510.696          81.749   -1510.696              94              94
  243         670.103    -138.278         670.103    -138.278             243             243
   38        -121.268    1464.479        -121.268    1464.479              38              38
    1         -50.633     559.758         -50.633     559.758               1               1
  144        1546.456   -1056.819        1546.456   -1056.819             144             144
   74        -835.133   -2049.642        -835.133   -2049.642              74              74
  131         544.005    -912.183         544.005    -912.183             131             131
   52         -47.194     713.123         -47.194     713.123              52              52
  136         -36.830    1806.896         -36.830    1806.896             136             136
  203         971.392    -662.960         971.392    -662.960             203             203
   20         361.328    2197.574         361.328    2197.574              20              20
  112          11.453   -1250.992          11.453   -1250.992             112             112
  231        -206.352     747.054        -206.352     747.054             231             231
   96       -1231.742     911.178       -1231.742     911.178              96              96
  188        -280.765    -483.124        -280.765    -483.124             188             188
  104       -1006.622    1403.242       -1006.622    1403.242             104             104
  163        1446.608    -948.315        1446.608    -948.315             163             163
  165        1645.914    1227.361        1645.914    1227.361             165             165
   18          51.004     590.262          51.004     590.262              18              18
  210        2052.244   -1667.024        2052.244   -1667.024             210             210
  153         181.662    1587.537         181.662    1587.537             153             153
   86         678.293    -368.299         678.293    -368.299              86              86
