SINAL     NFT                         FFT                         NFT INVERSA     FFT INVERSA
-----     -----------------------     -----------------------     -----------     -----------
  101       66559.000       0.000       66559.000       0.000             101             101
  208       -1353.696     143.662       -1353.696     143.662             208             208
  107        1074.961   -2329.719        1074.961   -2329.719             107             107
  206        1909.224    1783.424        1909.224    1783.424             206             206
   47        -649.638   -2619.382        -649.638   -2619.382              47              47
  197       -1421.301   -1683.118       -1421.301   -1683.118             197             197
    1         -35.935    -563.372         -35.935    -563.372               1               1
  162        -527.037   -1561.773        -527.037   -1561.773             162             162
   85        1275.476   -1816.320        1275.476   -1816.320              85              85
   87        -374.819    1892.487        -374.819    1892.487              87              87
  201        -408.203     454.021        -408.203     454.021             201             201
   92         786.323    -241.207         786.323    -241.207              92              92
  180         253.460    -327.789         253.460    -327.789             180             180
  255         618.558     275.197         618.558     275.197             255             255
   80         196.366    1365.695         196.366    1365.695              80              80
  177       -2939.372    -972.316       -2939.372    -972.316             177             177
  206         319.979    1728.204         319.979    1728.204             206             206
  137        1079.890     466.443        1079.890     466.443             137             137
   78        1440.495   -1896.158        1440.495   -1896.158              78              78
  165        1233.767    1031.304        1233.767    1031.304             165             165
  161        -860.276   -1352.092        -860.276   -1352.092             161             161
  241        -858.361    1415.878        -858.361    1415.878             241             241
   38       -1790.355     376.550       -1790.355     376.550              38              38
   76         318.115    -298.907         318.115    -298.907              76              76
  211          79.174     895.197          79.174     895.197             211             211
  209        1884.026    -516.714        1884.026    -516.714             209             209
  142        -877.315    1285.744        -877.315    1285.744             142             142
  199        -921.742    -429.230        -921.742    -429.230             199             199
   82         -25.857     345.066         -25.857     345.066              82              82
  188        -158.378     602.844        -158.378     602.844             188             188
  117        1189.169   -1012.636        1189.169   -1012.636             117             117
  183         575.898     310.879         575.898     310.879             183             183
  141        1481.940      -7.484        1481.940      -7.484             141             141
  225         -99.087     246.345         -99.087     246.345             225             225
  134         487.154    -596.365         487.154    -596.365             134             134
  188        2077.218    -463.306        2077.218    -463.306             188             188
  166         431.368    -800.235         431.368    -800.235             166             166
  135        -443.745    1958.996        -443.745    1958.996             135             135
   95         353.192    3700.630         353.192    3700.630              95              95
  251        1138.076    -119.781        1138.076    -119.781             251             251
  222        -582.788    -134.738        -582.788    -134.738             222             222
   41        -240.882    -214.167        -240.882    -214.167              41              41
   88        -421.043    1433.874        -421.043    1433.874              88              88
  147        1720.311   -2745.683        1720.311   -2745.683             147             147
   40        1464.374     842.865        1464.374     842.865              40              40
  169        -737.023    -568.957        -737.023    -568.957             169             169
   69       -1025.104    1110.533       -1025.104    1110.533              69              69
  246         -44.485     -96.552         -44.485     -96.552             246             246
   50       -1166.066    1405.894       -1166.066    1405.894              50              50
  147        -582.494   -1094.386        -582.494   -1094.386             147             147
  156          87.087     198.229          87.087     198.229             156             156
  212        -821.776     379.237        -821.776     379.237             212             212
  133         764.485    -796.557         764.485    -796.557             133             133
  194       -1671.656    -954.361       -1671.656    -954.361             194             194
   33        1611.990    -400.230        1611.990    -400.230              33              33
   89       -2531.125     317.726       -2531.125     317.726              89              89
  148        -333.650    -303.860        -333.650    -303.860             148             148
  175       -1060.117     -41.843       -1060.117     -41.843             175             175
   32        1085.945    -296.375        1085.945    -296.375              32              32
  230          58.606   -1795.278          58.606   -1795.278             230             230
  108        -693.650    -558.365        -693.650    -558.365             108             108
  150        -705.574     -60.086        -705.574     -60.086             150             150
  158        1166.827     800.345        1166.827     800.345             158             158
  249        -403.372    -938.851        -403.372    -938.851             249             249
  119         470.221    1328.023         470.221    1328.023             119             119
   36       -1069.346   -2011.900       -1069.346   -2011.900              36              36
  182          -8.202    -991.338          -8.202    -991.338             182             182
   30        -222.040    -355.802        -222.040    -355.802              30              30
  171         629.755    -182.056         629.755    -182.056             171             171
   21         493.308    -624.318         493.308    -624.318              21              21
   26       -1561.029    1203.314       -1561.029    1203.314              26              26
  138         764.696    -188.561         764.696    -188.561             138             138
   62         990.609    -847.809         990.609    -847.809              62              62
  114       -1147.453    -407.082       -1147.453    -407.082             114             114
   30       -1244.626    2959.635       -1244.626    2959.635              30              30
  103         177.008    -583.232         177.008    -583.232             103             103
   28        -248.621    1079.394        -248.621    1079.394              28              28
   99        -928.513   -1278.029        -928.513   -1278.029              99              99
   93        2194.512   -1080.846        2194.512   -1080.846              93              93
   78          28.177     237.165          28.177     237.165              78              78
  246         818.832     382.139         818.832     382.139             246             246
  250        -369.638   -2068.253        -369.638   -2068.253             250             250
   35        1421.144    1314.946        1421.144    1314.946              35              35
  124        1237.493    -640.877        1237.493    -640.877             124             124
  189       -1625.668     366.894       -1625.668     366.894             189             189
   68       -2112.646    -662.229       -2112.646    -662.229              68              68
  213          37.779    -850.248          37.779    -850.248             213             213
   81        -734.121     901.838        -734.121     901.838              81              81
  243       -1662.124     495.353       -1662.124     495.353             243             243
  246        1797.968   -2396.395        1797.968   -2396.395             246             246
   55         -68.924      69.919         -68.924      69.919              55              55
   96        1150.669     701.966        1150.669     701.966              96              96
  140        -502.001   -1018.224        -502.001   -1018.224             140             140
  213        -205.778    -252.230        -205.778    -252.230             213             213
   89        1455.419   -1943.352        1455.419   -1943.352              89              89
    4         161.706    1817.752         161.706    1817.752               4               4
  250         415.431    1656.614         415.431    1656.614             250             250
   15        -581.247    1451.862        -581.247    1451.862              15              15
   35         129.686    1826.547         129.686    1826.547              35              35
  165        -602.008     -60.609        -602.008     -60.609             165             165
   36        -974.097     812.065        -974.097     812.065              36              36
   61         137.521    -815.782         137.521    -815.782              61              61
   48        -380.413   -1021.076        -380.413   -1021.076              48              48
   99        1510.717   -1022.900        1510.717   -1022.900              99              99
  176        -425.311    1264.661        -425.311    1264.661             176             176
   78       -1828.422       0.962       -1828.422       0.962              78              78
  202        2221.598   -1782.530        2221.598   -1782.530             202             202
  204        -335.496      25.502        -335.496      25.502             204             204
  177       -1493.241    -158.074       -1493.241    -158.074             177             177
   40         -32.451   -1074.834         -32.451   -1074.834              40              40
   26         665.438       3.230         665.438       3.230              26              26
  168        -532.468   -1679.339        -532.468   -1679.339             168             168
   34        -923.295     -94.139        -923.295     -94.139              34              34
   62       -1283.695    2032.766       -1283.695    2032.766              62              62
   36         287.375      76.945         287.375      76.945              36              36
  223        -799.626     601.901        -799.626     601.901             223             223
  130         889.548    -641.000         889.548    -641.000             130             130
  250       -1034.877    -148.004       -1034.877    -148.004             250             250
   48         693.863     386.178         693.863     386.178              48              48
  118        -621.662    2232.855        -621.662    2232.855             118             118
  240         951.535     739.455         951.535     739.455             240             240
  104       -1875.256     315.890       -1875.256     315.890             104             104
  214        1530.901     201.914        1530.901     201.914             214             214
  125       -1969.319   -1148.340       -1969.319   -1148.340             125             125
   62        -488.354   -1102.090        -488.354   -1102.090              62              62
   47        -353.935   -1536.468        -353.935   -1536.468              47              47
  129          62.380     239.814          62.380     239.814             129             129
   56         573.972    1102.613         573.972    1102.613              56              56
   63        2302.129   -1262.863        2302.129   -1262.863              63              63
  164        1351.823     162.249        1351.823     162.249             164             164
  222          70.137   -1956.156          70.137   -1956.156             222             222
  100         682.211     292.737         682.211     292.737             100             100
  226        -734.223    -588.149        -734.223    -588.149             226             226
   14         314.411     670.083         314.411     670.083              14              14
  199         587.807   -1928.859         587.807   -1928.859             199             199
  146        -332.350   -2459.390        -332.350   -2459.390             146             146
   92        -372.897    1261.037        -372.897    1261.037              92              92
  146       -1084.589    2745.562       -1084.589    2745.562             146             146
   94       -1530.720     837.983       -1530.720     837.983              94              94
   14        -215.714   -1440.159        -215.714   -1440.159              14              14
  186        -160.087    -399.644        -160.087    -399.644             186             186
  121        -938.475     723.520        -938.475     723.520             121             121
  182       -2032.290     243.725       -2032.290     243.725             182             182
  221        1031.532     235.681        1031.532     235.681             221             221
  183        -864.623     369.081        -864.623     369.081             183             183
  219         122.409    -424.459         122.409    -424.459             219             219
  188         327.022   -1503.532         327.022   -1503.532             188             188
   57       -1301.533   -1454.847       -1301.533   -1454.847              57              57
  213         641.410   -1357.610         641.410   -1357.610             213             213
  237        2454.654    -698.638        2454.654    -698.638             237             237
  176        -636.243    1629.730        -636.243    1629.730             176             176
  197        -751.507     554.772        -751.507     554.772             197             197
   85         499.419     385.525         499.419     385.525              85              85
  134       -1078.752    1067.241       -1078.752    1067.241             134             134
   66        2832.587     663.760        2832.587     663.760              66              66
  148        -469.399    -660.898        -469.399    -660.898             148             148
  182         546.989    -107.118         546.989    -107.118             182             182
  196        -990.564   -2760.449        -990.564   -2760.449             196             196
  204        2146.516     -69.453        2146.516     -69.453             204             204
  245         378.918     -90.073         378.918     -90.073             245             245
  104        -948.796    -249.891        -948.796    -249.891             104             104
  170         744.854    -363.724         744.854    -363.724             170             170
   89        -505.850     592.565        -505.850     592.565              89              89
   75        -381.972    -391.036        -381.972    -391.036              75              75
  185         515.538     435.218         515.538     435.218             185             185
   33        1557.792     126.432        1557.792     126.432              33              33
  221        1003.955     515.058        1003.955     515.058             221             221
   21        1419.703   -1179.036        1419.703   -1179.036              21              21
  180        -532.125     769.363        -532.125     769.363             180             180
   59       -1454.219    1028.625       -1454.219    1028.625              59              59
   35         -52.911    1471.022         -52.911    1471.022              35              35
  110        1237.741     934.676        1237.741     934.676             110             110
  181         463.314     360.493         463.314     360.493             181             181
  218       -1199.072   -1526.517       -1199.072   -1526.517             218             218
   76       -2881.092     473.951       -2881.092     473.951              76              76
  108        -380.823   -1778.756        -380.823   -1778.756             108             108
  181       -1716.543   -1356.961       -1716.543   -1356.961             181             181
    8       -1045.410    -909.005       -1045.410    -909.005               8               8
  166       -1770.871     541.191       -1770.871     541.191             166             166
  138        -187.872    -880.719        -187.872    -880.719             138             138
  246         274.692   -1835.516         274.692   -1835.516             246             246
   86        -468.072     642.346        -468.072     642.346              86              86
   79       -1004.401      77.790       -1004.401      77.790              79              79
   76        -161.485    -682.451        -161.485    -682.451              76              76
  220        1104.653    -633.304        1104.653    -633.304             220             220
  146        -617.868     440.281        -617.868     440.281             146             146
  224         442.525    1110.311         442.525    1110.311             224             224
  147        -789.347    -216.630        -789.347    -216.630             147             147
   86          10.690   -2752.245          10.690   -2752.245              86              86
  173        1875.559    2430.460        1875.559    2430.460             173             173
  136        -372.852    2543.024        -372.852    2543.024             136             136
  191         933.768    -176.496         933.768    -176.496             191             191
   87         191.597    1086.008         191.597    1086.008              87              87
  226        1174.586    -238.765        1174.586    -238.765             226             226
   10         693.324     930.074         693.324     930.074              10              10
   16        -222.612    -176.716        -222.612    -176.716              16              16
    4         988.694    1052.712         988.694    1052.712               4               4
  231        1645.150     447.984        1645.150     447.984             231             231
   38        1653.523   -1752.678        1653.523   -1752.678              38              38
  184       -2006.361    -225.762       -2006.361    -225.762             184             184
   35        -383.600    1763.538        -383.600    1763.538              35              35
   74        -502.175    2551.354        -502.175    2551.354              74              74
   39         -56.018   -1135.845         -56.018   -1135.845              39              39
  216         371.262     844.370         371.262     844.370             216             216
   36         322.275   -1607.806         322.275   -1607.806              36              36
  115       -1918.159    -299.417       -1918.159    -299.417             115             115
   69        -244.447    -541.240        -244.447    -541.240              69              69
  217         199.402     207.108         199.402     207.108             217             217
  124         249.939    -737.221         249.939    -737.221             124             124
  235        1596.293    -490.941        1596.293    -490.941             235             235
  100        1687.065   -1064.064        1687.065   -1064.064             100             100
  115       -1102.916    -640.438       -1102.916    -640.438             115             115
   66       -1200.726     451.074       -1200.726     451.074              66              66
  180        1364.486    -107.632        1364.486    -107.632             180             180
  191        -358.449    -887.520        -358.449    -887.520             191             191
   31         -29.083    -105.133         -29.083    -105.133              31              31
   70        -264.770    1800.842        -264.770    1800.842              70              70
  160       -1294.754    -567.945       -1294.754    -567.945             160             160
  178        1113.270   -1460.617        1113.270   -1460.617             178             178
  157         795.022   -3078.748         795.022   -3078.748             157             157
   77         225.062   -2044.497         225.062   -2044.497              77              77
   59        -963.610     250.428        -963.610     250.428              59              59
   93       -1017.016    -659.583       -1017.016    -659.583              93              93
  165          22.253   -1379.166          22.253   -1379.166             165             165
   30       -1576.766     509.927       -1576.766     509.927              30              30
  104        1109.035     -77.093        1109.035     -77.093             104             104
  182        -280.450   -1521.428        -280.450   -1521.428             182             182
   34         217.548     -19.789         217.548     -19.789              34              34
   79         495.373   -2129.532         495.373   -2129.532              79              79
  220        -711.296     -95.312        -711.296     -95.312             220             220
  219       -1783.679     -93.473       -1783.679     -93.473             219             219
  115        1075.345      90.173        1075.345      90.173             115             115
   39         617.502   -2626.698         617.502   -2626.698              39              39
    2         634.804    -521.521         634.804    -521.521               2               2
   76        -204.630   -1513.884        -204.630   -1513.884              76              76
   75         526.168   -1259.070         526.168   -1259.070              75              75
  118         -87.410     974.081         -87.410     974.081             118             118
  145       -1285.092    -764.393       -1285.092    -764.393             145             145
   37        -160.095    -726.653        -160.095    -726.653              37              37
  242          35.979     509.571          35.979     509.571             242             242
  125        2289.884     163.834        2289.884     163.834             125             125
  137        -102.073    1415.411        -102.073    1415.411             137             137
  101         -25.507   -1837.249         -25.507   -1837.249             101             101
  191       -2536.458      12.350       -2536.458      12.350             191             191
   62        1582.440    -227.537        1582.440    -227.537              62              62
   37        1805.861   -1357.247        1805.861   -1357.247              37              37
  223       -2679.064     503.469       -2679.064     503.469             223             223
  133         701.268     427.024         701.268     427.024             133             133
  197        -513.804    -194.523        -513.804    -194.523             197             197
  145         -56.092     417.351         -56.092     417.351             145             145
   34        2432.264   -1332.702        2432.264   -1332.702              34              34
   19          10.352    -304.458          10.352    -304.458              19              19
  205        1069.060     549.973        1069.060     549.973             205             205
  127         408.753   -2413.201         408.753   -2413.201             127             127
  184       -1733.836    1684.065       -1733.836    1684.065             184             184
  235       -2756.383     382.705       -2756.383     382.705             235             235
  231       -3263.000      -0.517       -3263.000      -0.517             231             231
  110       -2755.845    -383.545       -2755.845    -383.545             110             110
   13       -1732.560   -1684.206       -1732.560   -1684.206              13              13
   55         408.644    2413.668         408.644    2413.668              55              55
   75        1069.639    -549.540        1069.639    -549.540              75              75
  233          10.593     304.726          10.593     304.726             233             233
  171        2431.903    1333.586        2431.903    1333.586             171             171
  114         -56.157    -417.371         -56.157    -417.371             114             114
  235        -513.888     194.438        -513.888     194.438             235             235
  247         701.296    -426.668         701.296    -426.668             247             247
  190       -2678.709    -504.042       -2678.709    -504.042             190             190
   97        1805.764    1358.094        1805.764    1358.094              97              97
  137        1582.101     228.136        1582.101     228.136             137             137
  227       -2536.547     -13.010       -2536.547     -13.010             227             227
   84         -25.817    1837.198         -25.817    1837.198              84              84
    7        -101.269   -1415.517        -101.269   -1415.517               7               7
  109        2289.994    -162.862        2289.994    -162.862             109             109
  186          35.907    -509.253          35.907    -509.253             186             186
  199        -160.519     726.924        -160.519     726.924             199             199
  171       -1285.332     764.101       -1285.332     764.101             171             171
  223         -86.884    -973.801         -86.884    -973.801             223             223
  166         525.841    1259.696         525.841    1259.696             166             166
   48        -205.057    1514.021        -205.057    1514.021              48              48
  165         634.714     521.936         634.714     521.936             165             165
   56         616.588    2626.889         616.588    2626.889              56              56
   83        1075.086     -89.997        1075.086     -89.997              83              83
  184       -1783.912      92.921       -1783.912      92.921             184             184
    5        -711.164      95.294        -711.164      95.294               5               5
  211         494.784    2129.758         494.784    2129.758             211             211
  113         217.520      19.818         217.520      19.818             113             113
  241        -280.942    1521.281        -280.942    1521.281             241             241
  187        1108.854      77.311        1108.854      77.311             187             187
  223       -1576.734    -510.343       -1576.734    -510.343             223             223
  254          21.810    1379.313          21.810    1379.313             254             254
  243       -1017.217     659.224       -1017.217     659.224             243             243
   43        -963.285    -250.553        -963.285    -250.553              43              43
  231         224.685    2044.838         224.685    2044.838             231             231
  158         794.151    3078.831         794.151    3078.831             158             158
  157        1112.649    1460.454        1112.649    1460.454             157             157
  211       -1295.040     566.890       -1295.040     566.890             211             211
  150        -264.031   -1801.234        -264.031   -1801.234             150             150
   92         -29.001     105.157         -29.001     105.157              92              92
   53        -358.560     887.298        -358.560     887.298              53              53
   32        1364.456     107.890        1364.456     107.890              32              32
   63       -1200.628    -451.519       -1200.628    -451.519              63              63
  138       -1102.759     640.110       -1102.759     640.110             138             138
   39        1687.058    1064.523        1687.058    1064.523              39              39
  173        1596.063     491.285        1596.063     491.285             173             173
   68         249.486     737.061         249.486     737.061              68              68
  239         199.276    -207.246         199.276    -207.246             239             239
   89        -244.864     541.013        -244.864     541.013              89              89
   36       -1918.211     298.622       -1918.211     298.622              36              36
  149         321.974    1607.546         321.974    1607.546             149             149
  138         371.599    -844.656         371.599    -844.656             138             138
  202         -56.422    1135.327         -56.422    1135.327             202             202
  206        -501.299   -2551.958        -501.299   -2551.958             206             206
  221        -382.949   -1763.543        -382.949   -1763.543             221             221
  130       -2006.017     225.341       -2006.017     225.341             130             130
  211        1653.477    1753.099        1653.477    1753.099             211             211
  176        1645.434    -447.801        1645.434    -447.801             176             176
  243         988.962   -1052.528         988.962   -1052.528             243             243
  196        -222.677     176.524        -222.677     176.524             196             196
  108         693.737    -929.952         693.737    -929.952             108             108
  211        1174.458     239.036        1174.458     239.036             211             211
  195         191.871   -1086.070         191.871   -1086.070             195             195
   95         933.589     176.619         933.589     176.619              95              95
  254        -372.047   -2543.228        -372.047   -2543.228             254             254
  171        1876.222   -2429.250        1876.222   -2429.250             171             171
  253           9.385    2752.650           9.385    2752.650             253             253
  156        -789.598     216.219        -789.598     216.219             156             156
  127         442.768   -1110.138         442.768   -1110.138             127             127
  148        -617.812    -440.221        -617.812    -440.221             148             148
  248        1104.282     633.911        1104.282     633.911             248             248
  180        -162.070     682.460        -162.070     682.460             180             180
  180       -1004.596     -78.100       -1004.596     -78.100             180             180
   56        -467.931    -642.241        -467.931    -642.241              56              56
   62         273.911    1835.805         273.911    1835.805              62              62
  220        -188.518     880.539        -188.518     880.539             220             220
  230       -1770.934    -541.764       -1770.934    -541.764             230             230
  131       -1045.795     908.810       -1045.795     908.810             131             131
  203       -1716.955    1356.389       -1716.955    1356.389             203             203
   63        -381.405    1778.337        -381.405    1778.337              63              63
  167       -2880.744    -475.196       -2880.744    -475.196             167             167
   97       -1198.982    1525.799       -1198.982    1525.799              97              97
  201         463.987    -360.839         463.987    -360.839             201             201
  113        1238.272    -934.622        1238.272    -934.622             113             113
   47         -52.425   -1471.181         -52.425   -1471.181              47              47
  167       -1453.666   -1029.043       -1453.666   -1029.043             167             167
  244        -531.338    -769.310        -531.338    -769.310             244             244
    3        1419.746    1179.591        1419.746    1179.591               3               3
   88        1004.338    -514.791        1004.338    -514.791              88              88
  232        1557.842    -125.891        1557.842    -125.891             232             232
  200         515.511    -434.967         515.511    -434.967             200             200
  196        -382.200     390.962        -382.200     390.962             196             196
  188        -505.555    -592.654        -505.555    -592.654             188             188
  139         744.785     364.117         744.785     364.117             139             139
   35        -948.770     249.651        -948.770     249.651              35              35
  187         379.202      90.302         379.202      90.302             187             187
   55        2146.463      70.418        2146.463      70.418              55              55
   33        -991.590    2760.076        -991.590    2760.076              33              33
   87         547.032     106.974         547.032     106.974              87              87
  182        -469.430     660.424        -469.430     660.424             182             182
  182        2832.726    -663.138        2832.726    -663.138             182             182
   80       -1078.661   -1067.711       -1078.661   -1067.711              80              80
  107         499.461    -385.355         499.461    -385.355             107             107
  107        -751.383    -555.021        -751.383    -555.021             107             107
  137        -635.451   -1629.660        -635.451   -1629.660             137             137
  170        2454.455     699.911        2454.455     699.911             170             170
   71         640.551    1358.061         640.551    1358.061              71              71
  112       -1302.229    1454.431       -1302.229    1454.431             112             112
   46         326.469    1503.424         326.469    1503.424              46              46
   19         122.076     424.147         122.076     424.147              19              19
  175        -864.596    -369.635        -864.596    -369.635             175             175
  214        1031.374    -235.489        1031.374    -235.489             214             214
  116       -2032.444    -244.522       -2032.444    -244.522             116             116
  121        -938.139    -723.816        -938.139    -723.816             121             121
   71        -160.151     399.680        -160.151     399.680              71              71
  164        -216.266    1439.861        -216.266    1439.861             164             164
   32       -1530.422    -838.908       -1530.422    -838.908              32              32
   60       -1083.420   -2745.881       -1083.420   -2745.881              60              60
  167        -372.167   -1260.540        -372.167   -1260.540             167             167
  121        -332.843    2459.730        -332.843    2459.730             121             121
   37         587.424    1928.910         587.424    1928.910              37              37
  111         314.742    -670.125         314.742    -670.125             111             111
   61        -734.200     587.912        -734.200     587.912              61              61
  225         682.594    -292.416         682.594    -292.416             225             225
  251          69.759    1956.146          69.759    1956.146             251             251
   97        1352.149    -161.964        1352.149    -161.964              97              97
  156        2301.614    1263.412        2301.614    1263.412             156             156
   51         573.998   -1102.604         573.998   -1102.604              51              51
  130          62.153    -239.646          62.153    -239.646             130             130
  244        -354.699    1536.401        -354.699    1536.401             244             244
  234        -488.936    1101.726        -488.936    1101.726             234             234
   56       -1969.600    1147.287       -1969.600    1147.287              56              56
   69        1531.010    -201.860        1531.010    -201.860              69              69
   86       -1875.139    -316.905       -1875.139    -316.905              86              86
  164         951.907    -739.506         951.907    -739.506             164             164
  207        -620.897   -2233.130        -620.897   -2233.130             207             207
    0         693.973    -385.753         693.973    -385.753              -0              -0
  235       -1034.916     147.771       -1034.916     147.771             235             235
   63         889.331     641.225         889.331     641.225              63              63
   47        -799.504    -602.288        -799.504    -602.288              47              47
  255         287.318     -76.959         287.318     -76.959             255             255
  238       -1283.082   -2033.065       -1283.082   -2033.065             238             238
    5        -923.178      94.258        -923.178      94.258               5               5
  116        -532.772    1679.310        -532.772    1679.310             116             116
  104         665.586      -3.003         665.586      -3.003             104             104
   77         -32.863    1074.805         -32.863    1074.805              77              77
   24       -1493.167     157.471       -1493.167     157.471              24              24
  137        -335.084     -25.578        -335.084     -25.578             137             137
  137        2221.026    1783.142        2221.026    1783.142             137             137
  192       -1828.489      -1.927       -1828.489      -1.927             192             192
    2        -424.551   -1264.851        -424.551   -1264.851               2               2
  175        1510.497    1023.470        1510.497    1023.470             175             175
   48        -380.810    1020.760        -380.810    1020.760              48              48
   63         137.220     815.418         137.220     815.418              63              63
  144        -973.797    -812.781        -973.797    -812.781             144             144
   44        -601.819      60.031        -601.819      60.031              44              44
  160         130.492   -1826.813         130.492   -1826.813             160             160
   45        -580.530   -1452.107        -580.530   -1452.107              45              45
   95         416.255   -1656.339         416.255   -1656.339              95              95
   35         162.557   -1817.178         162.557   -1817.178              35              35
   34        1454.835    1944.252        1454.835    1944.252              34              34
   73        -205.929     252.248        -205.929     252.248              73              73
   92        -502.193    1018.033        -502.193    1018.033              92              92
  103        1151.003    -701.585        1151.003    -701.585             103             103
  159         -68.882     -69.690         -68.882     -69.690             159             159
    0        1796.947    2396.949        1796.947    2396.949              -0              -0
   54       -1662.233    -496.194       -1662.233    -496.194              54              54
  160        -733.771    -902.038        -733.771    -902.038             160             160
  236          37.444     850.361          37.444     850.361             236             236
  117       -2112.794     661.416       -2112.794     661.416             117             117
  207       -1624.993    -367.511       -1624.993    -367.511             207             207
  236        1237.833     641.204        1237.833     641.204             236             236
  100        1421.730   -1314.380        1421.730   -1314.380             100             100
  212        -370.225    2068.163        -370.225    2068.163             212             212
   96         819.116    -382.057         819.116    -382.057              96              96
  205          28.415    -237.118          28.415    -237.118             205             205
   33        2194.056    1081.581        2194.056    1081.581              33              33
  121        -929.176    1277.397        -929.176    1277.397             121             121
   86        -248.264   -1079.771        -248.264   -1079.771              86              86
  171         176.733     582.999         176.733     582.999             171             171
   58       -1243.652   -2960.074       -1243.652   -2960.074              58              58
   89       -1147.285     407.026       -1147.285     407.026              89              89
   90         990.603     848.193         990.603     848.193              90              90
  106         764.572     188.694         764.572     188.694             106             106
  152       -1560.546   -1203.767       -1560.546   -1203.767             152             152
  235         493.362     624.665         493.362     624.665             235             235
  151         629.749     182.358         629.749     182.358             151             151
   57        -222.160     355.860        -222.160     355.860              57              57
   24          -8.529     991.429          -8.529     991.429              24              24
  246       -1069.880    2011.285       -1069.880    2011.285             246             246
   93         470.856   -1328.087         470.856   -1328.087              93              93
   58        -403.516     938.640        -403.516     938.640              58              58
   64        1167.138    -800.036        1167.138    -800.036              64              64
  186        -705.659      59.964        -705.659      59.964             186             186
  162        -693.695     558.263        -693.695     558.263             162             162
  223          58.219    1795.198          58.219    1795.198             223             223
  186        1085.815     296.459        1085.815     296.459             186             186
  216       -1060.232      41.300       -1060.232      41.300             216             216
  128        -333.772     303.577        -333.772     303.577             128             128
  167       -2530.716    -318.674       -2530.716    -318.674             167             167
   78        1612.143     400.752        1612.143     400.752              78              78
   79       -1671.804     953.672       -1671.804     953.672              79              79
  147         764.470     796.499         764.470     796.499             147             147
  179        -821.490    -379.815        -821.490    -379.815             179             179
   36          87.350    -198.345          87.350    -198.345              36              36
  244        -582.720    1093.877        -582.720    1093.877             244             244
  128       -1165.292   -1406.577       -1165.292   -1406.577             128             128
   70         -44.166      96.395         -44.166      96.395              70              70
  109       -1024.341   -1110.934       -1024.341   -1110.934             109             109
  215        -736.556     568.688        -736.556     568.688             215             215
  242        1465.255    -842.316        1465.255    -842.316             242             242
  168        1719.566    2746.040        1719.566    2746.040             168             168
   48        -420.481   -1434.426        -420.481   -1434.426              48              48
   77        -240.697     213.907        -240.697     213.907              77              77
   19        -582.400     134.221        -582.400     134.221              19              19
  201        1138.440     119.598        1138.440     119.598             201             201
   56         354.659   -3700.769         354.659   -3700.769              56              56
  170        -442.725   -1958.733        -442.725   -1958.733             170             170
    3         431.635     800.754         431.635     800.754               3               3
   81        2077.368     464.100        2077.368     464.100              81              81
  161         487.044     596.478         487.044     596.478             161             161
   96         -98.735    -246.464         -98.735    -246.464              96              96
  139        1482.180       7.936        1482.180       7.936             139             139
  225         576.112    -310.670         576.112    -310.670             225             225
   26        1188.837    1012.930        1188.837    1012.930              26              26
   45        -158.222    -603.088        -158.222    -603.088              45              45
  193         -25.716    -345.120         -25.716    -345.120             193             193
  213        -921.736     428.780        -921.736     428.780             213             213
    6        -876.420   -1286.101        -876.420   -1286.101               6               6
   65        1884.178     517.327        1884.178     517.327              65              65
  124          79.528    -895.211          79.528    -895.211             124             124
   85         318.019     299.006         318.019     299.006              85              85
  145       -1790.064    -377.253       -1790.064    -377.253             145             145
   16        -857.403   -1416.017        -857.403   -1416.017              16              16
    9        -860.030    1351.901        -860.030    1351.901               9               9
  182        1234.808   -1030.834        1234.808   -1030.834             182             182
    4        1440.263    1896.593        1440.263    1896.593               4               4
  138        1080.215    -466.414        1080.215    -466.414             138             138
  253         320.542   -1728.081         320.542   -1728.081             253             253
  114       -2939.292     971.357       -2939.292     971.357             114             114
   97         197.646   -1365.657         197.646   -1365.657              97              97
  239         619.316    -274.798         619.316    -274.798             239             239
   27         253.975     328.000         253.975     328.000              27              27
  145         786.808     241.472         786.808     241.472             145             145
   60        -407.449    -454.176        -407.449    -454.176              60              60
   46        -373.321   -1892.228        -373.321   -1892.228              46              46
   91        1275.694    1817.232        1275.694    1817.232              91              91
  117        -526.728    1561.688        -526.728    1561.688             117             117
  217         -35.070     563.410         -35.070     563.410             217             217
   94       -1420.425    1682.668       -1420.425    1682.668              94              94
  198        -648.392    2618.729        -648.392    2618.729             198             198
  122        1912.357   -1783.086        1912.357   -1783.086             122             122
  191        1077.447    2329.879        1077.447    2329.879             191             191
   81       -1346.738    -144.597       -1346.738    -144.597              81              81
