SINAL     NFT                         FFT                         NFT INVERSA     FFT INVERSA
-----     -----------------------     -----------------------     -----------     -----------
  104       66428.000       0.000       66428.000       0.000             104             104
   23        1000.314    -212.296        1000.314    -212.296              23              23
   14         931.012   -2266.369         931.012   -2266.369              14              14
  159        -212.920    1843.149        -212.920    1843.149             159             159
   87       -1988.217    -152.938       -1988.217    -152.938              87              87
   92        2077.503    3698.667        2077.503    3698.667              92              92
   22       -2623.089    -675.293       -2623.089    -675.293              22              22
  123       -1473.269   -1974.106       -1473.269   -1974.106             123             123
   51        -783.880     228.085        -783.880     228.085              51              51
   10       -1136.801    -313.370       -1136.801    -313.370              10              10
  234       -1456.223    -335.419       -1456.223    -335.419             234             234
   72          -5.491    3430.414          -5.491    3430.414              72              72
   60       -1206.895   -1555.905       -1206.895   -1555.905              60              60
  219        -459.050    2539.241        -459.050    2539.241             219             219
   65         727.320    -108.443         727.320    -108.443              65              65
   80          67.235     478.660          67.235     478.660              80              80
  231        -293.438    2205.078        -293.438    2205.078             231             231
  222         910.934    -998.848         910.934    -998.848             222             222
  166       -2140.690   -1222.337       -2140.690   -1222.337             166             166
  167        -466.009    -462.470        -466.009    -462.470             167             167
   27         666.965     487.947         666.965     487.947              27              27
  150         908.230     615.454         908.230     615.454             150             150
   38         416.814    1306.458         416.814    1306.458              38              38
   55       -1200.883     798.158       -1200.883     798.158              55              55
  216        1685.877     718.369        1685.877     718.369             216             216
  221         614.839      73.550         614.839      73.550             221             221
  159         425.437    -312.816         425.437    -312.816             159             159
  166       -2303.140    2839.476       -2303.140    2839.476             166             166
  210       -1001.199     198.166       -1001.199     198.166             210             210
  201       -1150.610    1205.322       -1150.610    1205.322             201             201
  167         168.898    1010.465         168.898    1010.465             167             167
   59        -753.781    -256.190        -753.781    -256.190              59              59
  224         214.806    -296.124         214.806    -296.124             224             224
  181         154.234   -1922.013         154.234   -1922.013             181             181
  218         394.834     256.777         394.834     256.777             218             218
   56        1133.596    2540.847        1133.596    2540.847              56              56
   18         905.245     157.502         905.245     157.502              18              18
  240        1762.372    -228.822        1762.372    -228.822             240             240
  179        -605.045    -716.022        -605.045    -716.022             179             179
   70       -1021.793     529.291       -1021.793     529.291              70              70
  251         505.566     306.461         505.566     306.461             251             251
  158        -986.447   -2258.743        -986.447   -2258.743             158             158
  142         -72.822     665.391         -72.822     665.391             142             142
   55         -98.781    -791.052         -98.781    -791.052              55              55
  121         699.928     989.897         699.928     989.897             121             121
  208       -1508.817      86.537       -1508.817      86.537             208             208
  135       -1284.934   -1675.741       -1284.934   -1675.741             135             135
   97       -1040.029    -151.923       -1040.029    -151.923              97              97
  175        -485.507      65.205        -485.507      65.205             175             175
   46       -1584.256     172.755       -1584.256     172.755              46              46
    8        -504.779    -334.875        -504.779    -334.875               8               8
  202        1090.369    1224.172        1090.369    1224.172             202             202
  196        2236.339   -2150.671        2236.339   -2150.671             196             196
   47        -542.998     837.193        -542.998     837.193              47              47
    1        -552.660     836.785        -552.660     836.785               1               1
  157        -639.784     227.739        -639.784     227.739             157             157
   12         589.870    -610.921         589.870    -610.921              12              12
  160        1449.990    1071.644        1449.990    1071.644             160             160
   68         931.437    -256.971         931.437    -256.971              68              68
  223       -1152.330      68.120       -1152.330      68.120             223             223
  106        1276.285     720.479        1276.285     720.479             106             106
  235        -123.125    1291.026        -123.125    1291.026             235             235
   26         415.090   -1941.057         415.090   -1941.057              26              26
   74        1621.492   -1098.867        1621.492   -1098.867              74              74
  161         357.305     740.258         357.305     740.258             161             161
  245       -1343.764     320.961       -1343.764     320.961             245             245
  131        1527.434    -819.418        1527.434    -819.418             131             131
  180        -182.488     -64.431        -182.488     -64.431             180             180
  230       -1079.806     250.410       -1079.806     250.410             230             230
   54        2103.383   -1886.576        2103.383   -1886.576              54              54
  250         180.436    1118.719         180.436    1118.719             250             250
  225         788.962    1630.509         788.962    1630.509             225             225
  212       -2980.015    2237.827       -2980.015    2237.827             212             212
  137        -573.758     999.535        -573.758     999.535             137             137
   24       -2458.679     -83.143       -2458.679     -83.143              24              24
   78       -2766.693     749.602       -2766.693     749.602              78              78
   89        -683.972      -2.878        -683.972      -2.878              89              89
  160        1462.165    1727.492        1462.165    1727.492             160             160
  175        -848.787     299.945        -848.787     299.945             175             175
    8        1313.724    1593.930        1313.724    1593.930               8               8
  206         628.851   -1546.085         628.851   -1546.085             206             206
  184         220.831    -904.991         220.831    -904.991             184             184
  210       -1349.179    1017.273       -1349.179    1017.273             210             210
  147       -1987.602     155.077       -1987.602     155.077             147             147
  232         700.368     831.086         700.368     831.086             232             232
  212        -236.030    1633.000        -236.030    1633.000             212             212
   48        -905.742     343.594        -905.742     343.594              48              48
  244          96.739    1951.100          96.739    1951.100             244             244
  117        -764.124   -1481.584        -764.124   -1481.584             117             117
  116       -1118.613      97.986       -1118.613      97.986             116             116
  212        1517.977    -149.439        1517.977    -149.439             212             212
  223        -927.343   -1026.924        -927.343   -1026.924             223             223
   96         830.657    1200.129         830.657    1200.129              96              96
  238         -50.090    -804.900         -50.090    -804.900             238             238
   42         242.818    1097.795         242.818    1097.795              42              42
    2         319.398    -840.151         319.398    -840.151               2               2
  227        -806.878   -1633.819        -806.878   -1633.819             227             227
  173       -1720.958     527.889       -1720.958     527.889             173             173
  182         714.523    -262.835         714.523    -262.835             182             182
  201          15.823    1434.127          15.823    1434.127             201             201
  228         571.652    1073.992         571.652    1073.992             228             228
  177        -684.196    -214.223        -684.196    -214.223             177             177
  171        -693.365     228.733        -693.365     228.733             171             171
  184       -1112.904    -783.087       -1112.904    -783.087             184             184
   58       -1812.808    -476.655       -1812.808    -476.655              58              58
  195        -208.316     195.909        -208.316     195.909             195             195
    7        -433.863     -11.280        -433.863     -11.280               7               7
  147         322.797   -1395.617         322.797   -1395.617             147             147
  100        1073.308    1600.836        1073.308    1600.836             100             100
  183        -315.112   -1237.208        -315.112   -1237.208             183             183
  156        1763.016   -1462.716        1763.016   -1462.716             156             156
   51         556.871    -365.501         556.871    -365.501              51              51
  112         -68.313    1299.461         -68.313    1299.461             112             112
  110        1215.203   -2241.004        1215.203   -2241.004             110             110
  198         261.857     391.422         261.857     391.422             198             198
   88        -521.279     196.972        -521.279     196.972              88              88
   67       -1356.216    1257.311       -1356.216    1257.311              67              67
  247         603.791    1795.877         603.791    1795.877             247             247
   77        -439.932     524.034        -439.932     524.034              77              77
  184       -1728.672     139.167       -1728.672     139.167             184             184
  108         576.473     469.077         576.473     469.077             108             108
   33        2184.781     856.291        2184.781     856.291              33              33
  151         762.797     169.855         762.797     169.855             151             151
  204        -218.484     893.038        -218.484     893.038             204             204
   16       -1061.776     -41.518       -1061.776     -41.518              16              16
  193         164.121    -102.301         164.121    -102.301             193             193
  207         562.588    2342.529         562.588    2342.529             207             207
  244         371.692   -1688.640         371.692   -1688.640             244             244
  111       -1069.891   -1316.184       -1069.891   -1316.184             111             111
  133         745.061   -3788.432         745.061   -3788.432             133             133
  190        2068.088    2452.142        2068.088    2452.142             190             190
   83       -3159.374   -1975.659       -3159.374   -1975.659              83              83
   54       -2813.656    1123.553       -2813.656    1123.553              54              54
  105        -153.219   -1812.398        -153.219   -1812.398             105             105
   12        -831.269      64.379        -831.269      64.379              12              12
  113         -69.677    -362.948         -69.677    -362.948             113             113
   45         471.254     503.699         471.254     503.699              45              45
   19         745.282     350.857         745.282     350.857              19              19
    4        1619.695     482.566        1619.695     482.566               4               4
  145        1225.200     419.292        1225.200     419.292             145             145
  203         351.734      54.507         351.734      54.507             203             203
  161         266.515    -171.945         266.515    -171.945             161             161
  196        1621.271     387.525        1621.271     387.525             196             196
   59       -1616.228    1211.245       -1616.228    1211.245              59              59
   15       -1306.459    -824.424       -1306.459    -824.424              15              15
  139        2008.318     -79.242        2008.318     -79.242             139             139
  147          51.884    1450.574          51.884    1450.574             147             147
   83        1178.564    1848.412        1178.564    1848.412              83              83
  130       -1047.475    1089.569       -1047.475    1089.569             130             130
  224         937.676     457.053         937.676     457.053             224             224
   11         615.433     -89.376         615.433     -89.376              11              11
  238        1658.290    1396.414        1658.290    1396.414             238             238
    2       -1846.495   -2289.530       -1846.495   -2289.530               2               2
  163        -113.015   -1688.805        -113.015   -1688.805             163             163
  187        2916.290   -2255.019        2916.290   -2255.019             187             187
   18        -468.145    -638.774        -468.145    -638.774              18              18
  100       -1397.723    -630.537       -1397.723    -630.537             100             100
  139        1219.125    1781.689        1219.125    1781.689             139             139
    6         532.049     902.617         532.049     902.617               6               6
  212        1890.140    -812.973        1890.140    -812.973             212             212
   16        1420.296   -2467.928        1420.296   -2467.928              16              16
  196         969.112    -889.144         969.112    -889.144             196             196
   39          84.543     928.865          84.543     928.865              39              39
   71         540.285    -408.084         540.285    -408.084              71              71
   45        -485.191   -1009.667        -485.191   -1009.667              45              45
   51        2940.213    1584.438        2940.213    1584.438              51              51
  184         191.249     371.965         191.249     371.965             184             184
   90         816.646   -1525.792         816.646   -1525.792              90              90
   71       -1353.832      56.210       -1353.832      56.210              71              71
  189        1281.046    -905.654        1281.046    -905.654             189             189
  236        1015.110    1067.766        1015.110    1067.766             236             236
   18        -649.302   -2652.152        -649.302   -2652.152              18              18
   94        -924.467    -869.881        -924.467    -869.881              94              94
  177        -138.550    -855.626        -138.550    -855.626             177             177
   77       -1617.125    -522.302       -1617.125    -522.302              77              77
  110        1136.366    1456.677        1136.366    1456.677             110             110
   60        1603.534     122.463        1603.534     122.463              60              60
  225       -1260.850    -455.182       -1260.850    -455.182             225             225
  193        -327.952   -1684.064        -327.952   -1684.064             193             193
  191         745.677    1653.118         745.677    1653.118             191             191
  194        1208.044     899.874        1208.044     899.874             194             194
  205         935.219    1277.096         935.219    1277.096             205             205
  173        -107.808     399.671        -107.808     399.671             173             173
  196        -470.292    2759.462        -470.292    2759.462             196             196
  112       -2619.747    -206.486       -2619.747    -206.486             112             112
  105        -991.905    -887.620        -991.905    -887.620             105             105
  215       -1053.345     941.203       -1053.345     941.203             215             215
  213        2314.264    1458.273        2314.264    1458.273             213             213
  244        -489.467    1159.446        -489.467    1159.446             244             244
  221         845.163    3031.498         845.163    3031.498             221             221
  169        -239.371    1063.180        -239.371    1063.180             169             169
    5        -294.689     469.338        -294.689     469.338               5               5
  162         518.588     736.110         518.588     736.110             162             162
  208        1506.710     -10.602        1506.710     -10.602             208             208
   77        -395.183   -1884.308        -395.183   -1884.308              77              77
  207         452.108   -1823.935         452.108   -1823.935             207             207
    4        1350.319    2868.589        1350.319    2868.589               4               4
    5        2014.048    -954.203        2014.048    -954.203               5               5
   42        -620.823    -432.810        -620.823    -432.810              42              42
   76         174.131     841.034         174.131     841.034              76              76
  195        -469.181     663.604        -469.181     663.604             195             195
   23       -1326.031    -777.613       -1326.031    -777.613              23              23
   95       -1321.656     -14.031       -1321.656     -14.031              95              95
   33         987.413      89.738         987.413      89.738              33              33
  200        -760.889    1124.282        -760.889    1124.282             200             200
  173        2006.347   -1583.123        2006.347   -1583.123             173             173
  144        1920.690    -535.515        1920.690    -535.515             144             144
    4         174.184    -393.556         174.184    -393.556               4               4
  142        -212.615    -468.059        -212.615    -468.059             142             142
   81          -8.476    1219.638          -8.476    1219.638              81              81
  195        3592.425     603.630        3592.425     603.630             195             195
   80       -1817.527     -85.505       -1817.527     -85.505              80              80
   30        -180.902    1092.852        -180.902    1092.852              30              30
  113        -444.539     157.468        -444.539     157.468             113             113
   21        -800.792    -725.213        -800.792    -725.213              21              21
  143        -265.088     395.123        -265.088     395.123             143             143
  219        -554.438     871.636        -554.438     871.636             219             219
  236        1148.429     -64.209        1148.429     -64.209             236             236
  100       -1766.423    1739.248       -1766.423    1739.248             100             100
  208         438.025    -552.477         438.025    -552.477             208             208
  201           6.168   -1245.759           6.168   -1245.759             201             201
   13       -1143.990   -2727.571       -1143.990   -2727.571              13              13
  213        -599.222     711.524        -599.222     711.524             213             213
  108        -535.871    1523.604        -535.871    1523.604             108             108
  222        1128.196    -870.368        1128.196    -870.368             222             222
   35        -123.047    -509.122        -123.047    -509.122              35              35
   59         594.944   -1082.615         594.944   -1082.615              59              59
  227       -1497.149   -1634.822       -1497.149   -1634.822             227             227
   41        -815.749    1768.630        -815.749    1768.630              41              41
  102         957.746   -1876.257         957.746   -1876.257             102             102
   47       -2618.451    1721.743       -2618.451    1721.743              47              47
  236         822.345   -1460.286         822.345   -1460.286             236             236
  125       -2129.718    1229.779       -2129.718    1229.779             125             125
  142        -447.701    -234.383        -447.701    -234.383             142             142
   14          90.596     168.600          90.596     168.600              14              14
   69        1774.528   -1092.412        1774.528   -1092.412              69              69
   59        -574.834     988.000        -574.834     988.000              59              59
  158       -2066.973    -132.751       -2066.973    -132.751             158             158
   74          -1.694   -1741.858          -1.694   -1741.858              74              74
  202        -419.530     699.905        -419.530     699.905             202             202
  240       -1634.034     919.395       -1634.034     919.395             240             240
   14        1384.165     769.724        1384.165     769.724              14              14
   27         274.760    -780.265         274.760    -780.265              27              27
   15         629.162    -994.296         629.162    -994.296              15              15
  127        1787.554   -1277.242        1787.554   -1277.242             127             127
   48         114.445    -581.750         114.445    -581.750              48              48
  158       -1522.128    -417.185       -1522.128    -417.185             158             158
   91       -1218.321   -1363.306       -1218.321   -1363.306              91              91
   28        -195.177    1182.296        -195.177    1182.296              28              28
    2        -579.308   -2375.094        -579.308   -2375.094               2               2
   43        1581.106    1173.640        1581.106    1173.640              43              43
  230         534.901     196.842         534.901     196.842             230             230
   16        -213.564    -499.135        -213.564    -499.135              16              16
    1          88.924    1550.657          88.924    1550.657               1               1
   82         885.039     159.588         885.039     159.588              82              82
  238        -597.244   -1914.761        -597.244   -1914.761             238             238
   36       -1200.000      -0.029       -1200.000      -0.029              36              36
  142        -597.657    1914.580        -597.657    1914.580             142             142
  209         885.232    -159.559         885.232    -159.559             209             209
   77          89.430   -1550.596          89.430   -1550.596              77              77
  245        -213.659     499.218        -213.659     499.218             245             245
    1         535.077    -196.632         535.077    -196.632               1               1
   58        1581.325   -1172.804        1581.325   -1172.804              58              58
  115        -580.396    2375.042        -580.396    2375.042             115             115
  144        -194.982   -1182.319        -194.982   -1182.319             144             144
   72       -1218.889    1363.073       -1218.889    1363.073              72              72
  185       -1522.050     416.689       -1522.050     416.689             185             185
  203         114.658     581.847         114.658     581.847             203             203
  231        1787.266    1277.801        1787.266    1277.801             231             231
    3         628.696     994.296         628.696     994.296               3               3
  150         274.381     779.991         274.381     779.991             150             150
  216        1384.075    -769.588        1384.075    -769.588             216             216
   17       -1634.056    -920.018       -1634.056    -920.018              17              17
  177        -419.359    -699.863        -419.359    -699.863             177             177
  232          -2.462    1741.885          -2.462    1741.885             232             232
  145       -2067.028     131.806       -2067.028     131.806             145             145
  225        -574.167    -988.220        -574.167    -988.220             225             225
  134        1774.228    1092.990        1774.228    1092.990             134             134
  237          90.381    -168.721          90.381    -168.721             237             237
  254        -448.072     234.080        -448.072     234.080             254             254
  137       -2129.308   -1230.466       -2129.308   -1230.466             137             137
   24         821.841    1460.521         821.841    1460.521              24              24
  229       -2617.792   -1722.598       -2617.792   -1722.598             229             229
  154         957.316    1876.592         957.316    1876.592             154             154
   26        -815.189   -1768.859        -815.189   -1768.859              26              26
   56       -1497.451    1634.527       -1497.451    1634.527              56              56
  136         594.870    1082.695         594.870    1082.695             136             136
   62        -123.044     508.888        -123.044     508.888              62              62
  198        1127.912     870.415        1127.912     870.415             198             198
   90        -535.490   -1523.973        -535.490   -1523.973              90              90
  140        -599.008    -711.446        -599.008    -711.446             140             140
  188       -1144.762    2727.256       -1144.762    2727.256             188             188
   91           5.974    1245.350           5.974    1245.350              91              91
  199         437.859     552.049         437.859     552.049             199             199
   47       -1765.661   -1740.195       -1765.661   -1740.195              47              47
  235        1148.621      64.435        1148.621      64.435             235             235
   15        -554.120    -871.971        -554.120    -871.971              15              15
  232        -264.861    -395.210        -264.861    -395.210             232             232
  183        -800.873     724.832        -800.873     724.832             183             183
  247        -444.223    -157.890        -444.223    -157.890             247             247
  236        -180.287   -1093.038        -180.287   -1093.038             236             236
   77       -1816.938      84.832       -1816.938      84.832              77              77
  207        3593.038    -602.545        3593.038    -602.545             207             207
  254          -8.134   -1219.539          -8.134   -1219.539             254             254
  254        -212.609     468.167        -212.609     468.167             254             254
  183         174.391     393.665         174.391     393.665             183             183
  144        1920.724     536.167        1920.724     536.167             144             144
  224        2005.588    1583.527        2005.588    1583.527             224             224
   62        -760.744   -1124.828        -760.744   -1124.828              62              62
  125         987.241     -89.474         987.241     -89.474             125             125
  222       -1321.880      13.523       -1321.880      13.523             222             222
  200       -1326.169     776.961       -1326.169     776.961             200             200
  150        -468.659    -664.023        -468.659    -664.023             150             150
  196         174.687    -841.015         174.687    -841.015             196             196
   98        -620.555     432.600        -620.555     432.600              98              98
  176        2014.070     954.559        2014.070     954.559             176             176
  252        1351.255   -2868.133        1351.255   -2868.133             252             252
  235         451.383    1824.325         451.383    1824.325             235             235
  239        -395.745    1883.841        -395.745    1883.841             239             239
  195        1506.741      10.539        1506.741      10.539             195             195
   69         518.647    -736.401         518.647    -736.401              69              69
  124        -294.653    -469.869        -294.653    -469.869             124             124
  127        -238.975   -1063.754        -238.975   -1063.754             127             127
  160         846.160   -3031.399         846.160   -3031.399             160             160
   67        -489.050   -1159.510        -489.050   -1159.510              67              67
  175        2314.542   -1457.356        2314.542   -1457.356             175             175
  140       -1053.476    -941.265       -1053.476    -941.265             140             140
   83        -992.440     887.403        -992.440     887.403              83              83
  152       -2619.690     205.333       -2619.690     205.333             152             152
   67        -468.934   -2759.678        -468.934   -2759.678              67              67
   74        -107.253    -399.517        -107.253    -399.517              74              74
  133         935.980   -1276.628         935.980   -1276.628             133             133
  145        1208.446    -899.213        1208.446    -899.213             145             145
   26         746.130   -1652.348         746.130   -1652.348              26              26
  131        -328.626    1684.400        -328.626    1684.400             131             131
  143       -1260.789     454.834       -1260.789     454.834             143             143
  210        1603.790    -121.901        1603.790    -121.901             210             210
   20        1136.627   -1456.018        1136.627   -1456.018              20              20
  112       -1617.421     522.218       -1617.421     522.218             112             112
   17        -138.730     855.898        -138.730     855.898              17              17
  145        -924.593     869.838        -924.593     869.838             145             145
   79        -649.794    2651.828        -649.794    2651.828              79              79
  218        1015.836   -1067.589        1015.836   -1067.589             218             218
   40        1280.780     906.113        1280.780     906.113              40              40
   19       -1353.654     -56.655       -1353.654     -56.655              19              19
   60         816.499    1525.940         816.499    1525.940              60              60
  216         191.749    -372.188         191.749    -372.188             216             216
   15        2940.820   -1583.373        2940.820   -1583.373              15              15
   40        -485.636    1009.688        -485.636    1009.688              40              40
  200         540.250     408.214         540.250     408.214             200             200
  210          85.022    -928.704          85.022    -928.704             210             210
  109         969.041     889.774         969.041     889.774             109             109
   69        1419.589    2468.338        1419.589    2468.338              69              69
   82        1889.749     813.169        1889.749     813.169              82              82
   14         532.130    -902.785         532.130    -902.785              14              14
  136        1219.400   -1781.174        1219.400   -1781.174             136             136
    2       -1398.125     630.381       -1398.125     630.381               2               2
  154        -468.092     638.860        -468.092     638.860             154             154
  219        2915.499    2256.047        2915.499    2256.047             219             219
  154        -113.992    1688.517        -113.992    1688.517             154             154
  222       -1847.201    2288.277       -1847.201    2288.277             222             222
   38        1658.936   -1396.482        1658.936   -1396.482              38              38
   31         615.317      89.207         615.317      89.207              31              31
  111         937.625    -457.183         937.625    -457.183             111             111
   65       -1047.167   -1090.305       -1047.167   -1090.305              65              65
  163        1179.216   -1848.175        1179.216   -1848.175             163             163
  255          52.332   -1450.412          52.332   -1450.412             255             255
   19        2008.022      80.110        2008.022      80.110              19              19
  183       -1307.096     823.899       -1307.096     823.899             183             183
  111       -1615.645   -1211.893       -1615.645   -1211.893             111             111
   37        1621.594    -386.894        1621.594    -386.894              37              37
   73         266.421     172.069         266.421     172.069              73              73
  190         351.809     -54.442         351.809     -54.442             190             190
  255        1225.356    -418.923        1225.356    -418.923             255             255
  113        1619.637    -481.998        1619.637    -481.998             113             113
  210         745.012    -350.531         745.012    -350.531             210             210
   59         470.983    -503.376         470.983    -503.376              59              59
   74         -70.273     363.101         -70.273     363.101              74              74
  225        -831.635     -64.460        -831.635     -64.460             225             225
   99        -154.264    1812.334        -154.264    1812.334              99              99
   19       -2813.554   -1124.490       -2813.554   -1124.490              19              19
  180       -3159.563    1974.552       -3159.563    1974.552             180             180
  209        2069.374   -2451.257        2069.374   -2451.257             209             209
   88         743.700    3788.903         743.700    3788.903              88              88
    7       -1070.328    1315.447       -1070.328    1315.447               7               7
  224         371.269    1688.105         371.269    1688.105             224             224
  224         563.364   -2342.816         563.364   -2342.816             224             224
    9         163.959     102.233         163.959     102.233               9               9
  122       -1061.776      40.891       -1061.776      40.891             122             122
  188        -217.945    -893.333        -217.945    -893.333             188             188
  164         763.095    -169.770         763.095    -169.770             164             164
   89        2184.963    -855.708        2184.963    -855.708              89              89
  227         576.162    -468.950         576.162    -468.950             227             227
  196       -1728.869    -139.867       -1728.869    -139.867             196             196
  200        -439.686    -524.390        -439.686    -524.390             200             200
   36         604.315   -1795.723         604.315   -1795.723              36              36
  103       -1355.838   -1257.527       -1355.838   -1257.527             103             103
  199        -520.992    -196.850        -520.992    -196.850             199             199
   56         262.245    -390.974         262.245    -390.974              56              56
   31        1214.523    2241.474        1214.523    2241.474              31              31
   55         -67.878   -1299.518         -67.878   -1299.518              55              55
   93         556.847     365.939         556.847     365.939              93              93
  104        1762.385    1463.367        1762.385    1463.367             104             104
  246        -315.739    1236.820        -315.739    1236.820             246             246
   92        1073.648   -1600.569        1073.648   -1600.569              92              92
  218         321.954    1395.744         321.954    1395.744             218             218
  200        -434.218      10.951        -434.218      10.951             200             200
  152        -208.614    -196.049        -208.614    -196.049             152             152
   37       -1813.193     475.999       -1813.193     475.999              37              37
  169       -1113.132     782.507       -1113.132     782.507             169             169
  252        -693.187    -229.222        -693.187    -229.222             252             252
   56        -684.082     213.712        -684.082     213.712              56              56
   94         572.133   -1074.052         572.133   -1074.052              94              94
  206          16.299   -1434.069          16.299   -1434.069             206             206
  144         714.252     263.204         714.252     263.204             144             144
  102       -1720.899    -528.305       -1720.899    -528.305             102             102
  174        -807.220    1633.600        -807.220    1633.600             174             174
  113         319.304     839.953         319.304     839.953             113             113
  112         243.245   -1097.895         243.245   -1097.895             112             112
   41         -50.302     804.747         -50.302     804.747              41              41
   46         830.993   -1199.930         830.993   -1199.930              46              46
   20        -927.699    1026.587        -927.699    1026.587              20              20
  130        1517.810     149.733        1517.810     149.733             130             130
   18       -1118.831     -98.515       -1118.831     -98.515              18              18
  216        -764.620    1480.912        -764.620    1480.912             216             216
   75          97.364   -1951.491          97.364   -1951.491              75              75
   55        -905.644    -344.105        -905.644    -344.105              55              55
   64        -235.400   -1633.208        -235.400   -1633.208              64              64
   19         700.498    -830.781         700.498    -830.781              19              19
  111       -1987.658    -155.710       -1987.658    -155.710             111             111
   96       -1348.545   -1017.599       -1348.545   -1017.599              96              96
   74         220.881     905.195         220.881     905.195              74              74
  205         628.536    1545.974         628.536    1545.974             205             205
  201        1314.171   -1593.849        1314.171   -1593.849             201             201
   64        -848.785    -300.416        -848.785    -300.416              64              64
   42        1462.533   -1727.064        1462.533   -1727.064              42              42
  163        -684.496       2.673        -684.496       2.673             163             163
    8       -2766.683    -750.573       -2766.683    -750.573               8               8
  195       -2458.472      82.201       -2458.472      82.201             195             195
  201        -573.147    -999.957        -573.147    -999.957             201             201
  178       -2978.727   -2238.820       -2978.727   -2238.820             178             178
  191         790.224   -1629.924         790.224   -1629.924             191             191
    1         181.319   -1118.091         181.319   -1118.091               1               1
   17        2102.932    1887.615        2102.932    1887.615              17              17
  142       -1079.656    -250.714       -1079.656    -250.714             142             142
  146        -182.142      64.532        -182.142      64.532             146             146
  119        1527.304     819.967        1527.304     819.967             119             119
   60       -1343.497    -321.447       -1343.497    -321.447              60              60
    4         357.987    -739.950         357.987    -739.950               4               4
  232        1621.328    1099.623        1621.328    1099.623             232             232
  101         414.447    1940.957         414.447    1940.957             101             101
   51        -122.571   -1291.376        -122.571   -1291.376              51              51
  252        1276.542    -720.042        1276.542    -720.042             252             252
  232       -1152.215     -68.446       -1152.215     -68.446             232             232
   69         931.623     257.226         931.623     257.226              69              69
  213        1450.351   -1071.124        1450.351   -1071.124             213             213
   51         589.455     611.181         589.455     611.181              51              51
  124        -639.844    -228.033        -639.844    -228.033             124             124
   22        -552.317    -836.939        -552.317    -836.939              22              22
   70        -542.425    -837.081        -542.425    -837.081              70              70
  236        2235.733    2151.465        2235.733    2151.465             236             236
  118        1090.433   -1223.904        1090.433   -1223.904             118             118
  144        -505.301     334.791        -505.301     334.791             144             144
  185       -1584.352    -173.247       -1584.352    -173.247             185             185
   63        -485.496     -65.264        -485.496     -65.264              63              63
  209       -1040.090     151.743       -1040.090     151.743             209             209
  228       -1285.370    1675.262       -1285.370    1675.262             228             228
  227       -1508.404     -87.293       -1508.404     -87.293             227             227
  218         700.625    -989.665         700.625    -989.665             218             218
  167         -98.876     791.058         -98.876     791.058             167             167
  172         -72.463    -665.321         -72.463    -665.321             172             172
  141        -986.951    2258.343        -986.951    2258.343             141             141
  102         505.917    -306.621         505.917    -306.621             102             102
  173       -1021.359    -529.732       -1021.359    -529.732             173             173
  158        -604.730     715.707        -604.730     715.707             158             158
  245        1762.739     229.131        1762.739     229.131             245             245
   64         905.469    -157.581         905.469    -157.581              64              64
   22        1134.490   -2540.525        1134.490   -2540.525              22              22
   49         394.868    -256.311         394.868    -256.311              49              49
   69         153.554    1922.084         153.554    1922.084              69              69
  254         214.631     295.895         214.631     295.895             254             254
  151        -753.877     255.559        -753.877     255.559             151             151
  120         169.229   -1010.770         169.229   -1010.770             120             120
  251       -1150.214   -1205.872       -1150.214   -1205.872             251             251
  127       -1001.004    -198.717       -1001.004    -198.717             127             127
  190       -2301.717   -2840.217       -2301.717   -2840.217             190             190
  209         425.996     313.186         425.996     313.186             209             209
  178         615.351     -73.380         615.351     -73.380             178             178
   59        1686.284    -717.872        1686.284    -717.872              59              59
  231       -1200.445    -798.578       -1200.445    -798.578             231             231
  249         417.649   -1306.206         417.649   -1306.206             249             249
   39         908.676    -614.916         908.676    -614.916              39              39
   93         667.167    -487.434         667.167    -487.434              93              93
  138        -466.184     462.587        -466.184     462.587             138             138
  225       -2140.733    1221.653       -2140.733    1221.653             225             225
  157         911.090     998.804         911.090     998.804             157             157
   91        -292.367   -2205.390        -292.367   -2205.390              91              91
  197          67.799    -478.541          67.799    -478.541             197             197
  128         727.554     108.592         727.554     108.592             128             128
   54        -458.017   -2539.259        -458.017   -2539.259              54              54
  109       -1207.025    1555.552       -1207.025    1555.552             109             109
   44          -3.905   -3430.285          -3.905   -3430.285              44              44
  195       -1455.843     335.444       -1455.843     335.444             195             195
  212       -1136.169     313.260       -1136.169     313.260             212             212
  218        -782.969    -228.048        -782.969    -228.048             218             218
   98       -1472.939    1973.686       -1472.939    1973.686              98              98
  201       -2621.719     673.984       -2621.719     673.984             201             201
   27        2080.418   -3697.993        2080.418   -3697.993              27              27
  121       -1986.421     152.635       -1986.421     152.635             121             121
  251        -209.528   -1842.729        -209.528   -1842.729             251             251
   96         934.077    2267.089         934.077    2267.089              96              96
  120        1007.355     212.647        1007.355     212.647             120             120
