SINAL     NFT                         FFT                         NFT INVERSA     FFT INVERSA
-----     -----------------------     -----------------------     -----------     -----------
   77       66263.000       0.000       66263.000       0.000              77              77
  126         685.238   -1604.060         685.238   -1604.060             126             126
   79         -32.094   -3375.918         -32.094   -3375.918              79              79
   57        -464.456    -610.493        -464.456    -610.493              57              57
  114        -723.623     978.125        -723.623     978.125             114             114
   73         314.952    1794.781         314.952    1794.781              73              73
  181         972.514    -721.975         972.514    -721.975             181             181
  112         878.448    -832.611         878.448    -832.611             112             112
   39       -1726.741     683.976       -1726.741     683.976              39              39
  129        -843.811    -158.524        -843.811    -158.524             129             129
  105         817.672     292.095         817.672     292.095             105             105
  111        -669.795     160.812        -669.795     160.812             111             111
   78        -211.788     403.838        -211.788     403.838              78              78
  240        -365.605   -1010.029        -365.605   -1010.029             240             240
  112        -481.690    -634.791        -481.690    -634.791             112             112
   70        1188.269     720.245        1188.269     720.245              70              70
  107       -3239.119    2137.357       -3239.119    2137.357             107             107
  218         452.128     804.832         452.128     804.832             218             218
  171         -31.400    2001.865         -31.400    2001.865             171             171
  251         172.209    1327.687         172.209    1327.687             251             251
  222         314.297    1970.453         314.297    1970.453             222             222
  212        -227.745      73.011        -227.745      73.011             212             212
    8       -1080.086     981.715       -1080.086     981.715               8               8
  193         197.008    -927.249         197.008    -927.249             193             193
  255        -693.902     784.190        -693.902     784.190             255             255
   80       -2557.129    1127.599       -2557.129    1127.599              80              80
   70        1658.279    -542.160        1658.279    -542.160              70              70
  183        -166.797     148.471        -166.797     148.471             183             183
  246         567.535     610.643         567.535     610.643             246             246
  131         -46.991   -1841.372         -46.991   -1841.372             131             131
   52         139.981   -1637.312         139.981   -1637.312              52              52
   67        2037.390   -1748.322        2037.390   -1748.322              67              67
    1        -206.837    -835.579        -206.837    -835.579               1               1
  132       -1080.358     -64.734       -1080.358     -64.734             132             132
  125         508.764     389.278         508.764     389.278             125             125
  115         136.023     649.774         136.023     649.774             115             115
  206         804.525    1903.681         804.525    1903.681             206             206
   51        -818.256    -116.647        -818.256    -116.647              51              51
  228        1130.115    1701.475        1130.115    1701.475             228             228
  245       -1019.056     253.438       -1019.056     253.438             245             245
  181        -886.218    2619.022        -886.218    2619.022             181             181
   77       -1031.616    -867.231       -1031.616    -867.231              77              77
  101         348.776    -912.173         348.776    -912.173             101             101
    3        -201.238    -388.808        -201.238    -388.808               3               3
   62          95.088     206.673          95.088     206.673              62              62
  213        -166.066   -1133.741        -166.066   -1133.741             213             213
   74        -685.341     636.289        -685.341     636.289              74              74
  169       -1259.454   -1112.198       -1259.454   -1112.198             169             169
  176        -195.989     738.396        -195.989     738.396             176             176
  245       -1835.035      41.490       -1835.035      41.490             245             245
  164       -1531.372    1889.715       -1531.372    1889.715             164             164
  143         587.520     426.417         587.520     426.417             143             143
  202         580.266     814.829         580.266     814.829             202             202
  173        1449.475     848.227        1449.475     848.227             173             173
   80           2.366   -1318.061           2.366   -1318.061              80              80
  202        -105.471    -133.237        -105.471    -133.237             202             202
  253         275.461   -1777.756         275.461   -1777.756             253             253
  151        -391.789     402.653        -391.789     402.653             151             151
  129        -268.710   -1004.561        -268.710   -1004.561             129             129
  243        -801.724    -731.418        -801.724    -731.418             243             243
   26         135.524   -2021.835         135.524   -2021.835              26              26
  182       -1651.806    -420.777       -1651.806    -420.777             182             182
   55        1772.219   -1281.639        1772.219   -1281.639              55              55
   27         223.762    -464.598         223.762    -464.598              27              27
   59        1501.647    -128.603        1501.647    -128.603              59              59
  180        1066.626     240.948        1066.626     240.948             180             180
  143        -656.680     912.349        -656.680     912.349             143             143
    9         742.767    1194.017         742.767    1194.017               9               9
  232         347.762    -493.289         347.762    -493.289             232             232
  115       -1099.081    1186.006       -1099.081    1186.006             115             115
  255       -1295.712     887.366       -1295.712     887.366             255             255
  157         856.610     350.535         856.610     350.535             157             157
  192        1006.357     449.887        1006.357     449.887             192             192
  100        -176.915    2542.977        -176.915    2542.977             100             100
  160        -289.719    -227.817        -289.719    -227.817             160             160
  255        -825.987     876.704        -825.987     876.704             255             255
   58        -402.805     -30.093        -402.805     -30.093              58              58
  234        -392.141    -582.040        -392.141    -582.040             234             234
  168        2488.668    -695.367        2488.668    -695.367             168             168
  235         182.104    1815.274         182.104    1815.274             235             235
  224         206.015     221.701         206.015     221.701             224             224
   77         292.560   -1715.113         292.560   -1715.113              77              77
  122       -1210.131     749.100       -1210.131     749.100             122             122
  170         435.379     -29.923         435.379     -29.923             170             170
  250        -965.485     201.015        -965.485     201.015             250             250
  203       -1185.144   -1438.783       -1185.144   -1438.783             203             203
  117         554.676     811.966         554.676     811.966             117             117
  248        2128.783   -2354.002        2128.783   -2354.002             248             248
   99        1140.147     215.574        1140.147     215.574              99              99
  246         238.043     509.373         238.043     509.373             246             246
  236         526.742     810.049         526.742     810.049             236             236
  125         375.093     139.681         375.093     139.681             125             125
  173        2914.566   -1588.867        2914.566   -1588.867             173             173
   36         162.977     122.344         162.977     122.344              36              36
  153       -1622.525   -1482.955       -1622.525   -1482.955             153             153
  233        -527.340    1722.165        -527.340    1722.165             233             233
  217         260.469   -2264.308         260.469   -2264.308             217             217
   41        -504.182     570.878        -504.182     570.878              41              41
  242        -101.075    -764.315        -101.075    -764.315             242             242
  193        -963.291     513.588        -963.291     513.588             193             193
  156       -1245.910     742.349       -1245.910     742.349             156             156
  242        -969.151    2951.666        -969.151    2951.666             242             242
   94         839.296     808.092         839.296     808.092              94              94
   93        -265.512     663.936        -265.512     663.936              93              93
   87        -632.623   -1371.643        -632.623   -1371.643              87              87
  254         380.007      94.197         380.007      94.197             254             254
   92        -986.940    -141.053        -986.940    -141.053              92              92
  145         648.223   -1431.145         648.223   -1431.145             145             145
  233         412.352     295.100         412.352     295.100             233             233
    5        2002.618     690.543        2002.618     690.543               5               5
  124         465.603    -117.746         465.603    -117.746             124             124
  201         392.454   -1087.384         392.454   -1087.384             201             201
   83       -1269.638      25.486       -1269.638      25.486              83              83
  247       -1581.109    -630.693       -1581.109    -630.693             247             247
  116        1637.083    -658.358        1637.083    -658.358             116             116
   78       -2578.369   -1270.089       -2578.369   -1270.089              78              78
  194         644.778     -94.019         644.778     -94.019             194             194
  233         320.215    -739.027         320.215    -739.027             233             233
   70        1185.261   -1948.591        1185.261   -1948.591              70              70
   38         604.207     -58.872         604.207     -58.872              38              38
  224         869.788     -36.802         869.788     -36.802             224             224
   51       -1891.331    -342.537       -1891.331    -342.537              51              51
  163       -1355.772    1224.759       -1355.772    1224.759             163             163
  142        1110.960     217.535        1110.960     217.535             142             142
   87          49.746   -1883.551          49.746   -1883.551              87              87
   61         116.137    1450.168         116.137    1450.168              61              61
  119        1361.873   -1450.766        1361.873   -1450.766             119             119
   48        -138.602     979.340        -138.602     979.340              48              48
  102        3113.993    -300.758        3113.993    -300.758             102             102
  106        -350.739    -653.339        -350.739    -653.339             106             106
  241         220.355     183.836         220.355     183.836             241             241
    3        1103.733    -959.308        1103.733    -959.308               3               3
   92          94.834    -654.059          94.834    -654.059              92              92
   79          12.069     585.002          12.069     585.002              79              79
   97        -818.947     281.113        -818.947     281.113              97              97
  179         531.488     652.357         531.488     652.357             179             179
   78        -369.806   -1142.951        -369.806   -1142.951              78              78
  190       -1849.407    -339.836       -1849.407    -339.836             190             190
   69        1030.644    -186.490        1030.644    -186.490              69              69
   55       -1034.996    -624.708       -1034.996    -624.708              55              55
  195        -804.098    1355.635        -804.098    1355.635             195             195
  193         302.165     779.583         302.165     779.583             193             193
    1         648.893    1999.356         648.893    1999.356               1               1
   22       -3334.764      85.298       -3334.764      85.298              22              22
  185        -531.799    1217.627        -531.799    1217.627             185             185
  117         259.898    1348.641         259.898    1348.641             117             117
  100         301.484     900.241         301.484     900.241             100             100
  123         963.208     293.378         963.208     293.378             123             123
   95        -636.649     -14.753        -636.649     -14.753              95              95
  171        2328.192     528.736        2328.192     528.736             171             171
  161         -81.796    -185.486         -81.796    -185.486             161             161
   63         768.810   -1428.230         768.810   -1428.230              63              63
  222        -260.405   -1084.686        -260.405   -1084.686             222             222
   69        1417.361    1324.743        1417.361    1324.743              69              69
  206        -278.849   -1481.891        -278.849   -1481.891             206             206
   54        -675.362     988.141        -675.362     988.141              54              54
  131        2278.752     417.341        2278.752     417.341             131             131
   69         429.169     278.695         429.169     278.695              69              69
  102        2735.349   -1556.818        2735.349   -1556.818             102             102
  234        1119.754   -1078.722        1119.754   -1078.722             234             234
  175         187.809     662.951         187.809     662.951             175             175
   88       -1014.201    1163.056       -1014.201    1163.056              88              88
  237         507.252    -775.693         507.252    -775.693             237             237
   12       -1837.375      63.064       -1837.375      63.064              12              12
  168         231.837      76.809         231.837      76.809             168             168
   79         215.172    2761.563         215.172    2761.563              79              79
  192        -681.688      58.052        -681.688      58.052             192             192
  246        2349.657      42.990        2349.657      42.990             246             246
   13         137.815   -2334.926         137.815   -2334.926              13              13
    5       -1755.483     -94.307       -1755.483     -94.307               5               5
   46        1307.197    3938.787        1307.197    3938.787              46              46
  209         621.230     592.243         621.230     592.243             209             209
  199        1675.573    -397.480        1675.573    -397.480             199             199
   47           2.208     930.536           2.208     930.536              47              47
  231       -1300.252    -590.162       -1300.252    -590.162             231             231
  128         644.562    1087.566         644.562    1087.566             128             128
  165        -473.071    -149.684        -473.071    -149.684             165             165
   76       -1657.305      41.264       -1657.305      41.264              76              76
  252       -1875.919    -488.582       -1875.919    -488.582             252             252
    5        -243.845    -604.238        -243.845    -604.238               5               5
  248       -1618.090    -126.217       -1618.090    -126.217             248             248
  158        1384.141    1177.919        1384.141    1177.919             158             158
   68         244.538    1125.035         244.538    1125.035              68              68
  215       -1959.530     446.533       -1959.530     446.533             215             215
  228        1720.615    -360.573        1720.615    -360.573             228             228
   19         366.667     337.036         366.667     337.036              19              19
   13        -544.473     817.034        -544.473     817.034              13              13
  103        -938.274    -555.623        -938.274    -555.623             103             103
   88       -1438.686     807.389       -1438.686     807.389              88              88
  116       -1261.462    -275.948       -1261.462    -275.948             116             116
   81          71.492     113.316          71.492     113.316              81              81
    8       -2673.031   -1674.510       -2673.031   -1674.510               8               8
  204          80.213    1957.278          80.213    1957.278             204             204
   63        -748.392    -560.800        -748.392    -560.800              63              63
   21         711.464   -1283.786         711.464   -1283.786              21              21
  116         286.635    -446.070         286.635    -446.070             116             116
  143         785.177      35.988         785.177      35.988             143             143
  213        -919.323    1052.750        -919.323    1052.750             213             213
  107        -684.194    -591.149        -684.194    -591.149             107             107
  156         606.490    1744.057         606.490    1744.057             156             156
  219         -20.677   -1690.701         -20.677   -1690.701             219             219
  153        -706.929   -1764.494        -706.929   -1764.494             153             153
  109         421.051     452.606         421.051     452.606             109             109
  162        -977.494     221.250        -977.494     221.250             162             162
  201       -1237.272     103.825       -1237.272     103.825             201             201
   85         712.032     251.777         712.032     251.777              85              85
   34        -999.563    -621.331        -999.563    -621.331              34              34
  110       -2896.754   -1987.876       -2896.754   -1987.876             110             110
  162        -218.520    -205.602        -218.520    -205.602             162             162
   31         822.830    -236.853         822.830    -236.853              31              31
  115         321.102   -1359.648         321.102   -1359.648             115             115
  154         -63.538    1710.777         -63.538    1710.777             154             154
  189         372.370    3279.057         372.370    3279.057             189             189
  184         999.087    -908.389         999.087    -908.389             184             184
  113       -1633.964     265.559       -1633.964     265.559             113             113
  161       -2098.981    -351.791       -2098.981    -351.791             161             161
  203         886.827     157.748         886.827     157.748             203             203
  127         929.458    1918.382         929.458    1918.382             127             127
    9        1000.023    1454.472        1000.023    1454.472               9               9
   36        2179.024   -1785.255        2179.024   -1785.255              36              36
  243       -1822.265    -316.476       -1822.265    -316.476             243             243
   90         -68.794   -1201.361         -68.794   -1201.361              90              90
   45        -567.699    1528.069        -567.699    1528.069              45              45
  192       -3923.007    2517.571       -3923.007    2517.571             192             192
  154        -501.345    -388.706        -501.345    -388.706             154             154
   66        -368.682   -1049.995        -368.682   -1049.995              66              66
   53         623.019    1017.945         623.019    1017.945              53              53
   41        -400.284     497.196        -400.284     497.196              41              41
   23         426.766    -959.327         426.766    -959.327              23              23
  160          -3.124    -162.626          -3.124    -162.626             160             160
  198         -99.363     775.699         -99.363     775.699             198             198
  242       -2100.927    -371.597       -2100.927    -371.597             242             242
   58        -209.719     520.360        -209.719     520.360              58              58
   51        -242.408   -1099.612        -242.408   -1099.612              51              51
  149        2122.766   -1029.216        2122.766   -1029.216             149             149
    3         698.182    2177.693         698.182    2177.693               3               3
  137        -698.005    -571.933        -698.005    -571.933             137             137
  184       -1385.915    -561.839       -1385.915    -561.839             184             184
  114       -2838.652    1076.084       -2838.652    1076.084             114             114
   43        1399.446    -245.027        1399.446    -245.027              43              43
  215        1802.117    -227.131        1802.117    -227.131             215             215
  230        -315.369     -42.476        -315.369     -42.476             230             230
  197         339.206   -1479.168         339.206   -1479.168             197             197
  149         983.929   -1282.873         983.929   -1282.873             149             149
  159        3118.559   -1382.827        3118.559   -1382.827             159             159
   55         357.489    1006.940         357.489    1006.940              55              55
   54        -942.532      74.963        -942.532      74.963              54              54
  107         184.452    -427.878         184.452    -427.878             107             107
  182        1403.434     108.574        1403.434     108.574             182             182
   63       -1982.837    2238.999       -1982.837    2238.999              63              63
  144        -136.951   -1757.021        -136.951   -1757.021             144             144
  170       -1138.328     482.971       -1138.328     482.971             170             170
  154       -1069.732   -1545.714       -1069.732   -1545.714             154             154
  189        2309.102    -541.046        2309.102    -541.046             189             189
  107       -1918.431   -1285.628       -1918.431   -1285.628             107             107
   53        -723.186    -156.769        -723.186    -156.769              53              53
  255        2497.000       0.548        2497.000       0.548             255             255
  160        -723.567     156.817        -723.567     156.817             160             160
   95       -1918.708    1285.156       -1918.708    1285.156              95              95
   23        2308.945     541.868        2308.945     541.868              23              23
   65       -1070.528    1545.233       -1070.528    1545.233              65              65
   37       -1138.145    -483.484       -1138.145    -483.484              37              37
   10        -137.487    1756.692        -137.487    1756.692              10              10
  124       -1981.795   -2239.879       -1981.795   -2239.879             124             124
   89        1403.810    -107.940        1403.810    -107.940              89              89
  159         184.348     427.991         184.348     427.991             159             159
  128        -942.272     -75.301        -942.272     -75.301             128             128
  226         358.320   -1006.605         358.320   -1006.605             226             226
   87        3118.231    1384.139        3118.231    1384.139              87              87
  242         983.219    1283.213         983.219    1283.213             242             242
   13         338.459    1479.057         338.459    1479.057              13              13
   47        -315.447      42.077        -315.447      42.077              47              47
  217        1801.890     227.517        1801.890     227.517             217             217
  210        1398.707     245.222        1398.707     245.222             210             210
  196       -2838.764   -1077.155       -2838.764   -1077.155             196             196
  121       -1386.026     561.344       -1386.026     561.344             121             121
    9        -697.941     571.414        -697.941     571.414               9               9
  251         699.161   -2177.484         699.161   -2177.484             251             251
  228        2122.263    1030.110        2122.263    1030.110             228             228
  192        -243.180    1099.359        -243.180    1099.359             192             192
   59        -209.907    -520.632        -209.907    -520.632              59              59
  117       -2101.155     370.734       -2101.155     370.734             117             117
  107         -98.976    -775.842         -98.976    -775.842             107             107
  213          -3.142     162.635          -3.142     162.635             213             213
   50         426.365     959.283         426.365     959.283              50              50
  214        -400.219    -497.615        -400.219    -497.615             214             214
   11         623.180   -1017.773         623.180   -1017.773              11              11
   49        -369.363    1049.790        -369.363    1049.790              49              49
  119        -501.906     388.098        -501.906     388.098             119             119
  106       -3922.172   -2519.116       -3922.172   -2519.116             106             106
   72        -566.760   -1527.960        -566.760   -1527.960              72              72
  184         -68.971    1201.573         -68.971    1201.573             184             184
  143       -1821.914     315.871       -1821.914     315.871             143             143
   83        2178.854    1785.668        2178.854    1785.668              83              83
   53        1000.510   -1454.582        1000.510   -1454.582              53              53
  232         929.957   -1918.069         929.957   -1918.069             232             232
  242         886.472    -157.269         886.472    -157.269             242             242
  181       -2099.381     351.109       -2099.381     351.109             181             181
  202       -1633.637    -266.153       -1633.637    -266.153             202             202
   74         999.017     908.420         999.017     908.420              74              74
  168         373.436   -3279.060         373.436   -3279.060             168             168
  215         -63.008   -1710.265         -63.008   -1710.265             215             215
  121         320.598    1360.197         320.598    1360.197             121             121
  129         822.502     237.305         822.502     237.305             129             129
  170        -219.064     205.789        -219.064     205.789             170             170
   62       -2897.573    1986.967       -2897.573    1986.967              62              62
  251        -999.501     620.773        -999.501     620.773             251             251
  180         712.180    -251.700         712.180    -251.700             180             180
   57       -1237.273    -104.298       -1237.273    -104.298              57              57
  224        -977.218    -221.576        -977.218    -221.576             224             224
  117         421.347    -452.280         421.347    -452.280             117             117
  116        -707.430    1764.356        -707.430    1764.356             116             116
   85         -21.076    1690.311         -21.076    1690.311              85              85
  224         607.076   -1744.129         607.076   -1744.129             224             224
   74        -684.445     590.838        -684.445     590.838              74              74
  135        -918.797   -1053.125        -918.797   -1053.125             135             135
  182         785.347     -35.609         785.347     -35.609             182             182
   85         286.470     446.258         286.470     446.258              85              85
  185         710.857    1283.922         710.857    1283.922             185             185
   45        -748.796     560.189        -748.796     560.189              45              45
  191          80.598   -1957.307          80.598   -1957.307             191             191
    2       -2673.651    1673.632       -2673.651    1673.632               2               2
  230          71.640    -113.527          71.640    -113.527             230             230
   79       -1261.558     275.295       -1261.558     275.295              79              79
   85       -1438.234    -808.024       -1438.234    -808.024              85              85
   27        -938.136     555.149        -938.136     555.149              27              27
   55        -543.801    -817.407        -543.801    -817.407              55              55
   71         367.155    -336.964         367.155    -336.964              71              71
  208        1720.471     361.005        1720.471     361.005             208             208
    2       -1959.382    -447.430       -1959.382    -447.430               2               2
  146         245.199   -1125.076         245.199   -1125.076             146             146
  121        1384.445   -1177.340        1384.445   -1177.340             121             121
  217       -1618.274     125.868       -1618.274     125.868             217             217
   12        -244.057     604.202        -244.057     604.202              12              12
  250       -1876.026     487.841       -1876.026     487.841             250             250
  132       -1656.910     -41.980       -1656.910     -41.980             132             132
   74        -472.604     149.315        -472.604     149.315              74              74
  245         645.246   -1087.454         645.246   -1087.454             245             245
   56       -1300.098     589.620       -1300.098     589.620              56              56
  132           3.114    -930.680           3.114    -930.680             132             132
  213        1675.824     397.871        1675.824     397.871             213             213
  174         621.585    -592.427         621.585    -592.427             174             174
  249        1308.463   -3938.218        1308.463   -3938.218             249             249
   43       -1755.425      94.335       -1755.425      94.335              43              43
  142         137.496    2335.078         137.496    2335.078             142             142
   68        2349.771     -42.465        2349.771     -42.465              68              68
  178        -681.749     -58.592        -681.749     -58.592             178             178
   68         216.176   -2761.490         216.176   -2761.490              68              68
  153         231.816     -76.425         231.816     -76.425             153             153
  107       -1837.180     -63.481       -1837.180     -63.481             107             107
  114         507.310     775.871         507.310     775.871             114             114
   89       -1013.463   -1163.384       -1013.463   -1163.384              89              89
  110         188.592    -662.579         188.592    -662.579             110             110
   89        1119.931    1079.374        1119.931    1079.374              89              89
  168        2735.007    1557.645        2735.007    1557.645             168             168
  195         429.273    -278.773         429.273    -278.773             195             195
  117        2278.749    -416.671        2278.749    -416.671             117             117
  224        -675.250    -988.230        -675.250    -988.230             224             224
   10        -279.224    1481.821        -279.224    1481.821              10              10
   70        1417.837   -1324.244        1417.837   -1324.244              70              70
  226        -260.794    1084.773        -260.794    1084.773             226             226
  157         768.369    1428.327         768.369    1428.327             157             157
  191         -81.758     185.121         -81.758     185.121             191             191
  188        2328.263    -528.200        2328.263    -528.200             188             188
  169        -636.876      14.335        -636.876      14.335             169             169
  185         963.186    -293.333         963.186    -293.333             185             185
   64         301.523    -900.395         301.523    -900.395              64              64
  243         260.010   -1348.673         260.010   -1348.673             243             243
  175        -531.826   -1217.750        -531.826   -1217.750             175             175
  121       -3334.693     -86.434       -3334.693     -86.434             121             121
  120         649.876   -1999.089         649.876   -1999.089             120             120
  133         302.405    -779.233         302.405    -779.233             133             133
   39        -803.683   -1355.512        -803.683   -1355.512              39              39
  113       -1035.021     624.765       -1035.021     624.765             113             113
  176        1030.622     187.072        1030.622     187.072             176             176
  182       -1849.473     339.433       -1849.473     339.433             182             182
  181        -369.853    1142.841        -369.853    1142.841             181             181
   99         531.901    -652.221         531.901    -652.221              99              99
  251        -818.658    -281.279        -818.658    -281.279             251             251
   79          12.589    -584.761          12.589    -584.761              79              79
  207          94.960     654.356          94.960     654.356             207             207
  109        1103.649     959.735        1103.649     959.735             109             109
  169         220.549    -183.728         220.549    -183.728             169             169
   61        -350.581     653.272        -350.581     653.272              61              61
  199        3114.020     301.726        3114.020     301.726             199             199
   81        -138.398    -979.281        -138.398    -979.281              81              81
    0        1361.307    1451.261        1361.307    1451.261              -0              -0
   60         116.438   -1450.035         116.438   -1450.035              60              60
   50          49.040    1883.661          49.040    1883.661              50              50
   11        1110.787    -217.350        1110.787    -217.350              11              11
  130       -1355.630   -1225.123       -1355.630   -1225.123             130             130
   20       -1891.225     342.133       -1891.225     342.133              20              20
  168         870.116      37.279         870.116      37.279             168             168
   66         604.327      59.380         604.327      59.380              66              66
  209        1184.581    1949.140        1184.581    1949.140             209             209
   81         319.808     739.042         319.808     739.042              81              81
  252         644.434      94.246         644.434      94.246             252             252
   17       -2578.800    1269.217       -2578.800    1269.217              17              17
   69        1636.917     658.769        1636.917     658.769              69              69
  171       -1581.431     629.992       -1581.431     629.992             171             171
  139       -1269.333     -26.021       -1269.333     -26.021             139             139
  189         392.474    1087.353         392.474    1087.353             189             189
   49         465.881     117.608         465.881     117.608              49              49
  179        2002.915    -690.022        2002.915    -690.022             179             179
   46         412.289    -294.894         412.289    -294.894              46              46
  226         647.523    1431.298         647.523    1431.298             226             226
  105        -987.110     140.475        -987.110     140.475             105             105
  228         379.997     -94.210         379.997     -94.210             228             228
   69        -633.140    1371.112        -633.140    1371.112              69              69
  100        -265.223    -664.507        -265.223    -664.507             100             100
   51         839.464    -808.221         839.464    -808.221              51              51
   20        -968.356   -2952.041        -968.356   -2952.041              20              20
  210       -1245.635    -742.468       -1245.635    -742.468             210             210
  220        -962.907    -513.596        -962.907    -513.596             220             220
   82        -101.106     764.480        -101.106     764.480              82              82
  153        -503.773    -570.829        -503.773    -570.829             153             153
   46         259.887    2264.383         259.887    2264.383              46              46
   82        -526.654   -1722.357        -526.654   -1722.357              82              82
  214       -1622.615    1482.545       -1622.615    1482.545             214             214
   96         163.721    -122.286         163.721    -122.286              96              96
   94        2914.352    1589.732        2914.352    1589.732              94              94
   89         375.130    -139.851         375.130    -139.851              89              89
  117         527.094    -809.988         527.094    -809.988             117             117
    7         238.369    -509.215         238.369    -509.215               7               7
  155        1140.389    -214.945        1140.389    -214.945             155             155
   70        2127.852    2354.680        2127.852    2354.680              70              70
   88         554.519    -811.931         554.519    -811.931              88              88
  151       -1185.892    1438.271       -1185.892    1438.271             151             151
   88        -965.360    -201.595        -965.360    -201.595              88              88
  158         435.410      29.889         435.410      29.889             158             158
   67       -1209.775    -749.518       -1209.775    -749.518              67              67
  228         292.233    1715.066         292.233    1715.066             228             228
   91         206.269    -222.056         206.269    -222.056              91              91
  116         182.966   -1815.301         182.966   -1815.301             116             116
  151        2488.380     696.260        2488.380     696.260             151             151
  138        -392.638     581.715        -392.638     581.715             138             138
   87        -402.940      29.640        -402.940      29.640              87              87
    1        -825.671    -877.220        -825.671    -877.220               1               1
  110        -289.649     227.406        -289.649     227.406             110             110
  156        -175.850   -2543.187        -175.850   -2543.187             156             156
  102        1006.628    -449.427        1006.628    -449.427             102             102
  162         856.553    -350.244         856.553    -350.244             162             162
  177       -1295.537    -887.798       -1295.537    -887.798             177             177
   56       -1098.453   -1186.197       -1098.453   -1186.197              56              56
  126         347.909     493.515         347.909     493.515             126             126
    3         743.292   -1193.715         743.292   -1193.715               3               3
  210        -656.175    -912.293        -656.175    -912.293             210             210
  173        1066.986    -240.230        1066.986    -240.230             173             173
   86        1501.611     129.466        1501.611     129.466              86              86
  169         223.540     465.025         223.540     465.025             169             169
   14        1771.512    1282.451        1771.512    1282.451              14              14
  181       -1652.200     420.405       -1652.200     420.405             181             181
    2         134.823    2021.927         134.823    2021.927               2               2
  131        -801.983     731.005        -801.983     731.005             131             131
  188        -268.958    1004.273        -268.958    1004.273             188             188
  157        -391.518    -402.868        -391.518    -402.868             157             157
  202         274.994    1777.717         274.994    1777.717             202             202
   21        -105.413     132.921        -105.413     132.921              21              21
   52           2.117    1317.661           2.117    1317.661              52              52
   35        1449.804    -848.213        1449.804    -848.213              35              35
  179         580.347    -814.891         580.347    -814.891             179             179
  120         587.298    -426.453         587.298    -426.453             120             120
    7       -1531.064   -1890.255       -1531.064   -1890.255               7               7
   14       -1834.972     -41.977       -1834.972     -41.977              14              14
  236        -195.616    -738.305        -195.616    -738.305             236             236
  159       -1259.696    1111.838       -1259.696    1111.838             159             159
  153        -684.849    -636.508        -684.849    -636.508             153             153
   67        -166.166    1133.672        -166.166    1133.672              67              67
  160          95.358    -206.757          95.358    -206.757             160             160
    8        -201.202     388.687        -201.202     388.687               8               8
  224         348.535     912.086         348.535     912.086             224             224
    6       -1031.843     866.351       -1031.843     866.351               6               6
  170        -885.100   -2619.661        -885.100   -2619.661             170             170
  146       -1018.525    -253.854       -1018.525    -253.854             146             146
   62        1131.028   -1701.104        1131.028   -1701.104              62              62
   41        -818.015     116.382        -818.015     116.382              41              41
  150         805.487   -1903.348         805.487   -1903.348             150             150
   17         136.443    -649.424         136.443    -649.424              17              17
  214         509.015    -388.770         509.015    -388.770             214             214
  237       -1080.155      64.756       -1080.155      64.756             237             237
  186        -206.611     835.870        -206.611     835.870             186             186
  228        2037.081    1749.170        2037.081    1749.170             228             228
  162         139.459    1637.270         139.459    1637.270             162             162
  188         -47.463    1840.947         -47.463    1840.947             188             188
  104         567.863    -610.896         567.863    -610.896             104             104
   94        -166.611    -148.756        -166.611    -148.756              94              94
   90        1657.967     542.380        1657.967     542.380              90              90
   51       -2556.816   -1128.768       -2556.816   -1128.768              51              51
  115        -693.264    -784.486        -693.264    -784.486             115             115
  143         196.972     927.102         196.972     927.102             143             143
   86       -1079.452    -982.404       -1079.452    -982.404              86              86
   38        -227.264     -73.427        -227.264     -73.427              38              38
    7         315.350   -1970.638         315.350   -1970.638               7               7
   93         172.956   -1327.725         172.956   -1327.725              93              93
   53         -30.452   -2001.810         -30.452   -2001.810              53              53
  244         452.497    -804.542         452.497    -804.542             244             244
  252       -3237.936   -2138.160       -3237.936   -2138.160             252             252
  206        1189.208    -719.318        1189.208    -719.318             206             206
   56        -481.442     635.053        -481.442     635.053              56              56
  156        -365.370    1010.024        -365.370    1010.024             156             156
  215        -211.039    -403.885        -211.039    -403.885             215             215
   24        -668.994    -160.932        -668.994    -160.932              24              24
  163         818.474    -291.683         818.474    -291.683             163             163
  129        -843.198     158.354        -843.198     158.354             129             129
  171       -1725.389    -684.366       -1725.389    -684.366             171             171
  226         879.515     833.084         879.515     833.084             226             226
  170         973.483     722.182         973.483     722.182             170             170
   65         316.824   -1794.663         316.824   -1794.663              65              65
  243        -721.602    -977.922        -721.602    -977.922             243             243
  128        -462.213     610.931        -462.213     610.931             128             128
   46         -29.538    3376.054         -29.538    3376.054              46              46
  174         691.818    1603.855         691.818    1603.855             174             174
