SINAL     NFT                         FFT                         NFT INVERSA     FFT INVERSA
-----     -----------------------     -----------------------     -----------     -----------
  157       64175.000       0.000       64175.000       0.000             157             157
  124        -824.427    -135.252        -824.427    -135.252             124             124
  183        -301.980   -1569.935        -301.980   -1569.935             183             183
  153       -1093.328    2208.607       -1093.328    2208.607             153             153
   37       -1014.298   -1142.466       -1014.298   -1142.466              37              37
    7        1087.789     507.474        1087.789     507.474               7               7
  230        -818.208    -767.783        -818.208    -767.783             230             230
  130        -578.993     571.862        -578.993     571.862             130             130
  236        -548.807    -863.696        -548.807    -863.696             236             236
   44        1960.834     891.105        1960.834     891.105              44              44
  107         525.196    1941.518         525.196    1941.518             107             107
   87        2106.130     588.453        2106.130     588.453              87              87
   72         104.281     259.457         104.281     259.457              72              72
   65          58.782     324.116          58.782     324.116              65              65
  126        1897.326    1431.000        1897.326    1431.000             126             126
   53        -847.117    -767.193        -847.117    -767.193              53              53
   90         328.972    -548.632         328.972    -548.632              90              90
    4         -38.769    -439.349         -38.769    -439.349               4               4
   13        1318.148    1553.557        1318.148    1553.557              13              13
  166        -387.980    1243.846        -387.980    1243.846             166             166
  138         942.237    -499.650         942.237    -499.650             138             138
   30       -1263.862    -371.781       -1263.862    -371.781              30              30
  179         228.773   -2345.496         228.773   -2345.496             179             179
  142        2753.820    -220.555        2753.820    -220.555             142             142
   75        -816.141     463.557        -816.141     463.557              75              75
   75        -120.809   -1515.147        -120.809   -1515.147              75              75
   25       -1117.976    -626.230       -1117.976    -626.230              25              25
  238       -1230.945    1370.256       -1230.945    1370.256             238             238
  221        -779.883    -581.571        -779.883    -581.571             221             221
  102         855.968    -186.690         855.968    -186.690             102             102
   68         631.720   -1390.623         631.720   -1390.623              68              68
  123         592.316   -1140.722         592.316   -1140.722             123             123
  226        -105.999    -774.631        -105.999    -774.631             226             226
  251        1833.084    1112.146        1833.084    1112.146             251             251
   20         651.858     329.898         651.858     329.898              20              20
    8       -1624.829     207.784       -1624.829     207.784               8               8
    2        1945.582    2160.548        1945.582    2160.548               2               2
  251        -332.400    1100.887        -332.400    1100.887             251             251
  139         589.035    -195.329         589.035    -195.329             139             139
  238         261.557    1345.720         261.557    1345.720             238             238
   40        -291.647      -0.248        -291.647      -0.248              40              40
  246        -424.094      41.028        -424.094      41.028             246             246
   70       -1784.777      62.095       -1784.777      62.095              70              70
  112        -435.061    1361.450        -435.061    1361.450             112             112
   55         800.828   -1163.825         800.828   -1163.825              55              55
  197        -698.038     899.636        -698.038     899.636             197             197
  166         290.203     179.050         290.203     179.050             166             166
  146        -814.496    -740.665        -814.496    -740.665             146             146
  201        1590.952     414.379        1590.952     414.379             201             201
  179        -230.617    2196.177        -230.617    2196.177             179             179
   57        2119.681     350.902        2119.681     350.902              57              57
   84         861.479    -254.559         861.479    -254.559              84              84
  210        -351.134    1313.079        -351.134    1313.079             210             210
  237         187.166     222.473         187.166     222.473             237             237
  227       -1291.179    -361.216       -1291.179    -361.216             227             227
   29        1279.095    -213.418        1279.095    -213.418              29              29
   57         912.569    -700.877         912.569    -700.877              57              57
  253        -768.387    -536.301        -768.387    -536.301             253             253
   11        1919.913    1170.652        1919.913    1170.652              11              11
   22         -44.521     856.518         -44.521     856.518              22              22
   99        -931.664     426.756        -931.664     426.756              99              99
   79       -1848.372    1125.260       -1848.372    1125.260              79              79
  145        -895.171     467.473        -895.171     467.473             145             145
   69       -1720.003     294.917       -1720.003     294.917              69              69
   75        2323.753     586.210        2323.753     586.210              75              75
  166          16.255    1151.453          16.255    1151.453             166             166
   77        1781.744    1316.269        1781.744    1316.269              77              77
   78        1492.578      62.848        1492.578      62.848              78              78
  162        -995.046     358.358        -995.046     358.358             162             162
  217       -2049.227    -303.259       -2049.227    -303.259             217             217
   60       -1114.946    -977.052       -1114.946    -977.052              60              60
  202        -396.892     777.197        -396.892     777.197             202             202
  207         720.822   -1337.679         720.822   -1337.679             207             207
  131        -144.056     544.316        -144.056     544.316             131             131
   59        -646.367    -529.312        -646.367    -529.312              59              59
    7         315.520     -63.240         315.520     -63.240               7               7
   72         491.465    1564.125         491.465    1564.125              72              72
  225         846.378    1276.362         846.378    1276.362             225             225
  154         344.252   -1804.363         344.252   -1804.363             154             154
   18         114.485   -1043.681         114.485   -1043.681              18              18
  149       -1032.204   -1771.216       -1032.204   -1771.216             149             149
  211         654.961     601.769         654.961     601.769             211             211
  102       -1330.493   -2877.333       -1330.493   -2877.333             102             102
  103         525.934    -912.386         525.934    -912.386             103             103
  192       -1995.059   -1420.813       -1995.059   -1420.813             192             192
   74         603.153   -1040.761         603.153   -1040.761              74              74
  133        -652.916    1803.333        -652.916    1803.333             133             133
  249       -1073.066   -1456.793       -1073.066   -1456.793             249             249
   71        -235.935    -914.198        -235.935    -914.198              71              71
  144        -160.051    -621.524        -160.051    -621.524             144             144
   16         834.403     164.002         834.403     164.002              16              16
  170       -1265.549     505.851       -1265.549     505.851             170             170
  224        1094.586    -142.988        1094.586    -142.988             224             224
  162       -1302.208    1880.441       -1302.208    1880.441             162             162
  240        -880.868     316.434        -880.868     316.434             240             240
   44        2161.781   -2644.399        2161.781   -2644.399              44              44
   73        -376.935    -653.431        -376.935    -653.431              73              73
   62       -2495.111    -407.052       -2495.111    -407.052              62              62
  122         875.007    -124.163         875.007    -124.163             122             122
  235         963.177   -1200.035         963.177   -1200.035             235             235
   23        -578.842   -2444.546        -578.842   -2444.546              23              23
  183       -2390.556    -158.908       -2390.556    -158.908             183             183
  182       -1082.756   -2619.498       -1082.756   -2619.498             182             182
  230       -2498.393     350.231       -2498.393     350.231             230             230
   58         635.957     807.120         635.957     807.120              58              58
  241        -374.506    2385.957        -374.506    2385.957             241             241
  238        -425.679     114.731        -425.679     114.731             238             238
  131        -204.923    1825.917        -204.923    1825.917             131             131
  211           5.626   -1904.795           5.626   -1904.795             211             211
  136        -462.773   -1992.385        -462.773   -1992.385             136             136
  149        1319.622    -448.274        1319.622    -448.274             149             149
  104        1042.967      21.218        1042.967      21.218             104             104
   91        -421.079   -1373.842        -421.079   -1373.842              91              91
  251        1161.540    -845.864        1161.540    -845.864             251             251
  208         131.752    -875.442         131.752    -875.442             208             208
   28         678.165    -257.301         678.165    -257.301              28              28
   69        -464.040   -1319.129        -464.040   -1319.129              69              69
   85        -810.830    -350.025        -810.830    -350.025              85              85
   22         185.411    -243.532         185.411    -243.532              22              22
  141       -2185.598     573.353       -2185.598     573.353             141             141
  230        1003.011   -1533.294        1003.011   -1533.294             230             230
   39        -649.435    2330.426        -649.435    2330.426              39              39
   55        -880.336     217.375        -880.336     217.375              55              55
  199       -2032.111    2900.466       -2032.111    2900.466             199             199
  201       -1058.356     471.812       -1058.356     471.812             201             201
   39         429.019    1567.854         429.019    1567.854              39              39
  243        1163.602    1503.184        1163.602    1503.184             243             243
   19         151.369   -1256.525         151.369   -1256.525              19              19
  101        -515.819   -2169.053        -515.819   -2169.053             101             101
  109         236.177     661.395         236.177     661.395             109             109
  254       -1837.233   -1287.056       -1837.233   -1287.056             254             254
  124          19.937     407.379          19.937     407.379             124             124
   36       -1393.985    -605.391       -1393.985    -605.391              36              36
  181        1406.389    1128.568        1406.389    1128.568             181             181
   99        1972.135     557.355        1972.135     557.355              99              99
   95        1465.316    -120.510        1465.316    -120.510              95              95
  166        1151.070     336.714        1151.070     336.714             166             166
   81         399.944    -213.788         399.944    -213.788              81              81
  226       -1895.415   -1311.156       -1895.415   -1311.156             226             226
  122        -685.925     877.114        -685.925     877.114             122             122
  217        1687.284    -924.256        1687.284    -924.256             217             217
  119        1486.530     629.945        1486.530     629.945             119             119
  227        -240.537    1129.016        -240.537    1129.016             227             227
   53       -1639.312    -769.635       -1639.312    -769.635              53              53
  115       -1041.761    1115.575       -1041.761    1115.575             115             115
  179         321.907     579.943         321.907     579.943             179             179
   81        3500.479     -14.554        3500.479     -14.554              81              81
  185       -2631.801      55.372       -2631.801      55.372             185             185
    9       -1307.826     370.124       -1307.826     370.124               9               9
  104         399.728    1023.296         399.728    1023.296             104             104
   70          47.302    -887.525          47.302    -887.525              70              70
  240        1101.459     813.688        1101.459     813.688             240             240
  143        -705.101     859.845        -705.101     859.845             143             143
  125        -918.581    1014.537        -918.581    1014.537             125             125
  183         212.815    -881.486         212.815    -881.486             183             183
   88        -749.499     307.507        -749.499     307.507              88              88
  165       -1310.339   -1608.820       -1310.339   -1608.820             165             165
  170        -132.885    1473.036        -132.885    1473.036             170             170
  107        2144.609    -176.580        2144.609    -176.580             107             107
   10       -1038.471    -956.942       -1038.471    -956.942              10              10
   23         958.751     -59.942         958.751     -59.942              23              23
  106        -988.237   -1060.899        -988.237   -1060.899             106             106
  135         400.820    -339.883         400.820    -339.883             135             135
   60        1634.226    -404.917        1634.226    -404.917              60              60
   31        -813.706    -699.223        -813.706    -699.223              31              31
  234          68.474     494.527          68.474     494.527             234             234
  155        2636.558    -883.170        2636.558    -883.170             155             155
  198        -902.638   -1488.798        -902.638   -1488.798             198             198
   59        -544.309    -746.669        -544.309    -746.669              59              59
  126         197.465     378.630         197.465     378.630             126             126
   64        1710.387    2872.535        1710.387    2872.535              64              64
   20        1055.370   -1095.537        1055.370   -1095.537              20              20
  245         747.710     587.843         747.710     587.843             245             245
   36        -315.958    -323.652        -315.958    -323.652              36              36
   74        -819.754    -443.390        -819.754    -443.390              74              74
  105       -1329.017     890.098       -1329.017     890.098             105             105
  216       -2011.529    -442.793       -2011.529    -442.793             216             216
  155          -6.046   -1467.015          -6.046   -1467.015             155             155
   34        1539.443     995.789        1539.443     995.789              34              34
  225        1322.410    1382.663        1322.410    1382.663             225             225
    3         899.145     343.983         899.145     343.983               3               3
  105        1977.874     522.906        1977.874     522.906             105             105
  209       -1711.587    -299.567       -1711.587    -299.567             209             209
  147         328.370     734.795         328.370     734.795             147             147
  231        1485.668     322.777        1485.668     322.777             231             231
  136         -18.235      98.545         -18.235      98.545             136             136
  236        1294.238     773.224        1294.238     773.224             236             236
  140        -494.050     425.906        -494.050     425.906             140             140
   51          88.092    -304.099          88.092    -304.099              51              51
   88        2515.767    -777.339        2515.767    -777.339              88              88
  151        1535.894      -3.786        1535.894      -3.786             151             151
   75        -286.544    -497.404        -286.544    -497.404              75              75
  194        -313.762    -779.979        -313.762    -779.979             194             194
   30        -523.676   -1993.654        -523.676   -1993.654              30              30
  136        -215.836    1541.494        -215.836    1541.494             136             136
  226         390.215    -281.980         390.215    -281.980             226             226
    9       -1241.361     489.494       -1241.361     489.494               9               9
   36        1226.854    -914.360        1226.854    -914.360              36              36
  169       -1854.808     195.994       -1854.808     195.994             169             169
   68         -48.445    -903.172         -48.445    -903.172              68              68
  162        1863.304    -229.237        1863.304    -229.237             162             162
  234       -1056.682    -768.343       -1056.682    -768.343             234             234
   89         462.307     806.395         462.307     806.395              89              89
  152         826.775    -210.716         826.775    -210.716             152             152
   14       -1780.499     206.279       -1780.499     206.279              14              14
  163        -715.415     434.762        -715.415     434.762             163             163
    1         850.920     -81.034         850.920     -81.034               1               1
  230        -525.831     313.196        -525.831     313.196             230             230
   63        3325.125    -154.437        3325.125    -154.437              63              63
   36       -1654.629    -886.913       -1654.629    -886.913              36              36
  199        -243.189   -1044.564        -243.189   -1044.564             199             199
   67       -2339.353    1444.898       -2339.353    1444.898              67              67
  141        1198.615    -205.621        1198.615    -205.621             141             141
  153        -862.679   -1589.214        -862.679   -1589.214             153             153
  214        -140.898    -435.113        -140.898    -435.113             214             214
  117         -30.104   -1018.929         -30.104   -1018.929             117             117
   34        -771.253    -201.732        -771.253    -201.732              34              34
  195       -1254.886    1629.353       -1254.886    1629.353             195             195
    2       -1404.697   -3469.950       -1404.697   -3469.950               2               2
   86         331.339    -349.505         331.339    -349.505              86              86
   27        2777.972   -1071.197        2777.972   -1071.197              27              27
  153       -2780.995    -329.915       -2780.995    -329.915             153             153
  161        1099.090    2608.382        1099.090    2608.382             161             161
  222         696.416    1157.825         696.416    1157.825             222             222
  184        2512.266   -1364.986        2512.266   -1364.986             184             184
   41       -2215.698    -580.932       -2215.698    -580.932              41              41
  192       -1099.859     376.510       -1099.859     376.510             192             192
  193        1367.317   -1907.048        1367.317   -1907.048             193             193
   77       -1693.610    -185.496       -1693.610    -185.496              77              77
  105         864.689   -1479.515         864.689   -1479.515             105             105
    6         985.778     432.394         985.778     432.394               6               6
  240       -1080.514   -1070.105       -1080.514   -1070.105             240             240
   84        1398.879     374.289        1398.879     374.289              84              84
   96         423.171     829.870         423.171     829.870              96              96
  136         697.498    1326.057         697.498    1326.057             136             136
   98         993.989     266.342         993.989     266.342              98              98
    4        -668.790     579.653        -668.790     579.653               4               4
  138        2478.573    -398.735        2478.573    -398.735             138             138
   72         860.276    -226.711         860.276    -226.711              72              72
   67         918.904     802.787         918.904     802.787              67              67
  174        -218.300    -324.874        -218.300    -324.874             174             174
   16         685.124   -1084.213         685.124   -1084.213              16              16
  135        1733.070    2133.418        1733.070    2133.418             135             135
   60        -624.809    3399.990        -624.809    3399.990              60              60
  170        -754.690    2073.016        -754.690    2073.016             170             170
   94        -626.226     659.395        -626.226     659.395              94              94
  177         232.121     423.333         232.121     423.333             177             177
  205         -47.252    4585.319         -47.252    4585.319             205             205
   33         998.014      43.624         998.014      43.624              33              33
  179         683.428    1078.286         683.428    1078.286             179             179
   35       -1287.387     614.949       -1287.387     614.949              35              35
   60         699.419    -295.484         699.419    -295.484              60              60
   77         301.773     784.613         301.773     784.613              77              77
  196          17.553   -2354.533          17.553   -2354.533             196             196
   26        -541.208   -1130.602        -541.208   -1130.602              26              26
    6         440.682      -9.064         440.682      -9.064               6               6
  238       -1891.000      -0.342       -1891.000      -0.342             238             238
  219         440.831       9.215         440.831       9.215             219             219
  199        -541.504    1130.385        -541.504    1130.385             199             199
   60          16.925    2354.061          16.925    2354.061              60              60
   69         302.155    -785.130         302.155    -785.130              69              69
  206         699.275     295.208         699.275     295.208             206             206
   44       -1287.097    -615.962       -1287.097    -615.962              44              44
  153         684.031   -1078.538         684.031   -1078.538             153             153
   46         998.036     -43.953         998.036     -43.953              46              46
  180         -45.787   -4585.637         -45.787   -4585.637             180             180
  252         232.198    -423.152         232.198    -423.152             252             252
   50        -626.036    -659.822        -626.036    -659.822              50              50
   62        -753.843   -2073.512        -753.843   -2073.512              62              62
   68        -623.276   -3400.039        -623.276   -3400.039              68              68
  118        1734.072   -2132.182        1734.072   -2132.182             118             118
  237         684.773    1084.971         684.773    1084.971             237             237
   85        -218.282     324.932        -218.282     324.932              85              85
  254         919.377    -802.322         919.377    -802.322             254             254
   41         860.362     227.206         860.362     227.206              41              41
    0        2478.297     399.597        2478.297     399.597              -0              -0
   92        -668.789    -579.882        -668.789    -579.882              92              92
  219         994.065    -265.996         994.065    -265.996             219             219
  205         697.815   -1325.711         697.815   -1325.711             205             205
  126         423.340    -829.407         423.340    -829.407             126             126
  143        1398.731    -373.387        1398.731    -373.387             143             143
  240       -1081.070    1070.041       -1081.070    1070.041             240             240
  186         985.858    -431.789         985.858    -431.789             186             186
  221         863.840    1480.043         863.840    1480.043             221             221
  181       -1693.831     185.072       -1693.831     185.072             181             181
  213        1366.552    1907.488        1366.552    1907.488             213             213
  227       -1100.014    -376.990       -1100.014    -376.990             227             227
  164       -2215.614     580.211       -2215.614     580.211             164             164
  177        2512.060    1365.569        2512.060    1365.569             177             177
  171         696.613   -1157.938         696.613   -1157.938             171             171
  224        1099.565   -2607.811        1099.565   -2607.811             224             224
  246       -2781.130     329.494       -2781.130     329.494             246             246
  121        2777.647    1072.421        2777.647    1072.421             121             121
   13         330.703     349.900         330.703     349.900              13              13
  144       -1406.230    3469.333       -1406.230    3469.333             144             144
  168       -1254.423   -1630.046       -1254.423   -1630.046             168             168
  193        -771.249     201.623        -771.249     201.623             193             193
  140         -30.389    1018.968         -30.389    1018.968             140             140
  218        -141.079     435.060        -141.079     435.060             218             218
    0        -863.144    1588.765        -863.144    1588.765              -0              -0
  209        1198.429     205.669        1198.429     205.669             209             209
   81       -2338.936   -1445.726       -2338.936   -1445.726              81              81
  237        -243.321    1044.580        -243.321    1044.580             237             237
   38       -1654.451     886.202       -1654.451     886.202              38              38
   79        3325.295     155.310        3325.295     155.310              79              79
   23        -525.890    -313.533        -525.890    -313.533              23              23
   39         850.769      81.193         850.769      81.193              39              39
  172        -715.476    -435.095        -715.476    -435.095             172             172
  243       -1780.270    -206.881       -1780.270    -206.881             243             243
  244         826.965     210.950         826.965     210.950             244             244
   42         462.573    -806.179         462.573    -806.179              42              42
  130       -1056.780     768.095       -1056.780     768.095             130             130
  229        1863.297     229.872        1863.297     229.872             229             229
  228         -49.004     903.079         -49.004     903.079             228             228
   95       -1854.664    -196.702       -1854.664    -196.702              95              95
  155        1226.659     914.642        1226.659     914.642             155             155
  186       -1241.152    -490.062       -1241.152    -490.062             186             186
   67         390.285     281.998         390.285     281.998              67              67
   64        -215.245   -1541.424        -215.245   -1541.424              64              64
  107        -524.177    1993.642        -524.177    1993.642             107             107
  238        -313.741     779.698        -313.741     779.698             238             238
   32        -286.264     497.089        -286.264     497.089              32              32
   98        1536.321       4.130        1536.321       4.130              98              98
  104        2515.492     777.978        2515.492     777.978             104             104
   45          87.775     303.790          87.775     303.790              45              45
  242        -493.838    -426.393        -493.838    -426.393             242             242
   16        1294.570    -772.967        1294.570    -772.967              16              16
  239         -18.175     -98.672         -18.175     -98.672             239             239
  126        1485.739    -322.437        1485.739    -322.437             126             126
  235         328.375    -734.747         328.375    -734.747             235             235
  239       -1711.550     298.912       -1711.550     298.912             239             239
   79        1978.289    -522.393        1978.289    -522.393              79              79
   60         899.214    -343.817         899.214    -343.817              60              60
  221        1322.740   -1382.228        1322.740   -1382.228             221             221
  117        1539.372    -994.976        1539.372    -994.976             117             117
  140          -7.130    1467.187          -7.130    1467.187             140             140
  244       -2012.005     441.967       -2012.005     441.967             244             244
  157       -1328.669    -890.580       -1328.669    -890.580             157             157
   56        -819.683     443.165        -819.683     443.165              56              56
  231        -315.737     323.445        -315.737     323.445             231             231
  145         748.209    -587.638         748.209    -587.638             145             145
   98        1055.167    1095.670        1055.167    1095.670              98              98
  106        1711.246   -2872.006        1711.246   -2872.006             106             106
  119         197.326    -378.134         197.326    -378.134             119             119
   71        -544.676     746.839        -544.676     746.839              71              71
  202        -902.906    1488.598        -902.906    1488.598             202             202
   19        2636.307     883.908        2636.307     883.908              19              19
    1          68.339    -494.559          68.339    -494.559               1               1
   13        -813.942     698.982        -813.942     698.982              13              13
   83        1634.058     405.418        1634.058     405.418              83              83
  109         400.398     339.996         400.398     339.996             109             109
  252        -988.707    1060.452        -988.707    1060.452             252             252
  116         958.644      60.107         958.644      60.107             116             116
  207       -1038.803     956.395       -1038.803     956.395             207             207
  100        2144.429     176.952        2144.429     176.952             100             100
  161        -132.850   -1473.145        -132.850   -1473.145             161             161
  193       -1311.119    1608.321       -1311.119    1608.321             193             193
  117        -749.396    -308.001        -749.396    -308.001             117             117
  145         212.472     881.247         212.472     881.247             145             145
   63        -918.287   -1015.195        -918.287   -1015.195              63              63
   96        -704.637    -860.218        -704.637    -860.218              96              96
  129        1101.809    -813.289        1101.809    -813.289             129             129
  142          46.896     887.444          46.896     887.444             142             142
  156         399.863   -1023.331         399.863   -1023.331             156             156
   94       -1307.884    -370.570       -1307.884    -370.570              94              94
    4       -2631.339     -56.284       -2631.339     -56.284               4               4
   40        3500.755      15.613        3500.755      15.613              40              40
   83         321.742    -579.962         321.742    -579.962              83              83
  162       -1041.611   -1115.857       -1041.611   -1115.857             162             162
   96       -1639.431     769.089       -1639.431     769.089              96              96
   58        -239.755   -1129.148        -239.755   -1129.148              58              58
   51        1486.989    -629.254        1486.989    -629.254              51              51
  195        1686.787     924.897        1686.787     924.897             195             195
  165        -685.937    -877.260        -685.937    -877.260             165             165
  171       -1895.717    1310.586       -1895.717    1310.586             171             171
   10         400.270     213.757         400.270     213.757              10              10
  111        1151.432    -336.435        1151.432    -336.435             111             111
  190        1465.347     120.899        1465.347     120.899             190             190
   11        1972.120    -556.804        1972.120    -556.804              11              11
  125        1406.208   -1127.985        1406.208   -1127.985             125             125
   18       -1394.643     605.066       -1394.643     605.066              18              18
  121          19.792    -407.252          19.792    -407.252             121             121
  122       -1837.769    1286.470       -1837.769    1286.470             122             122
  134         236.445    -661.270         236.445    -661.270             134             134
   72        -516.543    2168.840        -516.543    2168.840              72              72
  223         151.018    1256.024         151.018    1256.024             223             223
   40        1163.979   -1503.328        1163.979   -1503.328              40              40
   10         429.137   -1567.893         429.137   -1567.893              10              10
   84       -1058.611    -472.336       -1058.611    -472.336              84              84
  185       -2031.244   -2901.077       -2031.244   -2901.077             185             185
   73        -880.133    -217.411        -880.133    -217.411              73              73
  180        -648.466   -2330.201        -648.466   -2330.201             180             180
   58        1002.445    1534.076        1002.445    1534.076              58              58
  216       -2185.404    -573.857       -2185.404    -573.857             216             216
   81         185.526     243.935         185.526     243.935              81              81
  152        -810.805     350.090        -810.805     350.090             152             152
  221        -464.186    1319.175        -464.186    1319.175             221             221
  122         678.318     257.654         678.318     257.654             122             122
  235         131.625     875.641         131.625     875.641             235             235
  127        1161.296     846.349        1161.296     846.349             127             127
  218        -421.507    1373.649        -421.507    1373.649             218             218
   38        1043.051     -20.933        1043.051     -20.933              38              38
  179        1319.255     448.827        1319.255     448.827             179             179
  158        -463.711    1992.181        -463.711    1992.181             158             158
  204           4.819    1904.265           4.819    1904.265             204             204
   95        -204.500   -1826.437        -204.500   -1826.437              95              95
  168        -425.799    -115.087        -425.799    -115.087             168             168
   60        -373.819   -2386.075        -373.819   -2386.075              60              60
   30         635.890    -806.514         635.890    -806.514              30              30
  180       -2498.544    -350.497       -2498.544    -350.497             180             180
  185       -1083.628    2619.454       -1083.628    2619.454             185             185
   48       -2390.379     158.244       -2390.379     158.244              48              48
   45        -579.167    2444.409        -579.167    2444.409              45              45
   52         963.065    1200.099         963.065    1200.099              52              52
  183         874.834     124.257         874.834     124.257             183             183
  118       -2495.196     406.152       -2495.196     406.152             118             118
   19        -376.671     653.306        -376.671     653.306              19              19
  223        2160.993    2644.780        2160.993    2644.780             223             223
  128        -880.928    -317.351        -880.928    -317.351             128             128
  103       -1301.390   -1881.085       -1301.390   -1881.085             103             103
  152        1094.658     143.369        1094.658     143.369             152             152
  202       -1265.290    -506.268       -1265.290    -506.268             202             202
   28         834.594    -163.583         834.594    -163.583              28              28
  210        -160.299     621.613        -160.299     621.613             210             210
  163        -236.292     914.158        -236.292     914.158             163             163
  109       -1073.513    1456.202       -1073.513    1456.202             109             109
  107        -652.109   -1803.580        -652.109   -1803.580             107             107
  129         602.842    1041.237         602.842    1041.237             129             129
  231       -1995.398    1420.206       -1995.398    1420.206             231             231
   87         525.865     912.583         525.865     912.583              87              87
    1       -1331.220    2876.606       -1331.220    2876.606               1               1
  194         655.414    -601.875         655.414    -601.875             194             194
  126       -1032.566    1770.677       -1032.566    1770.677             126             126
  181         114.502    1043.326         114.502    1043.326             181             181
   96         343.956    1803.810         343.956    1803.810              96              96
   74         846.992   -1276.776         846.992   -1276.776              74              74
   20         492.041   -1564.200         492.041   -1564.200              20              20
    8         315.469      63.284         315.469      63.284               8               8
  134        -646.508     528.890        -646.508     528.890             134             134
   51        -143.710    -544.521        -143.710    -544.521              51              51
  188         720.401    1337.673         720.401    1337.673             188             188
   64        -396.742    -777.613        -396.742    -777.613              64              64
   99       -1115.292     976.436       -1115.292     976.436              99              99
  234       -2049.029     302.131       -2049.029     302.131             234             234
  116        -994.250    -359.122        -994.250    -359.122             116             116
   27        1493.194     -62.804        1493.194     -62.804              27              27
   96        1782.349   -1316.069        1782.349   -1316.069              96              96
  136          16.729   -1151.632          16.729   -1151.632             136             136
  250        2323.765    -585.540        2323.765    -585.540             250             250
  224       -1720.201    -295.645       -1720.201    -295.645             224             224
  239        -894.998    -467.983        -894.998    -467.983             239             239
  146       -1847.759   -1126.005       -1847.759   -1126.005             146             146
  171        -931.006    -427.134        -931.006    -427.134             171             171
   11         -43.626    -856.591         -43.626    -856.591              11              11
  101        1920.610   -1169.869        1920.610   -1169.869             101             101
   78        -768.355     536.216        -768.355     536.216              78              78
  121         912.667     701.134         912.667     701.134             121             121
  208        1279.049     213.687        1279.049     213.687             208             208
  207       -1291.204     360.544       -1291.204     360.544             207             207
   96         187.554    -222.733         187.554    -222.733              96              96
   40        -350.315   -1313.349        -350.315   -1313.349              40              40
  208         861.840     254.740         861.840     254.740             208             208
   34        2119.918    -350.485        2119.918    -350.485              34              34
  166        -229.852   -2196.303        -229.852   -2196.303             166             166
  133        1591.059    -413.618        1591.059    -413.618             133             133
  131        -814.821     740.431        -814.821     740.431             131             131
  240         290.312    -179.088         290.312    -179.088             240             240
  154        -697.625    -899.851        -697.625    -899.851             154             154
  140         800.511    1163.986         800.511    1163.986             140             140
  119        -434.691   -1361.755        -434.691   -1361.755             119             119
  205       -1784.582     -62.683       -1784.582     -62.683             205             205
   72        -423.675     -41.250        -423.675     -41.250              72              72
  184        -291.224      -0.039        -291.224      -0.039             184             184
   49         262.427   -1345.723         262.427   -1345.723              49              49
   51         589.281     195.451         589.281     195.451              51              51
   44        -331.653   -1101.173        -331.653   -1101.173              44              44
   76        1946.487   -2159.756        1946.487   -2159.756              76              76
  147       -1624.546    -208.023       -1624.546    -208.023             147             147
  181         652.494    -329.486         652.494    -329.486             181             181
   71        1833.680   -1111.174        1833.680   -1111.174              71              71
  116        -106.149     775.029        -106.149     775.029             116             116
  164         592.138    1141.146         592.138    1141.146             164             164
  217         631.385    1390.811         631.385    1390.811             217             217
   31         855.864     186.860         855.864     186.860              31              31
  176        -780.143     581.150        -780.143     581.150             176             176
   62       -1230.312   -1370.643       -1230.312   -1370.643              62              62
  109       -1117.757     626.091       -1117.757     626.091             109             109
   41        -120.801    1515.056        -120.801    1515.056              41              41
   15        -815.287    -463.924        -815.287    -463.924              15              15
   61        2754.222     221.617        2754.222     221.617              61              61
  138         228.058    2345.453         228.058    2345.453             138             138
   55       -1263.607     370.958       -1263.607     370.958              55              55
   14         942.557     499.514         942.557     499.514              14              14
  173        -387.085   -1244.357        -387.085   -1244.357             173             173
  221        1319.118   -1553.115        1319.118   -1553.115             221             221
  148         -38.561     439.438         -38.561     439.438             148             148
   48         329.206     548.655         329.206     548.655              48              48
  206        -846.733     766.583        -846.733     766.583             206             206
   46        1898.424   -1430.635        1898.424   -1430.635              46              46
  188          59.358    -324.174          59.358    -324.174             188             188
   70         105.087    -259.566         105.087    -259.566              70              70
  252        2106.947    -587.947        2106.947    -587.947             252             252
    5         526.353   -1941.332         526.353   -1941.332               5               5
  254        1961.525    -890.137        1961.525    -890.137             254             254
   46        -548.733     863.688        -548.733     863.688              46              46
   56        -578.101    -571.966        -578.101    -571.966              56              56
   43        -817.403     767.568        -817.403     767.568              43              43
  123        1089.127    -507.080        1089.127    -507.080             123             123
  204       -1013.291    1142.024       -1013.291    1142.024             204             204
  224       -1090.393   -2208.901       -1090.393   -2208.901             224             224
  194        -299.112    1570.030        -299.112    1570.030             194             194
   64        -817.630     134.883        -817.630     134.883              64              64
