SINAL     NFT                         FFT                         NFT INVERSA     FFT INVERSA
-----     -----------------------     -----------------------     -----------     -----------
   77       66261.000       0.000            -nan        -nan              77            -nan
  117         825.591   -1253.393            -nan        -nan             117            -nan
  195         733.330    1572.583            -nan        -nan             195            -nan
  189        -963.841    -790.024            -nan        -nan             189            -nan
  249        1286.450    -806.080            -nan        -nan             249            -nan
  158        -789.215    -378.395            -nan        -nan             158            -nan
   92        -935.317   -1527.808            -nan        -nan              92            -nan
   95        1739.103   -2170.050            -nan        -nan              95            -nan
  246        -568.882     235.274           0.000      -0.000             246            -nan
  249        -667.339   -2867.224            -nan        -nan             249              -0
   99       -1712.483   -1367.710            -nan        -nan              99            -nan
   16         -16.835    1606.332       -3504.080   -5921.938              16            -nan
  204         990.100    -620.884            -nan        -nan             204              -0
  225       -1048.611    -457.276            -nan        -nan             225            -nan
   11        -288.014    -592.153            -nan        -nan              11            -nan
  227       -2594.242     411.099            -nan        -nan             227            -nan
  134         441.143     -33.937            -nan        -nan             134            -nan
  117         180.633    -194.361     -304854060850104909311224385471569580799332494188497236369050973015295143396050254276073635226219883822530516463061109206935754444482262987670598203037314787283552783881483988447903966906862636317325353083942465448004157011075167827479889711562992243978924204274279705153039988602102545483992495334359040.000 29532596493198199841820628790321597610205031878176457073500762265088500302956324189992073345392417290054973509048884648189807010289868083410057746294159584240884267713891795425806251216568431584753877051521404992127836664126610023610719006921618542209189363332457582724731908295061308550385612466683904.000             117            -nan
  198        1465.682   -1684.351            -nan        -nan             198               0
  241         468.361   -1218.336          23.935     -11.955             241            -nan
   40        1816.330    -519.826            -nan        -nan              40               0
  182        1240.251    1557.894           0.000       0.000             182            -nan
  201        1152.150     134.404            -nan        -nan             201               0
  236       -1916.745    -179.350     -9846526503540559970905025283741184372292516446046893308491906768188973022255312660185879512870077467639170042399883052860182500067741156266575248940520552827599359066837255599674851327660099752302398907016602976256.000       0.000             236            -nan
  198          -4.058    -389.924           0.000       0.000             198              -0
  214        1211.066   -2515.978        -282.743      -0.000             214               0
  173        1124.214    -444.846         -10.459     -89.835             173              -0
   20       -3051.732   -2078.956        -723.849     602.846              20               0
  193         360.143     -79.001            -nan        -nan             193              -0
  243        2009.590    -222.495            -nan        -nan             243            -nan
  255          18.058     294.106            -nan        -nan             255            -nan
   14        -290.375     638.255            -nan        -nan              14            -nan
  105        1329.231     170.599            -nan        -nan             105            -nan
  195        2050.154    1764.392            -nan        -nan             195            -nan
  204       -1888.395    -701.060          15.000      -0.000             204            -nan
   99         230.147   -2297.806           0.000      -0.000              99               0
   97         281.028    1176.044            -nan        -nan              97               0
   40          63.739    -669.373            -nan        -nan              40            -nan
  195       -3019.493     164.652           0.000      -0.000             195            -nan
   88         868.451     146.188           0.000      -0.000              88               0
   33          29.113    2780.110          -0.000      -0.000              33               0
   38       -1245.444   -1211.534          -0.000      -0.000              38               0
  104        1229.327   -2035.374        -565.487      -0.000             104               0
  237         148.564    -297.905          -0.000      -0.000             237              -0
    8         303.465    1813.393            -nan        -nan               8               0
  115        2990.349    1733.864            -nan        -nan             115            -nan
  209       -2056.033     728.817            -nan        -nan             209            -nan
  142         393.007    -503.325            -nan        -nan             142            -nan
  233        -983.215      76.627            -nan        -nan             233            -nan
  152       -2427.100    -473.174            -nan        -nan             152            -nan
  128         983.032      -6.943            -nan        -nan             128            -nan
   17       -1419.669     -62.318            -nan        -nan              17            -nan
   78        -124.151    1373.740      -63259.986   49368.564              78            -nan
   74        -588.518     -71.288            -nan        -nan              74              -0
  254       -1090.150    -128.860            -nan        -nan             254            -nan
   21        1212.026      -7.674           0.000      -0.000              21            -nan
   33        -888.977     211.866          -0.000      -0.000              33               0
  171        -883.701    -816.134          -0.000      -0.000             171              -0
   41       -1764.719    -686.212          -0.000      -0.000              41              -0
  226       -1612.486    1300.533           0.000      -0.000             226              -0
  159        1027.024   -1359.213            -nan        -nan             159               0
   41         891.943     133.569            -nan        -nan              41            -nan
  241        -782.676    -167.352            -nan        -nan             241            -nan
    9        -618.580     465.611            -nan        -nan               9            -nan
  236       -1352.503      70.811            -nan        -nan             236            -nan
  189        -517.781     -85.849          -0.000      -0.000             189            -nan
  108         114.290     529.810          -0.000       0.000             108               0
   78        -503.331   -2592.093          -0.000      -0.000              78               0
  230          77.245    -278.658          -0.000       0.000             230               0
   47         130.313   -1419.655           0.000       0.000              47               0
  166        -996.737     326.735           0.000       0.000             166               0
    8        -928.301   -1354.084           0.000       0.000               8               0
   86         625.464   -2117.754           0.000       0.000              86               0
   15       -1004.704     629.262           0.000       0.000              15               0
  246         588.111   -1654.240           0.000       0.000             246               0
   94         949.668    -596.083           0.000       0.000              94               0
  131         351.698    -264.631           0.000      -0.000             131               0
  199        -580.129    -832.864            -nan        -nan             199               0
  237         196.984     278.840            -nan        -nan             237            -nan
  108       -1296.782    -167.567            -nan        -nan             108            -nan
   96        -154.484     420.277            -nan        -nan              96            -nan
  109         -22.129    -248.361       -7475.623     -11.827             109            -nan
  126       -1704.234     626.884     -27436865476509487138493294559624487352115868115535415111925370923169363580678445085662806904918625224035279292582564196252539444442134677938838758553365812995382573252683438812735040413035237058558070969601077905287234444550948150121086680368408307575965297166205014342715691529229389356746910870630563840.000 2657933684387839946246948728238133777884050429864779613668518471603619846395688499235449001362443638054853447546932235927720075916503797226230384892878047733110622219647336220591318655422256648665611660175062739014861019223529714604684605770742777025146285655591999088306138777298852436386940999281147904.000             126               0
  175       -2063.401     286.701          -0.000       0.000             175            -6160346224161075333643587189082010723961601620077718307537687515496448
  184         281.609    1369.669          -0.000       0.000             184              -0
  124        -270.523   -1871.723        1344.162   -8012.329             124              -0
  196         252.373   -1222.326           0.000      -0.000             196               0
  217         955.984     825.390          -0.000      -0.000             217               0
   39         744.105   -1526.286          -0.000      -0.000              39              -0
  238        -438.607   -1965.313           0.000      -0.000             238              -0
  188          92.544    -909.863          -7.442      -3.746             188               0
  199         334.156    -582.798         -37.103      76.019             199               0
   24         152.772    1749.803          -0.000      -0.000              24              -0
  174        1089.712   -1633.493            -nan        -nan             174              -0
  208        -571.671    -676.070            -nan        -nan             208            -nan
    4         738.477    1779.352            -nan        -nan               4            -nan
  108          48.101    1787.464           0.000       0.000             108            -nan
   60        -419.711     150.143            -nan        -nan              60               0
   82        -231.355   -1283.474         -11.052     -10.143              82            -nan
   82       -2389.761    1166.389          -0.000       0.000              82              -0
  108       -4104.733    1949.002           0.000       0.000             108               0
  249       -1356.515     425.121            -nan        -nan             249               0
   90        -268.788    -660.667          -0.000      -0.000              90            -nan
  194       -1131.991    1260.725          -0.000      -0.000             194               0
    8         571.912     954.332          -0.000      -0.000               8               0
   80        2546.755    2032.956           0.000      -0.000              80               0
   33        1265.392   -1328.311           0.000      -0.000              33               0
  139        -409.706    1669.368          -4.348       7.676             139               0
   24         329.121   -1186.349          78.991      42.221              24               0
   14        -760.328    1539.304            -nan        -nan              14               0
  247         674.331    -619.695            -nan        -nan             247            -nan
  120        -401.985   -2077.246            -nan        -nan             120            -nan
  124        1319.022     732.178            -nan        -nan             124            -nan
  117         -74.746    -554.301            -nan        -nan             117            -nan
   40        -452.125    1004.500            -nan        -nan              40            -nan
   52        -214.463     886.189     -836954752800947546098220518682032705639598453512007661090960841716903445896372309391733412985641017996471109174806705879501899668763708950372164309293805789946282613798981730871734010484724790741130100247782141984768.000      -0.106              52            -nan
  241        -253.863    -487.426      -61527.199   51241.952             241            -19269132100862152822652532851887494859872934004327689906945640988600063823866407547428926740966544434388635481239881018721634736115692087096577932372642297638117835700824826120735729036844997618999689630900551680
  236        -198.273    1306.710            -nan        -nan             236              -1
   14         362.817    1083.279            -nan        -nan              14            -nan
   25        2392.744    2003.944           0.000      -0.000              25            -nan
  219         753.047   -1005.911          -0.000      -0.000             219               0
  202          -5.035    2088.131            -nan        -nan             202              -0
  225        -161.405    -536.550     -75325927752085325382051091010052192202902024044054457176748924248381319271032766786779464281150634605693845459558457419570236501045739582949213541760708917435848442879995406257755818829088669567539036406965669864669184.000      -0.000             225            -nan
  243        -681.856   -1326.178           0.000      -0.000             243            -1734221889077593623224430568206293228508891781750739224286459929143295414581368806060585812479790973197445067219916517231714826156313441426625472142261248501530299853998909145305024310058533136933803226686426185728
  120        1231.249   -1760.164           0.000       4.416             120               0
  177        2238.641     298.884            -nan        -nan             177               0
  248        1678.637   -3498.402            -nan        -nan             248            -nan
  228        -274.668     600.716            -nan        -nan             228            -nan
  238          70.980    -573.931           0.000       0.000             238            -nan
   75         431.913     886.784            -nan        -nan              75               0
   55       -2539.048    1595.513           0.000       0.000              55            -nan
   90          59.042     275.090          -0.000      -0.000              90               0
   68        3177.043    -646.688           0.000      -0.000              68              -0
  146       -1393.081    1344.278            -nan        -nan             146               0
   29       -1170.756     519.342          -0.000       0.000              29            -nan
   76        -381.210     -42.509          -0.000      -0.000              76              -0
  226         178.749   -1827.837        -369.593     652.422             226              -0
   62         780.014     350.012            -nan        -nan              62              -0
  216         247.547   -2406.838        1275.000      -8.987             216            -nan
  251       -1436.534    -107.793           0.000       0.000             251               0
   76         -76.711      90.471           0.000       0.000              76               0
  207         274.850    -750.221            -nan        -nan             207               0
  116         391.189   -1343.105           0.000       0.000             116            -nan
  201         694.934    -153.948           0.000       0.000             201               0
   68        1152.379    1407.484           0.000       0.000              68               0
  156       -1452.311   -2355.784           0.000       0.000             156               0
  253       -1937.779   -1914.530           0.000       0.000             253               0
   54         601.116    -344.212           0.000       0.000              54               0
  137        -268.786     121.175           0.000       0.000             137               0
   11       -2019.409    -712.574           0.000       0.000              11               0
   80       -1969.608    -321.237           0.000       0.000              80               0
  100         163.102   -1165.486           0.000       0.000             100               0
  214        -775.264     210.123           0.000       0.000             214               0
   49        2155.389    2524.303           0.000       0.000              49               0
   87         212.935    1281.873           0.000       0.000              87               0
   79       -1036.761    -622.231           0.000       0.000              79               0
  227       -1435.645    1411.390           0.000       0.000             227               0
   80         569.851    1206.219            -nan        -nan              80               0
   51         521.372    3199.790            -nan        -nan              51            -nan
  209        1764.310   -1380.556     310775374811150533439550449669646582256244667017120698429551385232807878470913210130856671013536955868797603765493295528573676201699439789106626701180700827128784323141567231842172421822625478788400760484332656656384.000 777117703213023638479032419900567112350847034160775403848110934457132364111152976264676850998609829922079200711997422014801775573484789755620411861688557154106265724569577931997433337702475629284236870424987797815296.000             209            -nan
  155        -456.626     371.862            -nan        -nan             155            7373970338904477076444391886520581281061955886102097308375048985501137581739508780010954576930624170325519807236393687623803491902850355339409268486717104803829969814716142347368269159882121074405176414362927104
  107       -2993.458    -802.980          -0.000      -0.000             107            -nan
   44        1747.882     456.307            -nan        -nan              44              -0
  223         855.587    -929.292          -0.000      -0.000             223            -nan
  253        -206.170    1299.546            -nan        -nan             253              -0
   74        1598.044     108.344           0.000       0.000              74            -nan
   44        1255.983     462.743            -nan        -nan              44               0
  224         772.913     297.087          -0.000       0.000             224            -nan
  136        -562.293     221.728           0.000       0.000             136               0
    4        -958.593   -1257.162          -0.000       0.000               4               0
  219         554.763     791.139            -nan        -nan             219               0
  213         669.260    -962.453          -0.000      -0.000             213            -nan
  212        1912.753    1364.435            -nan        -nan             212              -0
   79        -260.088   -1315.055           0.000       0.000              79            -nan
  158       -1011.209    -950.983            -nan        -nan             158               0
   25        1025.657    -478.224            -nan        -nan              25            -nan
  235       -1366.657   -1079.063            -nan        -nan             235            -nan
  156         796.625    1900.058       -7067.677       0.000             156            -nan
   80       -2014.074    -883.079     -25912595172258950600632822667424021044543220563794812031597849876735970037953920290536979387286657536685338613262447494080952028103588684134710347464059611433707003323565756556618663210184500403148235300404415456438338870613582681253361659547368315457224821173254834407818761204002363618483175552345702400.000 2510270701921848804284222370419351761219025448083443555700035300976309275526808383955185547236661691268420388370678156066093557006529043965539912589096301863986465095247993168297086716383266592243946930824872974511259040797158692704127134875858195851018840565458535205526149112225730262553539450738049024.000              80              -0
  117        -884.368      64.004           0.000       0.000             117            -596583289334843281012930013723496259314752906307260236814532213593596854734505606505250206090413530712045513687333125434343446216101430400974688661853919286611785971200034549480354373971459919053794053369865706677448564275141311423115182730459108954889841510729362645620471634691600231546854607683584
  168         742.992    1013.366      -24033.179      -0.000             168               0
  160         973.903   -1988.076            -nan        -nan             160              -1
  217          30.325     743.081            -nan        -nan             217            -nan
  126        -525.719     136.836            -nan        -nan             126            -nan
  210       -2642.170    -941.912          -0.000      -0.000             210            -nan
   49        -568.271    -929.321            -nan        -nan              49              -0
  205        -297.919     280.131            -nan        -nan             205            -nan
  181       -1271.170    1351.063            -nan        -nan             181            -nan
  129         761.801    1085.540          -0.000      -0.000             129            -nan
    1         183.948     433.825            -nan        -nan               1              -0
  135        1412.272     921.271     -159183.273  562804.989             135            -nan
   29        -923.503    -841.579       -2148.149    -746.511              29              13
  108         576.662   -1007.085       79739.828    7272.807             108              -0
  179         335.083   -2353.437            -nan        -nan             179               0
  253        -887.109    -412.679     -636090.907       0.000             253            -nan
  105        -105.965    1386.928     55187837211936976996083384097887883511515153910317675879420233203074926676877973399139664271395138276792858908202886743407210722681824655890897015566791533687048705682608274354748178151886809954339317840411443337363456.000 51266929063296871661700088308461898818818386681497169609479612627807892815506642237943228937155264227852518215746943482887904679146875226802357301948573472269326359376011186072134405178513554075359412905327192419860480.000             105             -15
  253        1287.626     970.892           0.000      -0.000             253            1284973077539655754862050216722251911500906994661622249652998245385821051651224160601543651010067529586187529745850481257079706195684141229811865259113352241626851981810391964746023003243637302263495385667506012160
   41        1493.514    1194.312          -0.000       0.000              41               0
   73         561.570     -31.794           0.000       0.000              73              -0
  134         638.336    3634.611           0.000       0.000             134               0
   46         597.471    -333.921          -0.000       0.000              46               0
   37        1198.923    -780.649           0.000      -0.000              37               0
   92       -1874.997     760.551         692.758    -286.949              92              -0
    2        1838.265     351.757       -1020.133    -764.875               2              -0
  116        -242.419    1319.352           0.000      -0.000             116              -0
  250       -1077.068    -274.808       -7640.785       0.000             250              -0
   28        -718.611     919.555           0.000       0.000              28              -0
   96         934.079      85.306           0.000       0.000              96               0
  151        -577.888     127.917           0.000       0.000             151               0
  108        -197.962   -1849.583           0.000       0.000             108               0
  213       -1309.123    1057.783           0.000       0.000             213               0
   63       -2321.780     706.736           0.000       0.000              63               0
   12       -1046.619    1560.538           0.000       0.000              12               0
  175       -2333.219     235.623           0.000       0.000             175               0
  189        1137.169     100.037           0.000       0.000             189               0
  223         229.086   -2031.309           0.000       0.000             223               0
  224       -1178.617   -1430.097           0.000       0.000             224               0
  139         766.118    -392.995           0.000       0.000             139               0
  148        -177.459     155.242           0.000       0.000             148               0
   98         773.351   -1537.287           0.000       0.000              98               0
  140       -1100.797   -1791.688           0.000       0.000             140               0
   27        -989.077   -1233.376          -0.000      -0.000              27               0
  127         366.337    -440.156          -0.000      -0.000             127              -0
  249        1867.907    1284.137           0.000       0.000             249              -0
  207         810.950     135.243           0.000       0.000             207               0
  124        1801.455     941.310           0.000       0.000             124               0
   98        -405.236    -339.052         -13.253      -5.005              98               0
  205        -444.640    -913.927           0.000      -0.000             205              -0
  166         606.724    1476.416           0.000       0.000             166              -0
  172          50.051     447.646           0.000       0.000             172               0
   83        -266.211   -1666.536          -0.000      -0.000              83               0
  212       -1754.680    1358.488          -0.000      -0.000             212              -0
  209        -570.367    1983.823          -0.000      -0.000             209              -0
  175        -256.435     347.857           0.000      -0.000             175              -0
  215        -505.929     460.292           0.000      -0.000             215              -0
   70        2236.789    1449.833          -1.063       4.033              70              -0
  170        -868.462     276.016          82.353      20.628             170               0
  243         486.689     528.792           0.000      -0.000             243               0
  167       -1805.214    1526.485            -nan        -nan             167              -0
   65         526.607    -690.116            -nan        -nan              65            -nan
   96        1025.459    -767.749            -nan        -nan              96            -nan
  124         861.623     482.875           0.000       0.000             124            -nan
  128        1091.652    -246.793            -nan        -nan             128               0
  109        1944.388   -1827.509          14.167      -0.100             109            -nan
   44        -419.805     526.891          -0.000       0.000              44               0
   62        -709.204     -13.852          -0.000       0.000              62              -0
   76       -1166.847     827.225            -nan        -nan              76              -0
   12        -737.699     501.892           0.000       0.000              12            -nan
  202        1467.371    -976.175           0.000       0.000             202               0
  224        -162.106    -836.806           0.000       0.000             224               0
  110        -592.287   -1503.567           0.000       0.000             110               0
   86         364.668   -2674.061           0.000       0.000              86               0
  252        -878.897    2449.958           0.000       2.086             252               0
  238        -295.899    1499.620         -84.974       0.000             238               0
   80        -553.222     -91.907            -nan        -nan              80              -0
  204        -759.294    -246.077            -nan        -nan             204            -nan
  106        4693.000       0.765           0.000       0.000             106               0
  179        -759.893     245.732           0.000       0.000             179               0
  153        -553.432      91.507           0.000       0.000             153               0
   16        -295.499   -1499.835           0.000       0.000              16               0
   95        -878.052   -2449.759           0.000       0.000              95               0
  236         363.814    2674.674           0.000       0.000             236               0
  229        -592.765    1503.313           0.000       0.000             229               0
   49        -162.219     836.570           0.000       0.000              49               0
  156        1466.984     976.351           0.000       0.000             156               0
  189        -737.750    -502.469           0.000       0.000             189               0
  120       -1166.534    -827.717           0.000       0.000             120               0
   70        -708.962      13.608           0.000       0.000              70               0
  177        -419.193    -526.923           0.000       0.000             177               0
   31        1944.070    1828.127           0.000       0.000              31               0
  135        1091.555     246.852           0.000       0.000             135               0
   18         861.696    -482.751           0.000       0.000              18               0
  156        1024.992     767.932           0.000       0.000             156               0
    8         525.987     689.862           0.000       0.000               8               0
  127       -1804.848   -1527.442           0.000       0.000             127               0
  200         486.906    -528.765           0.000       0.000             200               0
   71        -868.256    -276.517           0.000       0.000              71               0
  203        2237.209   -1449.205           0.000       0.000             203               0
  212        -506.105    -460.468           0.000       0.000             212               0
   17        -256.520    -348.071           0.000       0.000              17               0
  172        -569.901   -1984.001           0.000       0.000             172               0
   67       -1754.186   -1358.676           0.000       0.000              67               0
  104        -266.526    1666.647           0.000       0.000             104               0
  168          50.400    -447.741           0.000       0.000             168               0
   49         607.291   -1476.031           0.000       0.000              49               0
  184        -444.885     914.002           0.000       0.000             184               0
  117        -405.056     338.867           0.000       0.000             117               0
  155        1801.964    -940.685           0.000       0.000             155               0
  107         810.972    -134.853           0.000       0.000             107               0
   14        1868.104   -1283.219           0.000       0.000              14               0
  172         365.718     440.751           0.000       0.000             172               0
  203        -989.821    1233.387           0.000       0.000             203               0
  251       -1101.406    1791.424           0.000       0.000             251               0
  146         772.827    1537.367           0.000       0.000             146               0
  253        -177.526    -155.462           0.000       0.000             253               0
  151         765.757     393.285           0.000       0.000             151               0
   80       -1179.288    1429.669           0.000       0.000              80               0
  117         228.349    2030.995           0.000       0.000             117               0
  221        1136.781    -100.208           0.000       0.000             221               0
    2       -2333.544    -236.874           0.000       0.000               2               0
  148       -1046.231   -1561.164           0.000       0.000             148               0
  101       -2321.498    -707.564           0.000       0.000             101               0
   20       -1308.440   -1058.067           0.000       0.000              20               0
   48        -198.270    1849.507           0.000       0.000              48               0
  109        -577.546    -128.409           0.000       0.000             109               0
  147         934.256     -85.261           0.000       0.000             147               0
  248        -718.289    -919.964           0.000       0.000             248               0
  180       -1076.919     274.260           0.000       0.000             180               0
   94        -241.553   -1319.594           0.000       0.000              94               0
  205        1838.499    -351.172           0.000       0.000             205               0
  197       -1874.576    -761.152           0.000       0.000             197               0
   11        1199.034     780.976           0.000       0.000              11               0
   16         597.521     333.661           0.000       0.000              16               0
   45         639.683   -3634.515           0.000       0.000              45               0
  180         561.698      32.184           0.000       0.000             180               0
   65        1493.940   -1193.733           0.000       0.000              65               0
  230        1287.708    -970.256           0.000       0.000             230               0
   41        -105.811   -1386.532           0.000       0.000              41               0
  221        -887.323     412.966           0.000       0.000             221               0
   81         334.337    2353.777           0.000       0.000              81               0
   55         576.214    1007.138           0.000       0.000              55               0
  138        -923.772     840.967           0.000       0.000             138               0
   28        1412.580    -921.063           0.000       0.000              28               0
   50         183.892    -433.888           0.000       0.000              50               0
   29         761.837   -1085.333           0.000       0.000              29               0
   25       -1271.009   -1351.292           0.000       0.000              25               0
  201        -297.973    -279.860           0.000       0.000             201               0
  110        -568.829     929.386           0.000       0.000             110               0
  143       -2642.437     941.027           0.000       0.000             143               0
  167        -525.309    -137.085           0.000       0.000             167               0
  113          30.885    -742.908           0.000       0.000             113               0
   35         973.370    1988.388           0.000       0.000              35               0
   12         743.169   -1013.265           0.000       0.000              12               0
  133        -884.561     -64.208           0.000       0.000             133               0
   83       -2014.202     882.313           0.000       0.000              83               0
  121         797.468   -1899.706           0.000       0.000             121               0
   25       -1366.819    1078.871           0.000       0.000              25               0
   76        1025.699     478.645           0.000       0.000              76               0
   46       -1011.378     950.651           0.000       0.000              46               0
  120        -260.101    1314.705           0.000       0.000             120               0
   25        1913.451   -1363.950           0.000       0.000              25               0
  243         668.890     962.629           0.000       0.000             243               0
  131         554.893    -791.004           0.000       0.000             131               0
   42        -959.041    1256.760           0.000       0.000              42               0
   33        -561.954    -222.165           0.000       0.000              33               0
   55         773.321    -296.997           0.000       0.000              55               0
  107        1256.283    -462.426           0.000       0.000             107               0
    7        1597.956    -107.920           0.000       0.000               7               0
   96        -205.880   -1299.562           0.000       0.000              96               0
   73         855.217     929.635           0.000       0.000              73               0
   89        1747.576    -455.767           0.000       0.000              89               0
  152       -2993.983     801.884           0.000       0.000             152               0
  212        -456.174    -372.178           0.000       0.000             212               0
  118        1763.944    1380.705           0.000       0.000             118               0
  203         522.240   -3199.966           0.000       0.000             203               0
  242         569.922   -1205.919           0.000       0.000             242               0
  144       -1435.409   -1411.630           0.000       0.000             144               0
  149       -1036.861     621.999           0.000       0.000             149               0
   96         213.589   -1281.852           0.000       0.000              96               0
   31        2156.069   -2523.217           0.000       0.000              31               0
   60        -775.565    -209.725           0.000       0.000              60               0
  210         162.367    1165.972           0.000       0.000             210               0
   66       -1969.992     320.833           0.000       0.000              66               0
   72       -2019.509     712.095           0.000       0.000              72               0
   87        -268.468    -121.044           0.000       0.000              87               0
  150         600.991     344.788           0.000       0.000             150               0
  194       -1938.401    1914.133           0.000       0.000             194               0
  112       -1452.641    2355.061           0.000       0.000             112               0
  226        1153.273   -1407.284           0.000       0.000             226               0
  240         695.009     154.382           0.000       0.000             240               0
  233         390.769    1343.316           0.000       0.000             233               0
  252         274.564     750.203           0.000       0.000             252               0
  228         -76.778     -90.546           0.000       0.000             228               0
  108       -1436.458     107.465           0.000       0.000             108               0
   38         247.021    2406.837           0.000       0.000              38               0
    6         780.221    -349.947           0.000       0.000               6               0
  164         178.076    1827.665           0.000       0.000             164               0
  146        -381.293      41.932           0.000       0.000             146               0
   14       -1170.490    -520.082           0.000       0.000              14               0
    5       -1392.123   -1344.827           0.000       0.000               5            -nan
  220        3177.051     647.702           0.000       0.000             220               0
  103          58.802    -275.308           0.000       0.000             103               0
  157       -2538.406   -1596.404           0.000       0.000             157               0
  177         432.613    -886.371           0.000       0.000             177            -nan
  221          71.061     574.206           0.000       0.000             221               0
  104        -274.045    -600.432           0.000       0.000             104               0
  163        1677.872    3499.050           0.000       0.000             163               0
  109        2238.771    -298.322           0.000       0.000             109               0
  254        1230.374    1760.459           0.000       0.000             254               0
    4        -682.490    1325.523           0.000       0.000               4               0
  141        -161.534     535.862           0.000       0.000             141               0
   58          -4.174   -2088.488           0.000       0.000              58               0
  214         752.928    1005.860           0.000       0.000             214               0
  207        2393.317   -2003.499           0.000       0.000             207               0
  131         362.818   -1083.217           0.000       0.000             131               0
   46        -198.087   -1306.670           0.000       0.000              46               0
  102        -254.171     487.391           0.000       0.000             102               0
   69        -214.252    -886.311           0.000       0.000              69               0
  159        -451.782   -1004.483           0.000       0.000             159               0
   73         -74.806     554.425           0.000       0.000              73               0
   54        1319.226    -731.541           0.000       0.000              54               0
  136        -402.799    2077.165           0.000       0.000             136               0
   69         674.013     619.558           0.000       0.000              69               0
   27        -759.888   -1539.705           0.000       0.000              27               0
  245         328.747    1186.313           0.000       0.000             245               0
  108        -409.043   -1669.644           0.000       0.000             108               0
   34        1265.088    1328.539           0.000       0.000              34               0
  153        2547.134   -2032.377           0.000       0.000             153               0
  255         571.554    -954.119           0.000       0.000             255               0
   48       -1132.116   -1260.936           0.000       0.000              48               0
  158        -269.487     660.664           0.000       0.000             158               0
  219       -1356.960    -425.731           0.000       0.000             219               0
  151       -4104.228   -1950.332           0.000       0.000             151               0
   60       -2388.913   -1166.797           0.000       0.000              60               0
  140        -231.300    1283.614           0.000       0.000             140               0
  117        -419.298    -150.403           0.000       0.000             117               0
  164          49.046   -1787.403           0.000       0.000             164               0
   48         739.255   -1778.627           0.000       0.000              48               0
  227        -571.704     676.449           0.000       0.000             227               0
  163        1089.333    1633.992           0.000       0.000             163               0
   52         153.377   -1749.547           0.000       0.000              52               0
  112         333.975     583.408           0.000       0.000             112               0
  221          92.216     910.291           0.000       0.000             221               0
   11        -439.180    1965.345           0.000       0.000              11               0
   64         743.699    1526.373           0.000       0.000              64               0
   97         956.156    -825.104           0.000       0.000              97               0
   57         251.725    1222.527           0.000       0.000              57               0
  167        -271.366    1871.344           0.000       0.000             167               0
  167         281.739   -1369.862           0.000       0.000             167               0
  216       -2063.543    -287.398           0.000       0.000             216               0
  240       -1703.858    -627.370           0.000       0.000             240               0
  222         -21.995     248.458           0.000       0.000             222               0
   97        -154.298    -420.215           0.000       0.000              97               0
   54       -1296.679     167.297           0.000       0.000              54               0
  249         197.300    -278.548           0.000       0.000             249               0
   86        -580.198     832.890           0.000       0.000              86               0
  162         351.866     264.914           0.000       0.000             162               0
   27         949.547     596.622           0.000       0.000              27               0
  239         587.411    1654.469           0.000       0.000             239               0
  161       -1004.549    -629.485           0.000       0.000             161               0
   76         624.711    2118.112           0.000       0.000              76               0
  141        -928.865    1353.579           0.000       0.000             141               0
  125        -996.515    -327.150           0.000       0.000             125               0
  228         129.983    1419.674           0.000       0.000             228               0
  201          77.164     278.638           0.000       0.000             201               0
    9        -504.182    2591.642           0.000       0.000               9               0
   89         114.456    -530.216           0.000       0.000              89               0
  110        -517.903      85.437           0.000       0.000             110               0
   57       -1352.427     -71.486           0.000       0.000              57               0
   61        -618.232    -465.937           0.000       0.000              61               0
   18        -782.440     167.030           0.000       0.000              18               0
  110         892.205    -133.287           0.000       0.000             110               0
  173        1026.382    1359.368           0.000       0.000             173               0
  239       -1612.278   -1301.220           0.000       0.000             239               0
  121       -1764.826     685.653           0.000       0.000             121               0
  238        -883.684     815.654           0.000       0.000             238               0
   81        -888.511    -212.387           0.000       0.000              81               0
  179        1212.214       7.929           0.000       0.000             179               0
  149       -1090.151     128.319           0.000       0.000             149               0
  248        -588.330      70.831           0.000       0.000             248               0
  139        -123.544   -1373.885           0.000       0.000             139               0
  133       -1419.428      61.894           0.000       0.000             133               0
  214         983.167       7.266           0.000       0.000             214               0
  237       -2427.105     472.276           0.000       0.000             237               0
  188        -982.642     -77.096           0.000       0.000             188               0
  208         393.266     503.216           0.000       0.000             208               0
   67       -2055.116    -729.832           0.000       0.000              67               0
   94        2991.503   -1732.973           0.000       0.000              94               0
  235         304.185   -1813.001           0.000       0.000             235               0
   50         148.681     298.414           0.000       0.000              50               0
    0        1228.689    2035.884           0.000       0.000               0               0
   56       -1245.787    1210.691           0.000       0.000              56               0
  192          30.309   -2780.273           0.000       0.000             192               0
  125         868.479    -145.666           0.000       0.000             125               0
   28       -3019.222    -165.480           0.000       0.000              28               0
  138          64.112     669.459           0.000       0.000             138               0
  135         281.845   -1175.736           0.000       0.000             135               0
  117         229.658    2298.008           0.000       0.000             117               0
  249       -1888.039     700.080           0.000       0.000             249               0
  193        2051.401   -1763.848           0.000       0.000             193            -nan
  179        1329.488    -170.045           0.000       0.000             179               0
   11        -289.962    -638.214           0.000       0.000              11               0
   47          18.577    -293.843           0.000       0.000              47            -nan
   97        2009.724     223.450           0.000       0.000              97               0
  251         359.960      79.484           0.000       0.000             251               0
  169       -3052.094    2078.140           0.000       0.000             169               0
   79        1124.735     445.303           0.000       0.000              79               0
   77        1210.508    2516.283           0.000       0.000              77               0
   92          -4.059     389.578           0.000       0.000              92               0
  229       -1916.288     178.448           0.000       0.000             229               0
   69        1152.933    -134.255           0.000       0.000              69               0
  232        1241.291   -1557.419           0.000       0.000             232               0
  107        1816.442     520.724           0.000       0.000             107               0
   28         468.154    1218.629           0.000       0.000              28               0
  213        1465.245    1684.696           0.000       0.000             213               0
   39         180.581     194.153           0.000       0.000              39               0
  236         441.062      33.908           0.000       0.000             236               0
   25       -2593.893    -411.997           0.000       0.000              25               0
  133        -287.658     592.079           0.000       0.000             133               0
  216       -1048.105     456.870           0.000       0.000             216               0
   76         990.522     621.056           0.000       0.000              76               0
  134         -15.892   -1606.214           0.000       0.000             134               0
   16       -1712.294    1367.513           0.000       0.000              16               0
   13        -667.324    2866.903           0.000       0.000              13               0
    3        -567.613    -235.637           0.000       0.000               3               0
   44        1739.451    2170.516           0.000       0.000              44               0
  151        -934.749    1527.065           0.000       0.000             151               0
  139        -787.711     377.685           0.000       0.000             139               0
  162        1288.049     806.091           0.000       0.000             162               0
  145        -961.678     789.118           0.000       0.000             145               0
   76         737.585   -1572.702           0.000       0.000              76               0
   86         832.241    1253.397           0.000       0.000              86               0
