SINAL     NFT                         FFT                         NFT INVERSA     FFT INVERSA
-----     -----------------------     -----------------------     -----------     -----------
  236       66487.000       0.000       66487.000       0.000             236             236
  135       -1422.947     734.234       -1422.947     734.234             135             135
   51       -1429.057   -1759.452       -1429.057   -1759.452              51              51
  220         964.745   -1136.766         964.745   -1136.766             220             220
   46        -231.335    1632.951        -231.335    1632.951              46              46
  134        1050.955     971.280        1050.955     971.280             134             134
  112        -967.560   -2174.836        -967.560   -2174.836             112             112
   98         470.589     148.712         470.589     148.712              98              98
   13        -361.765   -1270.472        -361.765   -1270.472              13              13
  161        -454.408     202.795        -454.408     202.795             161             161
   31        1447.769    -122.894        1447.769    -122.894              31              31
   50       -2256.271     314.321       -2256.271     314.321              50              50
   34        -592.207   -1459.887        -592.207   -1459.887              34              34
  194         916.151     581.995         916.151     581.995             194             194
  247         958.102    2358.698         958.102    2358.698             247             247
   93       -2407.551     686.388       -2407.551     686.388              93              93
  194       -1360.096    1794.586       -1360.096    1794.586             194             194
  119        -855.490     620.797        -855.490     620.797             119             119
  158        1551.392     179.777        1551.392     179.777             158             158
   11         224.481    1388.057         224.481    1388.057              11              11
  212        -136.723    -765.397        -136.723    -765.397             212             212
  121        2857.471     161.596        2857.471     161.596             121             121
  236       -1825.543     593.470       -1825.543     593.470             236             236
  197        1100.879    -676.559        1100.879    -676.559             197             197
  237         690.320    -244.095         690.320    -244.095             237             237
  189         -85.669     654.182         -85.669     654.182             189             189
  208        1560.606    -292.676        1560.606    -292.676             208             208
  229        1612.689     168.646        1612.689     168.646             229             229
   67        -387.091     421.051        -387.091     421.051              67              67
   24        1399.331    1395.733        1399.331    1395.733              24              24
   47         -36.662   -1218.430         -36.662   -1218.430              47              47
   47       -2840.757    -137.069       -2840.757    -137.069              47              47
  160        2234.905    -611.009        2234.905    -611.009             160             160
   99         464.768     247.610         464.768     247.610              99              99
   11       -1225.522   -1650.422       -1225.522   -1650.422              11              11
  206        -607.722     250.236        -607.722     250.236             206             206
  233       -1105.370     156.498       -1105.370     156.498             233             233
  124          -8.361    1798.121          -8.361    1798.121             124             124
   48        -620.390    1726.437        -620.390    1726.437              48              48
  246         491.836     331.288         491.836     331.288             246             246
   30        1339.444    -845.742        1339.444    -845.742              30              30
   80        -310.297     347.425        -310.297     347.425              80              80
   41        1818.941     711.281        1818.941     711.281              41              41
   64         254.528   -1470.845         254.528   -1470.845              64              64
   19         603.989    -829.981         603.989    -829.981              19              19
   33        1761.706   -2080.398        1761.706   -2080.398              33              33
  158        -158.428   -1025.291        -158.428   -1025.291             158             158
  213       -1414.883   -2670.540       -1414.883   -2670.540             213             213
  153        -272.116    1866.078        -272.116    1866.078             153             153
   61       -1824.321   -2416.489       -1824.321   -2416.489              61              61
  225        -185.889    1954.488        -185.889    1954.488             225             225
  109        1179.785    1282.632        1179.785    1282.632             109             109
  182         737.153    -938.919         737.153    -938.919             182             182
  205       -1295.727   -1179.628       -1295.727   -1179.628             205             205
   51       -1570.052    1824.203       -1570.052    1824.203              51              51
  163       -1241.514     868.371       -1241.514     868.371             163             163
  138        -693.595    1117.670        -693.595    1117.670             138             138
    4        -563.302    2192.552        -563.302    2192.552               4               4
  137        -201.196     637.380        -201.196     637.380             137             137
  206         943.822   -2077.105         943.822   -2077.105             206             206
   29       -2326.692      90.682       -2326.692      90.682              29              29
  185         352.742    -197.174         352.742    -197.174             185             185
  253         -11.144     175.203         -11.144     175.203             253             253
  189         234.020    -142.812         234.020    -142.812             189             189
   28        -690.327     483.253        -690.327     483.253              28              28
    9         636.394     820.508         636.394     820.508               9               9
  139        1362.020    1487.255        1362.020    1487.255             139             139
    6        2202.015    -655.483        2202.015    -655.483               6               6
  133       -1357.867     462.626       -1357.867     462.626             133             133
  188        -257.322    -975.181        -257.322    -975.181             188             188
  253       -1716.350     497.714       -1716.350     497.714             253             253
  164        -610.442    1196.390        -610.442    1196.390             164             164
   13        -538.662     365.691        -538.662     365.691              13              13
   38       -3212.297   -1111.976       -3212.297   -1111.976              38              38
  228        2201.100    -800.177        2201.100    -800.177             228             228
   32         845.085   -1057.215         845.085   -1057.215              32              32
   72         993.312     465.513         993.312     465.513              72              72
  131       -2000.474    -929.355       -2000.474    -929.355             131             131
  246        -359.293     520.766        -359.293     520.766             246             246
  226         744.284    -717.672         744.284    -717.672             226             226
  192        -673.997   -1021.275        -673.997   -1021.275             192             192
  215       -2432.364    -280.745       -2432.364    -280.745             215             215
   79         100.592   -2792.375         100.592   -2792.375              79              79
  118         321.193   -1364.575         321.193   -1364.575             118             118
  165         404.942    -665.278         404.942    -665.278             165             165
  131         477.906   -1359.347         477.906   -1359.347             131             131
   26        -411.169    -483.203        -411.169    -483.203              26              26
   47         591.303   -1043.216         591.303   -1043.216              47              47
  135         -42.952    1113.581         -42.952    1113.581             135             135
  163        1156.186    -765.948        1156.186    -765.948             163             163
  254         404.397    -588.357         404.397    -588.357             254             254
  164         963.282     835.641         963.282     835.641             164             164
   92       -2517.895     297.809       -2517.895     297.809              92              92
  251        1396.684   -1819.258        1396.684   -1819.258             251             251
   98        -771.854    -506.899        -771.854    -506.899              98              98
  121         418.466    2411.301         418.466    2411.301             121             121
    5        -290.971    1731.465        -290.971    1731.465               5               5
  237        2664.595    -857.398        2664.595    -857.398             237             237
  127        -502.391    1163.725        -502.391    1163.725             127             127
  139         -88.240    -608.734         -88.240    -608.734             139             139
  170         171.092     976.866         171.092     976.866             170             170
  124       -1542.823   -1872.949       -1542.823   -1872.949             124             124
   47        -724.214    -833.620        -724.214    -833.620              47              47
  184        -698.046     861.426        -698.046     861.426             184             184
  163        1094.915   -1390.223        1094.915   -1390.223             163             163
   19         545.535   -2922.272         545.535   -2922.272              19              19
  216       -1036.107    1912.755       -1036.107    1912.755             216             216
  235         345.558     336.444         345.558     336.444             235             235
  150       -1367.671    1067.928       -1367.671    1067.928             150             150
  206        -716.332    1657.436        -716.332    1657.436             206             206
  205         249.497   -2713.019         249.497   -2713.019             205             205
   87        2010.791   -2210.636        2010.791   -2210.636              87              87
  166         -60.111    -100.438         -60.111    -100.438             166             166
   29        1436.186    -445.377        1436.186    -445.377              29              29
  206         763.095    1021.952         763.095    1021.952             206             206
   75        1840.205    -623.666        1840.205    -623.666              75              75
  161        1037.456     398.054        1037.456     398.054             161             161
  232         184.175   -1758.438         184.175   -1758.438             232             232
  122        2203.931   -1293.879        2203.931   -1293.879             122             122
   41        2638.955    -256.674        2638.955    -256.674              41              41
  139        -787.406     412.607        -787.406     412.607             139             139
  120        1967.787    1403.230        1967.787    1403.230             120             120
  206         225.063     342.726         225.063     342.726             206             206
  232       -1478.582    1445.310       -1478.582    1445.310             232             232
  116        -754.040     859.398        -754.040     859.398             116             116
   48        -913.884   -1309.144        -913.884   -1309.144              48              48
   97         200.892     923.831         200.892     923.831              97              97
  121       -1570.830   -1456.832       -1570.830   -1456.832             121             121
   30       -1385.040     835.876       -1385.040     835.876              30              30
  225       -1167.781     528.011       -1167.781     528.011             225             225
    4        1372.339   -1202.433        1372.339   -1202.433               4               4
  200         962.237    1373.895         962.237    1373.895             200             200
   93         142.359    -260.283         142.359    -260.283              93              93
   52        -351.398   -2808.973        -351.398   -2808.973              52              52
  128       -1412.083   -2581.926       -1412.083   -2581.926             128             128
    0          -8.050    -438.418          -8.050    -438.418              -0              -0
   72       -3055.924    -812.029       -3055.924    -812.029              72              72
   89       -1469.380     107.011       -1469.380     107.011              89              89
  236        1567.124   -1151.868        1567.124   -1151.868             236             236
  222        1181.312    1112.978        1181.312    1112.978             222             222
   40        1259.841     150.267        1259.841     150.267              40              40
  186        -703.590     -97.274        -703.590     -97.274             186             186
   54         164.223     148.146         164.223     148.146              54              54
  206          31.888     348.184          31.888     348.184             206             206
  216        1225.724      74.470        1225.724      74.470             216             216
    4        -101.342     760.329        -101.342     760.329               4               4
   25        1159.544    -784.111        1159.544    -784.111              25              25
  121        1217.456    -413.149        1217.456    -413.149             121             121
  236         334.606     698.178         334.606     698.178             236             236
  148        1492.054   -1035.313        1492.054   -1035.313             148             148
  162          32.761   -1327.905          32.761   -1327.905             162             162
  120        -573.003    1751.550        -573.003    1751.550             120             120
   13       -1129.089    1069.293       -1129.089    1069.293              13              13
  113        1902.817    -817.296        1902.817    -817.296             113             113
   97        1713.379    -808.368        1713.379    -808.368              97              97
  129        2928.277     982.100        2928.277     982.100             129             129
  161       -1162.340    1110.721       -1162.340    1110.721             161             161
  195        2259.448      43.971        2259.448      43.971             195             195
  251        1541.547     620.027        1541.547     620.027             251             251
  191        1115.415   -2518.089        1115.415   -2518.089             191             191
  164        1055.609    -505.547        1055.609    -505.547             164             164
    0       -1060.399    -967.588       -1060.399    -967.588              -0              -0
  136        -704.430     617.003        -704.430     617.003             136             136
    2         549.325    1605.884         549.325    1605.884               2               2
   53        1832.939    -901.389        1832.939    -901.389              53              53
    9        -806.290     462.475        -806.290     462.475               9               9
    3        -306.057    -104.240        -306.057    -104.240               3               3
  125        1215.804    -495.731        1215.804    -495.731             125             125
   98       -1636.592   -1978.162       -1636.592   -1978.162              98              98
  240        2201.974    -514.221        2201.974    -514.221             240             240
   92        1957.242    1558.432        1957.242    1558.432              92              92
  138         145.240    1769.723         145.240    1769.723             138             138
  170         461.290     241.404         461.290     241.404             170             170
  146        1522.478     346.600        1522.478     346.600             146             146
   89        1825.700    2266.537        1825.700    2266.537              89              89
  131        1107.692   -2350.669        1107.692   -2350.669             131             131
  150         509.933    -111.540         509.933    -111.540             150             150
  114        -309.064     365.094        -309.064     365.094             114             114
  253        -737.615    -208.726        -737.615    -208.726             253             253
  131        1213.148   -1332.598        1213.148   -1332.598             131             131
    6        -399.231     821.715        -399.231     821.715               6               6
  160        -996.097     311.787        -996.097     311.787             160             160
  252         783.648     108.895         783.648     108.895             252             252
   19        1734.379     968.400        1734.379     968.400              19              19
   17        1804.241     247.096        1804.241     247.096              17              17
   93         762.059    -707.833         762.059    -707.833              93              93
  149        -561.858    2298.227        -561.858    2298.227             149             149
  178        1745.382   -1420.587        1745.382   -1420.587             178             178
   33        1100.121     511.905        1100.121     511.905              33              33
  145          17.337    -256.823          17.337    -256.823             145             145
  114       -1318.255    -154.669       -1318.255    -154.669             114             114
  198        -593.605    1324.983        -593.605    1324.983             198             198
  146        -865.826    1204.998        -865.826    1204.998             146             146
  250         705.460   -1686.226         705.460   -1686.226             250             250
  200          93.250     826.132          93.250     826.132             200             200
  199         382.531   -2017.052         382.531   -2017.052             199             199
    3          60.462     653.160          60.462     653.160               3               3
  204        -916.587   -1434.670        -916.587   -1434.670             204             204
   68       -1147.066    -158.382       -1147.066    -158.382              68              68
  102        -352.199    -597.555        -352.199    -597.555             102             102
  188        -477.467    -587.862        -477.467    -587.862             188             188
  160         282.918    -637.899         282.918    -637.899             160             160
  241          -4.668    -282.161          -4.668    -282.161             241             241
  102        2975.342   -1201.266        2975.342   -1201.266             102             102
   51         121.842    -572.422         121.842    -572.422              51              51
   74        -757.126     286.096        -757.126     286.096              74              74
  234        1623.306     105.597        1623.306     105.597             234             234
  201          22.292    -208.873          22.292    -208.873             201             201
  188        1251.543    1165.412        1251.543    1165.412             188             188
  231       -1666.807     407.735       -1666.807     407.735             231             231
   77        1590.418    1680.848        1590.418    1680.848              77              77
  195        -369.569   -1382.308        -369.569   -1382.308             195             195
  135        -785.687   -2248.578        -785.687   -2248.578             135             135
   73        -802.260     322.665        -802.260     322.665              73              73
  215         213.012    1058.648         213.012    1058.648             215             215
  152         626.324    -760.754         626.324    -760.754             152             152
  167         133.237   -2270.306         133.237   -2270.306             167             167
  109         228.980    1704.839         228.980    1704.839             109             109
   74         509.667      33.917         509.667      33.917              74              74
  201        -562.362     300.622        -562.362     300.622             201             201
  255       -2026.489    1232.671       -2026.489    1232.671             255             255
  188        2100.982     259.028        2100.982     259.028             188             188
  143        1092.318     421.418        1092.318     421.418             143             143
  145         249.340     265.892         249.340     265.892             145             145
  183         484.070    1419.701         484.070    1419.701             183             183
   88          46.627     330.894          46.627     330.894              88              88
   89        1617.027     218.601        1617.027     218.601              89              89
  187        -925.276    -440.498        -925.276    -440.498             187             187
   36        2173.054   -1247.507        2173.054   -1247.507              36              36
  158       -1616.374      70.028       -1616.374      70.028             158             158
   33        -326.566     386.927        -326.566     386.927              33              33
  224         -57.579    -950.199         -57.579    -950.199             224             224
   62       -1543.924     376.426       -1543.924     376.426              62              62
   19        1925.483     175.530        1925.483     175.530              19              19
   70          24.225   -1027.498          24.225   -1027.498              70              70
  113         820.880   -1623.711         820.880   -1623.711             113             113
   93        -719.153    1472.154        -719.153    1472.154              93              93
   49       -1004.101   -3321.533       -1004.101   -3321.533              49              49
   59        1232.656   -1852.512        1232.656   -1852.512              59              59
   26         139.969    -846.620         139.969    -846.620              26              26
   24       -2061.213   -1121.166       -2061.213   -1121.166              24              24
  136        -704.177    1071.646        -704.177    1071.646             136             136
  222        -493.113    -489.123        -493.113    -489.123             222             222
  159        -372.817   -1498.687        -372.817   -1498.687             159             159
  210        -595.286    -981.974        -595.286    -981.974             210             210
  182       -2995.586     -34.493       -2995.586     -34.493             182             182
   55         101.329     534.599         101.329     534.599              55              55
  122         668.822     119.973         668.822     119.973             122             122
   35        -457.948    -451.349        -457.948    -451.349              35              35
  130         564.505    -385.793         564.505    -385.793             130             130
   67         409.058   -1043.938         409.058   -1043.938              67              67
   34        1476.420    -154.172        1476.420    -154.172              34              34
   63         324.994    1210.637         324.994    1210.637              63              63
  210         366.736     305.433         366.736     305.433             210             210
  180       -1018.807     980.927       -1018.807     980.927             180             180
  246         631.342    -955.379         631.342    -955.379             246             246
   42        -565.000      -0.028        -565.000      -0.028              42              42
   14         631.002     955.531         631.002     955.531              14              14
  178       -1018.441    -981.357       -1018.441    -981.357             178             178
   78         367.017    -305.260         367.017    -305.260              78              78
  172         325.541   -1210.317         325.541   -1210.317             172             172
  211        1476.346     155.033        1476.346     155.033             211             211
   47         408.517    1044.274         408.517    1044.274              47              47
  234         564.132     386.039         564.132     386.039             234             234
  231        -458.301     451.209        -458.301     451.209             231             231
  118         668.630    -119.743         668.630    -119.743             118             118
   92         101.010    -534.413         101.010    -534.413              92              92
   69       -2995.797      33.794       -2995.797      33.794              69              69
  167        -595.452     982.046        -595.452     982.046             167             167
  152        -373.252    1498.600        -373.252    1498.600             152             152
   96        -493.263     488.827        -493.263     488.827              96              96
  191        -703.828   -1071.746        -703.828   -1071.746             191             191
   33       -2061.331    1120.774       -2061.331    1120.774              33              33
   62         140.137     846.881         140.137     846.881              62              62
   94        1232.152    1853.076        1232.152    1853.076              94              94
  243       -1005.181    3320.822       -1005.181    3320.822             243             243
  244        -718.351   -1472.738        -718.351   -1472.738             244             244
  150         820.610    1623.903         820.610    1623.903             150             150
  110          24.084    1027.139          24.084    1027.139             110             110
   24        1925.474    -175.243        1925.474    -175.243              24              24
   24       -1543.912    -377.094       -1543.912    -377.094              24              24
  177         -57.761     949.988         -57.761     949.988             177             177
   59        -326.351    -387.269        -326.351    -387.269              59              59
   88       -1615.954     -70.630       -1615.954     -70.630              88              88
  132        2172.939    1248.060        2172.939    1248.060             132             132
  240        -925.250     439.805        -925.250     439.805             240             240
   79        1617.304    -218.444        1617.304    -218.444              79              79
  175          46.782    -331.241          46.782    -331.241             175             175
  254         484.653   -1419.733         484.653   -1419.733             254             254
    1         249.564    -265.867         249.564    -265.867               1               1
  254        1092.567    -421.147        1092.567    -421.147             254             254
  170        2100.756    -258.452        2100.756    -258.452             170             170
  213       -2026.341   -1233.370       -2026.341   -1233.370             213             213
   45        -562.075    -300.703        -562.075    -300.703              45              45
  149         509.834     -33.725         509.834     -33.725             149             149
  188         229.608   -1704.468         229.608   -1704.468             188             188
  163         132.544    2270.594         132.544    2270.594             163             163
  242         626.069     760.741         626.069     760.741             242             242
    1         213.242   -1058.661         213.242   -1058.661               1               1
   75        -802.207    -322.682        -802.207    -322.682              75              75
  138        -786.290    2248.363        -786.290    2248.363             138             138
   97        -369.714    1381.719        -369.714    1381.719              97              97
   10        1591.065   -1680.675        1591.065   -1680.675              10              10
  171       -1666.527    -408.372       -1666.527    -408.372             171             171
  160        1252.226   -1164.935        1252.226   -1164.935             160             160
  105          22.401     209.018          22.401     209.018             105             105
  159        1623.380    -104.984        1623.380    -104.984             159             159
  148        -757.012    -286.186        -757.012    -286.186             148             148
  255         121.985     572.665         121.985     572.665             255             255
   14        2974.933    1202.293        2974.933    1202.293              14              14
  173          -5.078     282.109          -5.078     282.109             173             173
   24         282.482     637.967         282.482     637.967              24              24
  192        -477.851     587.630        -477.851     587.630             192             192
  232        -352.524     597.326        -352.524     597.326             232             232
  112       -1147.127     157.936       -1147.127     157.936             112             112
   68        -916.851    1434.180        -916.851    1434.180              68              68
  217          60.953    -653.278          60.953    -653.278             217             217
  192         382.027    2016.956         382.027    2016.956             192             192
  244          93.649    -826.394          93.649    -826.394             244             244
  215         704.891    1686.105         704.891    1686.105             215             215
  193        -865.439   -1205.765        -865.439   -1205.765             193             193
  243        -593.024   -1325.284        -593.024   -1325.284             243             243
  130       -1317.951     154.229       -1317.951     154.229             130             130
  150          17.809     256.694          17.809     256.694             150             150
   33        1100.759    -511.620        1100.759    -511.620              33              33
   24        1745.056    1420.881        1745.056    1420.881              24              24
   82        -560.927   -2298.612        -560.927   -2298.612              82              82
  197         762.201     708.096         762.201     708.096             197             197
   10        1804.541    -246.689        1804.541    -246.689              10              10
   84        1734.625    -967.891        1734.625    -967.891              84              84
   16         783.412    -108.623         783.412    -108.623              16              16
  149        -996.100    -312.142        -996.100    -312.142             149             149
  181        -398.750    -821.702        -398.750    -821.702             181             181
   27        1212.796    1333.074        1212.796    1333.074              27              27
   65        -737.627     208.315        -737.627     208.315              65              65
   86        -308.623    -365.273        -308.623    -365.273              86              86
  132         510.297     111.759         510.297     111.759             132             132
  224        1107.265    2350.676        1107.265    2350.676             224             224
  235        1826.643   -2266.333        1826.643   -2266.333             235             235
  132        1522.548    -346.141        1522.548    -346.141             132             132
  238         461.299    -241.420         461.299    -241.420             238             238
  152         145.966   -1769.722         145.966   -1769.722             152             152
  156        1957.855   -1557.430        1957.855   -1557.430             156             156
  174        2201.437     515.425        2201.437     515.425             174             174
  129       -1637.477    1977.722       -1637.477    1977.722             129             129
   13        1215.625     495.963        1215.625     495.963              13              13
  243        -306.218     103.969        -306.218     103.969             243             243
   90        -805.953    -462.800        -805.953    -462.800              90              90
  205        1832.760     901.844        1832.760     901.844             205             205
  232         549.682   -1605.799         549.682   -1605.799             232             232
   50        -704.294    -616.980        -704.294    -616.980              50              50
  142       -1060.428     967.446       -1060.428     967.446             142             142
  219        1055.848     506.019        1055.848     506.019             219             219
  181        1114.839    2518.244        1114.839    2518.244             181             181
   37        1541.925    -619.924        1541.925    -619.924              37              37
  253        2259.321     -43.481        2259.321     -43.481             253             253
  205       -1161.914   -1111.273       -1161.914   -1111.273             205             205
  120        2928.758    -981.001        2928.758    -981.001             120             120
  194        1712.858     809.049        1712.858     809.049             194             194
  216        1902.026     817.731        1902.026     817.731             216             216
  204       -1129.178   -1069.887       -1129.178   -1069.887             204             204
  210        -572.469   -1751.523        -572.469   -1751.523             210             210
  109          32.442    1328.188          32.442    1328.188             109             109
  130        1491.718    1035.701        1491.718    1035.701             130             130
  237         334.759    -698.148         334.759    -698.148             237             237
  174        1217.235     413.594        1217.235     413.594             174             174
  216        1159.019     784.349        1159.019     784.349             216             216
  114        -101.301    -760.503        -101.301    -760.503             114             114
  143        1225.523     -74.079        1225.523     -74.079             143             143
  195          31.694    -348.172          31.694    -348.172             195             195
  246         164.022    -148.037         164.022    -148.037             246             246
  125        -703.691      97.071        -703.691      97.071             125             125
   91        1259.856    -149.845        1259.856    -149.845              91              91
  146        1181.400   -1112.363        1181.400   -1112.363             146             146
   44        1566.092    1152.634        1566.092    1152.634              44              44
  221       -1470.084    -107.348       -1470.084    -107.348             221             221
  160       -3056.356     811.217       -3056.356     811.217             160             160
   32          -8.134     438.682          -8.134     438.682              32              32
   56       -1412.900    2581.589       -1412.900    2581.589              56              56
  110        -352.126    2808.451        -352.126    2808.451             110             110
    9         142.466     259.695         142.466     259.695               9               9
  106         962.753   -1373.835         962.753   -1373.835             106             106
  253        1371.630    1202.706        1371.630    1202.706             253             253
  229       -1167.993    -528.713       -1167.993    -528.713             229             229
   31       -1384.879    -836.372       -1384.879    -836.372              31              31
   34       -1571.160    1456.167       -1571.160    1456.167              34              34
  226         201.370    -923.957         201.370    -923.957             226             226
  237        -914.228    1308.599        -914.228    1308.599             237             237
  154        -753.549    -860.049        -753.549    -860.049             154             154
  165       -1477.652   -1445.926       -1477.652   -1445.926             165             165
  197         225.827    -342.667         225.827    -342.667             197             197
  103        1968.603   -1402.474        1968.603   -1402.474             103             103
  119        -786.878    -412.567        -786.878    -412.567             119             119
   50        2639.295     257.889        2639.295     257.889              50              50
  233        2203.443    1294.823        2203.443    1294.823             233             233
  101         183.517    1758.362         183.517    1758.362             101             101
  224        1037.679    -397.899        1037.679    -397.899             224             224
  193        1839.923     624.148        1839.923     624.148             193             193
  216         763.265   -1021.718         763.265   -1021.718             216             216
  112        1435.794     446.001        1435.794     446.001             112             112
  133         -60.340     100.615         -60.340     100.615             133             133
  206        2009.760    2211.384        2009.760    2211.384             206             206
  237         248.044    2712.560         248.044    2712.560             237             237
  224        -716.207   -1658.266        -716.207   -1658.266             224             224
   97       -1367.445   -1068.516       -1367.445   -1068.516              97              97
   26         345.604    -336.363         345.604    -336.363              26              26
  190       -1035.485   -1912.764       -1035.485   -1912.764             190             190
    2         544.633    2922.730         544.633    2922.730               2               2
   59        1094.241    1390.274        1094.241    1390.274              59              59
  246        -698.053    -861.844        -698.053    -861.844             246             246
  112        -724.647     833.387        -724.647     833.387             112             112
   69       -1543.358    1872.094       -1543.358    1872.094              69              69
   97         171.628    -977.182         171.628    -977.182              97              97
  109         -88.317     608.425         -88.317     608.425             109             109
   42        -501.695   -1164.113        -501.695   -1164.113              42              42
  128        2664.356     858.025        2664.356     858.025             128             128
  144        -290.617   -1731.879        -290.617   -1731.879             144             144
   12         419.134   -2410.937         419.134   -2410.937              12              12
  110        -772.056     507.085        -772.056     507.085             110             110
   42        1395.906    1819.756        1395.906    1819.756              42              42
  177       -2517.800    -298.827       -2517.800    -298.827             177             177
   51         963.836    -835.239         963.836    -835.239              51              51
  145         404.283     588.652         404.283     588.652             145             145
   41        1155.871     766.294        1155.871     766.294              41              41
  102         -42.706   -1113.486         -42.706   -1113.486             102             102
  123         590.825    1043.653         590.825    1043.653             123             123
  143        -411.431     483.215        -411.431     483.215             143             143
   71         477.399    1359.596         477.399    1359.596              71              71
   60         404.564     665.459         404.564     665.459              60              60
  104         320.488    1364.767         320.488    1364.767             104             104
  183          99.257    2792.159          99.257    2792.159             183             183
  193       -2432.610     279.525       -2432.610     279.525             193             193
   54        -674.119    1020.735        -674.119    1020.735              54              54
  164         744.094     717.501         744.094     717.501             164             164
  162        -359.266    -521.174        -359.266    -521.174             162             162
  152       -2000.604     928.440       -2000.604     928.440             152             152
  191         993.783    -465.389         993.783    -465.389             191             191
   97         844.784    1057.343         844.784    1057.343              97              97
  154        2200.380     800.605        2200.380     800.605             154             154
  251       -3213.024    1110.412       -3213.024    1110.412             251             251
   87        -538.428    -366.439        -538.428    -366.439              87              87
   10        -610.027   -1196.923        -610.027   -1196.923              10              10
   64       -1715.997    -498.380       -1715.997    -498.380              64              64
  184        -257.330     974.874        -257.330     974.874             184             184
  120       -1357.197    -463.392       -1357.197    -463.392             120             120
  107        2202.239     655.832        2202.239     655.832             107             107
   57        1362.499   -1487.161        1362.499   -1487.161              57              57
    8         636.474    -820.400         636.474    -820.400               8               8
  119        -690.264    -483.511        -690.264    -483.511             119             119
  167         233.968     142.832         233.968     142.832             167             167
   50         -11.148    -175.297         -11.148    -175.297              50              50
   41         352.470     197.196         352.470     197.196              41              41
  218       -2326.622     -91.515       -2326.622     -91.515             218             218
  196         943.297    2077.069         943.297    2077.069             196             196
   83        -201.068    -638.105        -201.068    -638.105              83              83
   64        -562.633   -2193.071        -562.633   -2193.071              64              64
   63        -693.262   -1117.944        -693.262   -1117.944              63              63
  227       -1241.190    -868.799       -1241.190    -868.799             227             227
  135       -1569.208   -1824.476       -1569.208   -1824.476             135             135
  124       -1295.617    1179.461       -1295.617    1179.461             124             124
   75         737.332     939.002         737.332     939.002              75              75
   62        1180.347   -1282.407        1180.347   -1282.407              62              62
   62        -185.319   -1954.199        -185.319   -1954.199              62              62
  130       -1824.973    2416.093       -1824.973    2416.093             130             130
  227        -271.162   -1865.953        -271.162   -1865.953             227             227
  225       -1415.326    2670.379       -1415.326    2670.379             225             225
   26        -158.082    1025.207        -158.082    1025.207              26              26
  163        1761.488    2080.800        1761.488    2080.800             163             163
   66         603.941     829.831         603.941     829.831              66              66
  180         254.348    1470.427         254.348    1470.427             180             180
  159        1819.326    -711.179        1819.326    -711.179             159             159
  153        -310.092    -347.786        -310.092    -347.786             153             153
  191        1339.259     845.831        1339.259     845.831             191             191
  224         491.829    -331.660         491.829    -331.660             224             224
   82        -619.854   -1727.003        -619.854   -1727.003              82              82
   55          -7.743   -1798.100          -7.743   -1798.100              55              55
   75       -1105.226    -156.705       -1105.226    -156.705              75              75
  139        -607.400    -250.265        -607.400    -250.265             139             139
   63       -1225.640    1649.985       -1225.640    1649.985              63              63
  194         465.407    -247.633         465.407    -247.633             194             194
   50        2234.763     611.621        2234.763     611.621              50              50
  114       -2840.640     135.942       -2840.640     135.942             114             114
  236         -36.388    1218.048         -36.388    1218.048             236             236
   13        1400.251   -1395.623        1400.251   -1395.623              13              13
   55        -386.513    -421.283        -386.513    -421.283              55              55
   64        1613.211    -168.190        1613.211    -168.190              64              64
   78        1560.656     293.036        1560.656     293.036              78              78
  119         -85.310    -654.342         -85.310    -654.342             119             119
   35         690.486     244.264         690.486     244.264              35              35
  214        1100.709     676.690        1100.709     676.690             214             214
  243       -1824.990    -594.344       -1824.990    -594.344             243             243
  111        2857.864    -160.788        2857.864    -160.788             111             111
   21        -136.959     765.020        -136.959     765.020              21              21
   50         225.158   -1388.307         225.158   -1388.307              50              50
  241        1551.449    -179.461        1551.449    -179.461             241             241
  249        -855.411    -621.388        -855.411    -621.388             249             249
   19       -1359.374   -1795.192       -1359.374   -1795.192              19              19
   11       -2406.722    -687.247       -2406.722    -687.247              11              11
  156         959.636   -2358.222         959.636   -2358.222             156             156
   86         916.721    -581.220         916.721    -581.220              86              86
  192        -592.408    1459.897        -592.408    1459.897             192             192
   60       -2255.415    -315.065       -2255.415    -315.065              60              60
  240        1448.578     123.462        1448.578     123.462             240             240
  127        -453.662    -202.796        -453.662    -202.796             127             127
   28        -361.282    1270.404        -361.282    1270.404              28              28
   66         471.601    -148.545         471.601    -148.545              66              66
  182        -967.087    2174.300        -967.087    2174.300             182             182
  103        1052.703    -971.317        1052.703    -971.317             103             103
  205        -229.143   -1632.937        -229.143   -1632.937             205             205
  245         966.450    1137.300         966.450    1137.300             245             245
   42       -1426.426    1758.749       -1426.426    1758.749              42              42
    0       -1415.619    -735.013       -1415.619    -735.013               0               0
