SINAL     NFT                         FFT                         NFT INVERSA     FFT INVERSA
-----     -----------------------     -----------------------     -----------     -----------
  187       63567.000       0.000       63567.000       0.000             187             187
  216        -362.492   -1124.916        -362.492   -1124.916             216             216
   90        1188.400    2254.516        1188.400    2254.516              90              90
   61       -1408.112    1500.886       -1408.112    1500.886              61              61
   50       -1819.921    1584.625       -1819.921    1584.625              50              50
  117       -2445.018      10.734       -2445.018      10.734             117             117
   30       -1260.333   -1093.072       -1260.333   -1093.072              30              30
   74         943.322    1982.156         943.322    1982.156              74              74
   62         123.749     778.906         123.749     778.906              62              62
  124         233.817    1320.272         233.817    1320.272             124             124
   33         461.188     380.371         461.188     380.371              33              33
  218        -738.624    -196.291        -738.624    -196.291             218             218
  116        1085.621     262.351        1085.621     262.351             116             116
   26        -322.803    2066.254        -322.803    2066.254              26              26
   12        -588.719    -593.722        -588.719    -593.722              12              12
   26          32.694    -768.057          32.694    -768.057              26              26
  213        -985.554     821.736        -985.554     821.736             213             213
  111         827.728   -2428.078         827.728   -2428.078             111             111
  141         521.546     128.664         521.546     128.664             141             141
   18        1245.764     672.440        1245.764     672.440              18              18
   27       -1597.854     -37.781       -1597.854     -37.781              27              27
   98        -363.692     816.003        -363.692     816.003              98              98
  104        -616.999      -0.485        -616.999      -0.485             104             104
   75         828.604    1607.776         828.604    1607.776              75              75
  107        1642.189   -1601.828        1642.189   -1601.828             107             107
  137       -1127.477    -173.963       -1127.477    -173.963             137             137
  192        1020.723     365.295        1020.723     365.295             192             192
   59         -15.241    -683.583         -15.241    -683.583              59              59
   85         793.240    -264.682         793.240    -264.682              85              85
   18        1273.285     607.121        1273.285     607.121              18              18
  212          78.737    -621.081          78.737    -621.081             212             212
   17        -533.487   -1058.833        -533.487   -1058.833              17              17
  234        -595.178    1900.300        -595.178    1900.300             234             234
   47        -363.068    1222.400        -363.068    1222.400              47              47
   78       -1791.208    1262.619       -1791.208    1262.619              78              78
   29         112.515    -328.789         112.515    -328.789              29              29
  164        1987.168    -700.579        1987.168    -700.579             164             164
  109         157.625    1492.514         157.625    1492.514             109             109
  103        1946.395    -801.548        1946.395    -801.548             103             103
  227         892.809    -299.234         892.809    -299.234             227             227
  234       -1946.213     -86.657       -1946.213     -86.657             234             234
  137         734.433   -1600.775         734.433   -1600.775             137             137
  190        -856.351     221.134        -856.351     221.134             190             190
   94        1791.037    -154.728        1791.037    -154.728              94              94
  164         529.675    -332.867         529.675    -332.867             164             164
  203         350.190    1961.574         350.190    1961.574             203             203
  120       -3082.073    -714.065       -3082.073    -714.065             120             120
  121        1541.343     584.411        1541.343     584.411             121             121
   59       -1710.941    -627.671       -1710.941    -627.671              59              59
    6        1764.701   -2979.281        1764.701   -2979.281               6               6
  140        1201.996   -1111.874        1201.996   -1111.874             140             140
   86        1488.356    2778.580        1488.356    2778.580              86              86
  104        1262.638   -2010.940        1262.638   -2010.940             104             104
  244         711.344    -786.367         711.344    -786.367             244             244
  161         519.712   -1029.783         519.712   -1029.783             161             161
  212        1591.531    1750.632        1591.531    1750.632             212             212
  125         119.502    2557.444         119.502    2557.444             125             125
   98        1345.316    2702.241        1345.316    2702.241              98              98
   15        -586.974    -766.669        -586.974    -766.669              15              15
  211        -239.344     329.549        -239.344     329.549             211             211
  116        -585.284    1052.547        -585.284    1052.547             116             116
  228         946.762   -2337.026         946.762   -2337.026             228             228
  228        -640.896   -1174.086        -640.896   -1174.086             228             228
   95          20.348    -371.585          20.348    -371.585              95              95
   19       -1564.080    2475.163       -1564.080    2475.163              19              19
   51        1906.111   -1365.880        1906.111   -1365.880              51              51
  124        1879.116    -241.759        1879.116    -241.759             124             124
  184         267.284    -991.119         267.284    -991.119             184             184
  160         831.037     199.412         831.037     199.412             160             160
  227       -1564.539   -1586.722       -1564.539   -1586.722             227             227
  156         835.990   -2428.444         835.990   -2428.444             156             156
  138        -446.334   -1293.785        -446.334   -1293.785             138             138
  108       -1468.272    -640.638       -1468.272    -640.638             108             108
   90       -1020.296    -788.692       -1020.296    -788.692              90              90
  233        1563.823    3076.527        1563.823    3076.527             233             233
   16        -369.780    1242.114        -369.780    1242.114              16              16
   38         847.200    1218.800         847.200    1218.800              38              38
   98         178.472    -931.221         178.472    -931.221              98              98
  138        -960.651    -201.246        -960.651    -201.246             138             138
   97        -373.453    1341.266        -373.453    1341.266              97              97
  105         547.910     257.639         547.910     257.639             105             105
   22        -921.319    1801.759        -921.319    1801.759              22              22
  184          51.313   -1150.631          51.313   -1150.631             184             184
  210         -64.808    1877.304         -64.808    1877.304             210             210
   11         440.199   -1487.197         440.199   -1487.197              11              11
   90         -81.836      93.178         -81.836      93.178              90              90
  166         156.910    -441.008         156.910    -441.008             166             166
  137        1573.799    -859.259        1573.799    -859.259             137             137
  188         988.860    2290.268         988.860    2290.268             188             188
  182        -409.721      77.599        -409.721      77.599             182             182
   92        -384.992    2258.362        -384.992    2258.362              92              92
   48       -1081.715     282.666       -1081.715     282.666              48              48
  154        1591.060    -316.737        1591.060    -316.737             154             154
   65         349.082    -907.358         349.082    -907.358              65              65
  143        -440.689    -933.421        -440.689    -933.421             143             143
  173        1067.857    -125.313        1067.857    -125.313             173             173
  116       -1507.118   -2250.878       -1507.118   -2250.878             116             116
   11        1780.845    2373.650        1780.845    2373.650              11              11
  101          47.202    -728.123          47.202    -728.123             101             101
   21        1915.214    -557.188        1915.214    -557.188              21              21
  239          24.018   -1167.824          24.018   -1167.824             239             239
    2         762.545    -129.889         762.545    -129.889               2               2
  160        1308.910     -82.783        1308.910     -82.783             160             160
   92        -572.196    1012.430        -572.196    1012.430              92              92
   93       -1341.856    -845.539       -1341.856    -845.539              93              93
  137         316.538      18.316         316.538      18.316             137             137
  109       -1921.420    -925.062       -1921.420    -925.062             109             109
  131       -1004.610   -1798.835       -1004.610   -1798.835             131             131
  236       -1255.353     679.662       -1255.353     679.662             236             236
  247       -1005.264    -250.933       -1005.264    -250.933             247             247
  229        -415.800     471.578        -415.800     471.578             229             229
   85        -981.628    -551.210        -981.628    -551.210              85              85
   14        -400.206     859.820        -400.206     859.820              14              14
  157         386.319    -556.332         386.319    -556.332             157             157
   39         491.910    -622.752         491.910    -622.752              39              39
   26        -300.748    -272.437        -300.748    -272.437              26              26
  247       -1539.283     483.377       -1539.283     483.377             247             247
  206         877.343    2024.535         877.343    2024.535             206             206
  163        1198.272   -2245.381        1198.272   -2245.381             163             163
  179         293.835   -2213.581         293.835   -2213.581             179             179
  132         472.931    1663.669         472.931    1663.669             132             132
    0        -930.806    1785.873        -930.806    1785.873              -0              -0
  228       -1688.827   -1134.939       -1688.827   -1134.939             228             228
   30         586.033      64.796         586.033      64.796              30              30
   65        2256.107    -754.709        2256.107    -754.709              65              65
  115        -908.688     756.676        -908.688     756.676             115             115
  204         640.519   -1018.446         640.519   -1018.446             204             204
  182        -562.681   -1056.433        -562.681   -1056.433             182             182
  127        -226.121     854.936        -226.121     854.936             127             127
   49       -2343.465    -181.994       -2343.465    -181.994              49              49
  203        -224.985   -1130.098        -224.985   -1130.098             203             203
  110         468.085   -1777.274         468.085   -1777.274             110             110
   52         612.165   -1926.652         612.165   -1926.652              52              52
  107         445.079   -1182.386         445.079   -1182.386             107             107
  202        1432.511    -510.004        1432.511    -510.004             202             202
  145       -1634.893     368.179       -1634.893     368.179             145             145
  245        -403.675   -1023.730        -403.675   -1023.730             245             245
   55         194.098     -50.557         194.098     -50.557              55              55
   20        1616.736   -1309.482        1616.736   -1309.482              20              20
  226        -222.470     327.571        -222.470     327.571             226             226
   47         931.362    -893.662         931.362    -893.662              47              47
  250        1540.662   -1308.604        1540.662   -1308.604             250             250
   55        -197.089     932.392        -197.089     932.392              55              55
   62         655.350   -1332.549         655.350   -1332.549              62              62
  152        -336.212     -93.231        -336.212     -93.231             152             152
   95        -510.434    -851.932        -510.434    -851.932              95              95
   88        2122.042   -2336.196        2122.042   -2336.196              88              88
  143         593.373    -995.863         593.373    -995.863             143             143
   45       -1740.394    1985.800       -1740.394    1985.800              45              45
  252          96.925   -1131.476          96.925   -1131.476             252             252
   67         171.197    -823.843         171.197    -823.843              67              67
  177        -407.791   -1210.850        -407.791   -1210.850             177             177
  252        -384.002   -1064.945        -384.002   -1064.945             252             252
   39        1861.990    1105.889        1861.990    1105.889              39              39
  208         324.475    1418.965         324.475    1418.965             208             208
   61        2148.313     738.464        2148.313     738.464              61              61
  155        1026.406     199.154        1026.406     199.154             155             155
  156        -732.558    1529.388        -732.558    1529.388             156             156
  243       -1339.624    1174.876       -1339.624    1174.876             243             243
   26        1053.538      -6.857        1053.538      -6.857              26              26
  206       -2554.231       0.858       -2554.231       0.858             206             206
  191         284.083     802.001         284.083     802.001             191             191
  137       -1164.347      46.962       -1164.347      46.962             137             137
    2       -1379.140    -301.247       -1379.140    -301.247               2               2
   42        -102.607    -455.932        -102.607    -455.932              42              42
   84       -2438.793      77.956       -2438.793      77.956              84              84
  147         914.979    -540.736         914.979    -540.736             147             147
   32        -537.924     595.434        -537.924     595.434              32              32
  140        -965.438   -2442.257        -965.438   -2442.257             140             140
  168        1491.839   -1241.049        1491.839   -1241.049             168             168
    2         155.323     296.661         155.323     296.661               2               2
  187        -949.667    2391.375        -949.667    2391.375             187             187
  163        1869.469      83.545        1869.469      83.545             163             163
   58         864.351     744.216         864.351     744.216              58              58
  250         -73.173   -1397.930         -73.173   -1397.930             250             250
   59        -744.945    -890.733        -744.945    -890.733              59              59
  153        -522.360    -247.510        -522.360    -247.510             153             153
   83        -477.176   -1469.234        -477.176   -1469.234              83              83
  202       -2175.954    -238.811       -2175.954    -238.811             202             202
  199         808.148    -462.818         808.148    -462.818             199             199
   79         981.136     160.295         981.136     160.295              79              79
   14         918.196     -59.109         918.196     -59.109              14              14
  121         265.473    -122.379         265.473    -122.379             121             121
   75       -1191.467     106.564       -1191.467     106.564              75              75
   54         413.881     369.211         413.881     369.211              54              54
   73        2650.446     -57.429        2650.446     -57.429              73              73
  136        1486.979   -2010.489        1486.979   -2010.489             136             136
  209       -2159.234     211.211       -2159.234     211.211             209             209
  230         -61.564    1718.873         -61.564    1718.873             230             230
  124        1287.849    -344.959        1287.849    -344.959             124             124
  236       -2848.067    -752.126       -2848.067    -752.126             236             236
  180         581.948     342.042         581.948     342.042             180             180
   59        1758.192   -1090.543        1758.192   -1090.543              59              59
  117         479.021     507.274         479.021     507.274             117             117
  183        1147.126    -669.912        1147.126    -669.912             183             183
  102         569.097    -681.772         569.097    -681.772             102             102
  201        1112.461    -565.356        1112.461    -565.356             201             201
   75        -438.205    -796.069        -438.205    -796.069              75              75
  134       -1373.274    1687.999       -1373.274    1687.999             134             134
   85        -139.082    -434.312        -139.082    -434.312              85              85
  243         721.025   -1819.823         721.025   -1819.823             243             243
  137        -521.317    -379.189        -521.317    -379.189             137             137
   17       -1255.378    -790.678       -1255.378    -790.678              17              17
  151         687.043    1033.816         687.043    1033.816             151             151
  195        -380.049   -1074.739        -380.049   -1074.739             195             195
   12        -848.614     769.199        -848.614     769.199              12              12
  210         862.155    -416.837         862.155    -416.837             210             210
   92        1042.118   -2354.679        1042.118   -2354.679              92              92
   95       -1472.488    -601.238       -1472.488    -601.238              95              95
  157        2748.879    -404.853        2748.879    -404.853             157             157
   35        1070.637     -11.026        1070.637     -11.026              35              35
  174        -782.098   -1435.657        -782.098   -1435.657             174             174
  171         700.736     278.803         700.736     278.803             171             171
  156         462.680    2627.776         462.680    2627.776             156             156
  250        -923.519    1703.919        -923.519    1703.919             250             250
  226        -653.087    -671.539        -653.087    -671.539             226             226
  230        1295.497     432.508        1295.497     432.508             230             230
  131        -300.895    1114.795        -300.895    1114.795             131             131
  179        -760.624    -394.012        -760.624    -394.012             179             179
  204        1197.513    -804.649        1197.513    -804.649             204             204
  255         260.060    2436.181         260.060    2436.181             255             255
  159        1953.959     484.656        1953.959     484.656             159             159
  129        -275.735    2114.848        -275.735    2114.848             129             129
   59        -302.324    -654.810        -302.324    -654.810              59              59
   21        1152.795   -1355.643        1152.795   -1355.643              21              21
   57        2368.304     265.316        2368.304     265.316              57              57
  161        -610.066    1028.039        -610.066    1028.039             161             161
  223         -91.335   -1897.565         -91.335   -1897.565             223             223
  132        -734.147   -1306.399        -734.147   -1306.399             132             132
   40        1195.346     -88.594        1195.346     -88.594              40              40
   52         620.809     510.488         620.809     510.488              52              52
  120         -91.914   -2322.801         -91.914   -2322.801             120             120
  177         482.292     889.725         482.292     889.725             177             177
   70        1049.411    1655.932        1049.411    1655.932              70              70
   15       -1762.398     333.181       -1762.398     333.181              15              15
  116        1234.349     935.510        1234.349     935.510             116             116
   83         767.404      -2.950         767.404      -2.950              83              83
  225         312.558   -1089.195         312.558   -1089.195             225             225
  209       -2141.447     673.463       -2141.447     673.463             209             209
  178        -438.133     881.596        -438.133     881.596             178             178
  127         968.027    -215.860         968.027    -215.860             127             127
  245         842.310   -1003.995         842.310   -1003.995             245             245
   97       -1878.262     494.533       -1878.262     494.533              97              97
   43        1343.979   -1122.475        1343.979   -1122.475              43              43
  146        -710.003    -575.635        -710.003    -575.635             146             146
   91        -675.729   -2758.312        -675.729   -2758.312              91              91
   13        -605.340     791.964        -605.340     791.964              13              13
  120        -494.825   -1067.753        -494.825   -1067.753             120             120
  222       -2278.452    1252.036       -2278.452    1252.036             222             222
  192       -2201.454    -558.948       -2201.454    -558.948             192             192
   69         172.020    1948.086         172.020    1948.086              69              69
  222         723.624    -475.653         723.624    -475.653             222             222
   96        -359.191     495.376        -359.191     495.376              96              96
  199         247.554    -198.937         247.554    -198.937             199             199
   25         137.233    -817.935         137.233    -817.935              25              25
  117         667.993    3344.767         667.993    3344.767             117             117
    0         673.000      -0.210         673.000      -0.210              -0              -0
  187         669.004   -3344.626         669.004   -3344.626             187             187
   84         136.808     818.220         136.808     818.220              84              84
  132         247.318     198.969         247.318     198.969             132             132
  228        -359.150    -495.519        -359.150    -495.519             228             228
  137         723.271     475.788         723.271     475.788             137             137
  253         172.208   -1947.979         172.208   -1947.979             253             253
  149       -2201.990     558.388       -2201.990     558.388             149             149
  208       -2277.925   -1252.574       -2277.925   -1252.574             208             208
   12        -494.931    1067.844        -494.931    1067.844              12              12
   10        -604.903    -791.846        -604.903    -791.846              10              10
   35        -676.450    2758.275        -676.450    2758.275              35              35
  238        -709.867     575.250        -709.867     575.250             238             238
  220        1343.716    1122.716        1343.716    1122.716             220             220
  214       -1877.943    -495.318       -1877.943    -495.318             214             214
  109         842.312    1004.146         842.312    1004.146             109             109
  209         967.955     215.878         967.955     215.878             209             209
   55        -437.978    -881.937        -437.978    -881.937              55              55
  152       -2140.999    -674.127       -2140.999    -674.127             152             152
   99         312.660    1089.256         312.660    1089.256              99              99
  147         767.688       2.942         767.688       2.942             147             147
  165        1234.646    -935.258        1234.646    -935.258             165             165
  220       -1762.147    -333.863       -1762.147    -333.863             220             220
  114        1050.288   -1655.507        1050.288   -1655.507             114             114
  102         482.696    -889.124         482.696    -889.124             102             102
   34         -92.537    2322.949         -92.537    2322.949              34              34
   80         621.172    -510.339         621.172    -510.339              80              80
  198        1195.295      89.163        1195.295      89.163             198             198
  234        -734.602    1306.250        -734.602    1306.250             234             234
  106         -91.799    1897.238         -91.799    1897.238             106             106
   60        -609.335   -1028.565        -609.335   -1028.565              60              60
  234        2368.657    -264.528        2368.657    -264.528             234             234
   38        1152.201    1355.879        1152.201    1355.879              38              38
  145        -302.629     654.195        -302.629     654.195             145             145
  111        -274.835   -2115.291        -274.835   -2115.291             111             111
   10        1954.189    -484.135        1954.189    -484.135              10              10
   26         260.762   -2435.967         260.762   -2435.967              26              26
  108        1197.049     805.295        1197.049     805.295             108             108
  160        -760.940     393.655        -760.940     393.655             160             160
  235        -300.445   -1114.961        -300.445   -1114.961             235             235
  121        1295.571    -431.975        1295.571    -431.975             121             121
  170        -653.487     671.210        -653.487     671.210             170             170
   14        -922.840   -1704.396        -922.840   -1704.396              14              14
  104         463.754   -2627.288         463.754   -2627.288             104             104
  134         700.852    -277.922         700.852    -277.922             134             134
  228        -782.435    1435.776        -782.435    1435.776             228             228
  214        1070.918      11.590        1070.918      11.590             214             214
   88        2748.538     406.051        2748.538     406.051              88              88
   28       -1472.918     601.054       -1472.918     601.054              28              28
  110        1041.339    2355.061        1041.339    2355.061             110             110
  188         861.750     416.879         861.750     416.879             188             188
  175        -848.582    -769.500        -848.582    -769.500             175             175
   20        -380.419    1074.604        -380.419    1074.604              20              20
  153         687.261   -1033.541         687.261   -1033.541             153             153
   33       -1255.745     790.444       -1255.745     790.444              33              33
  123        -521.291     379.144        -521.291     379.144             123             123
  187         720.472    1820.005         720.472    1820.005             187             187
  114        -139.334     433.936        -139.334     433.936             114             114
   66       -1372.618   -1688.479       -1372.618   -1688.479              66              66
  165        -438.102     796.111        -438.102     796.111             165             165
  220        1112.559     565.762        1112.559     565.762             220             220
  126         569.013     681.931         569.013     681.931             126             126
  144        1146.956     670.155        1146.956     670.155             144             144
    2         479.198    -507.159         479.198    -507.159               2               2
   16        1757.664    1091.075        1757.664    1091.075              16              16
    0         581.573    -341.948         581.573    -341.948              -0              -0
   13       -2848.384     751.091       -2848.384     751.091              13              13
   42        1287.896     345.122        1287.896     345.122              42              42
  109         -61.139   -1718.942         -61.139   -1718.942             109             109
  173       -2158.912    -211.629       -2158.912    -211.629             173             173
   22        1486.780    2011.027        1486.780    2011.027              22              22
  231        2650.359      58.089        2650.359      58.089             231             231
   87         413.606    -369.166         413.606    -369.166              87              87
   36       -1191.561    -106.956       -1191.561    -106.956              36              36
   79         265.533     122.484         265.533     122.484              79              79
  222         918.164      59.425         918.164      59.425             222             222
    9         980.985    -159.890         980.985    -159.890               9               9
   37         807.525     463.188         807.525     463.188              37              37
   55       -2176.319     238.197       -2176.319     238.197              55              55
   38        -477.630    1469.067        -477.630    1469.067              38              38
  148        -522.411     247.229        -522.411     247.229             148             148
  243        -745.100     890.398        -745.100     890.398             243             243
  214         -73.382    1397.568         -73.382    1397.568             214             214
  169         864.802    -744.300         864.802    -744.300             169             169
  140        1869.337     -83.211        1869.337     -83.211             140             140
  248        -949.073   -2391.691        -949.073   -2391.691             248             248
   36         155.457    -296.208         155.457    -296.208              36              36
   72        1491.197    1241.853        1491.197    1241.853              72              72
  106        -966.571    2441.772        -966.571    2441.772             106             106
  102        -537.803    -595.897        -537.803    -595.897             102             102
  238         914.507     540.907         914.507     540.907             238             238
   71       -2438.969     -78.918       -2438.969     -78.918              71              71
  229        -102.749     455.757        -102.749     455.757             229             229
  127       -1379.262     300.555       -1379.262     300.555             127             127
   74       -1164.144     -47.627       -1164.144     -47.627              74              74
  245         284.421    -802.079         284.421    -802.079             245             245
  127       -2553.972      -1.823       -2553.972      -1.823             127             127
   87        1053.871       6.971        1053.871       6.971              87              87
   32       -1339.011   -1175.538       -1339.011   -1175.538              32              32
  236        -731.501   -1529.589        -731.501   -1529.589             236             236
    4        1027.038    -198.700        1027.038    -198.700               4               4
   54        2148.761    -737.705        2148.761    -737.705              54              54
  211         325.000   -1418.649         325.000   -1418.649             211             211
   91        1862.265   -1104.754        1862.265   -1104.754              91              91
   91        -384.577    1065.326        -384.577    1065.326              91              91
   35        -408.203    1210.949        -408.203    1210.949              35              35
   58         170.955     823.991         170.955     823.991              58              58
  101          96.483    1131.396          96.483    1131.396             101             101
   72       -1739.535   -1986.232       -1739.535   -1986.232              72              72
  113         593.479     996.552         593.479     996.552             113             113
  139        2121.304    2337.031        2121.304    2337.031             139             139
  221        -510.836     851.616        -510.836     851.616             221             221
  100        -336.106      93.086        -336.106      93.086             100             100
   98         655.044    1332.667         655.044    1332.667              98              98
  134        -196.591    -932.461        -196.591    -932.461             134             134
  241        1540.360    1309.235        1540.360    1309.235             241             241
   90         930.953     893.864         930.953     893.864              90              90
  171        -222.377    -327.649        -222.377    -327.649             171             171
   57        1616.210    1310.028        1616.210    1310.028              57              57
  196         193.785      50.571         193.785      50.571             196             196
   18        -404.249    1023.534        -404.249    1023.534              18              18
   40       -1634.649    -368.740       -1634.649    -368.740              40              40
   12        1432.515     510.651        1432.515     510.651              12              12
  247         444.606    1182.681         444.606    1182.681             247             247
  167         611.384    1926.831         611.384    1926.831             167             167
   86         467.225    1777.157         467.225    1777.157              86              86
  237        -225.734    1129.584        -225.734    1129.584             237             237
   38       -2343.592     180.761       -2343.592     180.761              38              38
  173        -225.636    -855.193        -225.636    -855.193             173             173
   14        -562.833    1056.155        -562.833    1056.155              14              14
   19         640.312    1018.316         640.312    1018.316              19              19
  177        -908.208    -757.244        -908.208    -757.244             177             177
   69        2255.949     755.287        2255.949     755.287              69              69
  231         585.700     -64.824         585.700     -64.824             231             231
   12       -1689.376    1133.986       -1689.376    1133.986              12              12
  160        -929.997   -1786.521        -929.997   -1786.521             160             160
   10         473.716   -1663.264         473.716   -1663.264              10              10
   71         293.237    2213.888         293.237    2213.888              71              71
    6        1197.521    2245.305        1197.521    2245.305               6               6
   83         877.723   -2024.667         877.723   -2024.667              83              83
  184       -1539.296    -483.876       -1539.296    -483.876             184             184
  146        -300.733     272.359        -300.733     272.359             146             146
   49         491.726     622.832         491.726     622.832              49              49
   29         385.979     556.223         385.979     556.223              29              29
  244        -400.135    -860.094        -400.135    -860.094             244             244
  183        -981.917     550.805        -981.917     550.805             183             183
   14        -415.702    -471.805        -415.702    -471.805              14              14
   79       -1005.410     250.564       -1005.410     250.564              79              79
   98       -1255.071    -679.970       -1255.071    -679.970              98              98
   72       -1005.086    1798.558       -1005.086    1798.558              72              72
   19       -1921.381     924.167       -1921.381     924.167              19              19
  116         316.917     -18.437         316.917     -18.437             116             116
  112       -1341.786     844.810       -1341.786     844.810             112             112
   31        -571.241   -1012.833        -571.241   -1012.833              31              31
  108        1309.388      83.205        1309.388      83.205             108             108
   23         762.760     130.152         762.760     130.152              23              23
  118          23.954    1167.738          23.954    1167.738             118             118
   90        1915.219     557.581        1915.219     557.581              90              90
   62          47.033     727.740          47.033     727.740              62              62
   35        1781.566   -2373.095        1781.566   -2373.095              35              35
  104       -1507.878    2250.433       -1507.878    2250.433             104             104
   82        1067.962     125.432        1067.962     125.432              82              82
  212        -440.920     933.052        -440.920     933.052             212             212
  173         348.990     907.079         348.990     907.079             173             173
   58        1590.899     316.745        1590.899     316.745              58              58
  225       -1081.718    -283.616       -1081.718    -283.616             225             225
   78        -384.072   -2258.796        -384.072   -2258.796              78              78
   68        -409.387     -77.887        -409.387     -77.887              68              68
   40         989.939   -2289.894         989.939   -2289.894              40              40
   85        1573.533     859.969        1573.533     859.969              85              85
  152         156.646     440.970         156.646     440.970             152             152
  225         -81.811     -93.292         -81.811     -93.292             225             225
  231         439.691    1487.022         439.691    1487.022             231             231
  201         -64.224   -1877.590         -64.224   -1877.590             201             201
  254          50.877    1150.426          50.877    1150.426             254             254
  220        -920.642   -1802.332        -920.642   -1802.332             220             220
  129         548.092    -257.532         548.092    -257.532             129             129
   13        -373.008   -1341.372        -373.008   -1341.372              13              13
   43        -960.537     201.038        -960.537     201.038              43              43
  228         178.457     931.088         178.457     931.088             228             228
   86         847.736   -1218.797         847.736   -1218.797              86              86
   63        -369.239   -1242.345        -369.239   -1242.345              63              63
   88        1564.814   -3075.623        1564.814   -3075.623              88              88
  198       -1020.740     788.978       -1020.740     788.978             198             198
   95       -1468.327     640.554       -1468.327     640.554              95              95
  197        -446.393    1293.969        -446.393    1293.969             197             197
  222         835.379    2428.762         835.379    2428.762             222             222
  213       -1564.767    1585.882       -1564.767    1585.882             213             213
   31         831.569    -199.392         831.569    -199.392              31              31
   29         267.347     991.021         267.347     991.021              29              29
  248        1879.296     242.149        1879.296     242.149             248             248
  136        1905.447    1366.073        1905.447    1366.073             136             136
  111       -1563.388   -2475.919       -1563.388   -2475.919             111             111
  204          20.374     371.764          20.374     371.764             204             204
   53        -641.054    1173.878        -641.054    1173.878              53              53
  169         946.162    2336.896         946.162    2336.896             169             169
  174        -584.815   -1053.305        -584.815   -1053.305             174             174
  132        -238.972    -329.927        -238.972    -329.927             132             132
  238        -586.793     765.932        -586.793     765.932             238             238
  214        1346.618   -2702.279        1346.618   -2702.279             214             214
  217         120.682   -2557.348         120.682   -2557.348             217             217
  135        1592.386   -1749.628        1592.386   -1749.628             135             135
  184         519.522    1030.401         519.522    1030.401             184             184
  193         711.311     786.784         711.311     786.784             193             193
   81        1262.158    2011.135        1262.158    2011.135              81              81
  182        1489.336   -2778.088        1489.336   -2778.088             182             182
  158        1201.553    1112.720        1201.553    1112.720             158             158
  211        1763.356    2979.785        1763.356    2979.785             211             211
  196       -1711.349     626.621       -1711.349     626.621             196             196
  201        1541.361    -584.206        1541.361    -584.206             201             201
  183       -3082.310     712.703       -3082.310     712.703             183             183
   26         351.287   -1961.622         351.287   -1961.622              26              26
    9         529.871     333.118         529.871     333.118               9               9
   16        1790.999     155.281        1790.999     155.281              16              16
  225        -856.310    -221.378        -856.310    -221.378             225             225
  105         733.919    1600.928         733.919    1600.928             105             105
  213       -1946.006      85.738       -1946.006      85.738             213             213
  192         893.222     299.322         893.222     299.322             192             192
   62        1946.292     801.825        1946.292     801.825              62              62
  245         158.184   -1492.709         158.184   -1492.709             245             245
  221        1986.850     701.117        1986.850     701.117             221             221
   55         112.046     328.435         112.046     328.435              55              55
  125       -1790.857   -1263.574       -1790.857   -1263.574             125             125
   77        -362.470   -1222.666        -362.470   -1222.666              77              77
    4        -594.320   -1900.302        -594.320   -1900.302               4               4
  179        -533.487    1058.886        -533.487    1058.886             179             179
  247          78.986     621.007          78.986     621.007             247             247
  178        1273.817    -606.765        1273.817    -606.765             178             178
   55         793.272     264.973         793.272     264.973              55              55
  230         -15.312     683.462         -15.312     683.462             230             230
  137        1020.937    -365.080        1020.937    -365.080             137             137
   17       -1127.306     173.566       -1127.306     173.566              17              17
  110        1641.930    1602.066        1641.930    1602.066             110             110
   65         829.089   -1607.817         829.089   -1607.817              65              65
  211        -617.015       0.173        -617.015       0.173             211             211
  191        -363.302    -816.202        -363.302    -816.202             191             191
  248       -1597.452      37.214       -1597.452      37.214             248             248
  113        1246.476    -672.010        1246.476    -672.010             113             113
  147         521.844    -128.294         521.844    -128.294             147             147
  188         827.030    2428.220         827.030    2428.220             188             188
   59        -985.095    -822.370        -985.095    -822.370              59              59
   74          32.775     767.872          32.775     767.872              74              74
  215        -588.525     593.051        -588.525     593.051             215             215
   69        -321.544   -2066.665        -321.544   -2066.665              69              69
   91        1086.169    -262.014        1086.169    -262.014              91              91
  184        -738.223     195.872        -738.223     195.872             184             184
  174         461.921    -380.510         461.921    -380.510             174             174
   49         234.830   -1320.387         234.830   -1320.387              49              49
  120         124.647    -778.959         124.647    -778.959             120             120
  237         944.514   -1981.685         944.514   -1981.685             237             237
   38       -1260.134    1092.785       -1260.134    1092.785              38              38
   85       -2443.890     -11.784       -2443.890     -11.784              85              85
   36       -1817.583   -1585.391       -1817.583   -1585.391              36              36
  164       -1404.986   -1501.282       -1404.986   -1501.282             164             164
  163        1192.756   -2253.662        1192.756   -2253.662             163             163
   41        -356.116    1125.274        -356.116    1125.274              41              41
