SINAL     NFT                         FFT                         NFT INVERSA     FFT INVERSA
-----     -----------------------     -----------------------     -----------     -----------
  146       63356.000       0.000       63356.000       0.000             146             146
  216         418.744     397.301         418.744     397.301             216             216
  115        1245.158   -1235.090        1245.158   -1235.090             115             115
   18         948.906    -187.411         948.906    -187.411              18              18
  151         498.198      14.844         498.198      14.844             151             151
   68        -171.514   -2091.929        -171.514   -2091.929              68              68
  196          84.757    -146.928          84.757    -146.928             196             196
  210        1247.946   -2065.951        1247.946   -2065.951             210             210
   44        1153.611     705.136        1153.611     705.136              44              44
  190        1797.914     -87.021        1797.914     -87.021             190             190
  250          -6.834    -682.462          -6.834    -682.462             250             250
  137       -1115.505    1723.412       -1115.505    1723.412             137             137
   72       -1585.732     225.856       -1585.732     225.856              72              72
  220        -716.214      11.242        -716.214      11.242             220             220
   39        -667.350     885.803        -667.350     885.803              39              39
  163        -524.709    -399.385        -524.709    -399.385             163             163
  162        -423.713     310.585        -423.713     310.585             162             162
  167       -1364.040    1108.480       -1364.040    1108.480             167             167
  218        -108.233     191.159        -108.233     191.159             218             218
   15         772.887    -499.013         772.887    -499.013              15              15
  212       -1398.763    1403.383       -1398.763    1403.383             212             212
  157        1087.750     530.937        1087.750     530.937             157             157
  227        1054.019     345.852        1054.019     345.852             227             227
  174         -74.540   -1435.752         -74.540   -1435.752             174             174
  255         553.404    -304.067         553.404    -304.067             255             255
  172        1135.590     342.219        1135.590     342.219             172             172
  202       -1096.348    1555.975       -1096.348    1555.975             202             202
  121          21.698    -295.830          21.698    -295.830             121             121
  167        -316.428    -284.506        -316.428    -284.506             167             167
   42       -2263.195     658.138       -2263.195     658.138              42              42
  241        -533.889    -228.644        -533.889    -228.644             241             241
   58       -2003.219   -1306.936       -2003.219   -1306.936              58              58
    2        -968.179   -1721.654        -968.179   -1721.654               2               2
  100        -248.689     950.776        -248.689     950.776             100             100
   76         512.797    -569.440         512.797    -569.440              76              76
  154        -810.408     369.456        -810.408     369.456             154             154
  169        -769.938    1697.681        -769.938    1697.681             169             169
   17          63.113     264.354          63.113     264.354              17              17
  108        -987.845     -75.929        -987.845     -75.929             108             108
  213         267.471    2124.310         267.471    2124.310             213             213
  207        -412.159   -1010.455        -412.159   -1010.455             207             207
  102        -356.397    -577.532        -356.397    -577.532             102             102
   95         618.959     582.203         618.959     582.203              95              95
   23         630.282    -689.632         630.282    -689.632              23              23
   66        -831.933     880.241        -831.933     880.241              66              66
  134         232.363    -667.985         232.363    -667.985             134             134
  187       -1400.399   -1503.655       -1400.399   -1503.655             187             187
  228         187.352   -1807.429         187.352   -1807.429             228             228
   46        -823.429     179.301        -823.429     179.301              46              46
  149        -817.623    -610.932        -817.623    -610.932             149             149
  244        -971.867   -1006.740        -971.867   -1006.740             244             244
    2        1868.484     530.072        1868.484     530.072               2               2
   51         240.181    -402.484         240.181    -402.484              51              51
  215         835.628    -422.123         835.628    -422.123             215             215
  177        1267.412    -644.254        1267.412    -644.254             177             177
   50       -1560.456   -1575.822       -1560.456   -1575.822              50              50
  132        2711.874    -152.841        2711.874    -152.841             132             132
  123        -133.409   -1251.700        -133.409   -1251.700             123             123
  172        1619.470    1026.139        1619.470    1026.139             172             172
   43        2235.537    -172.391        2235.537    -172.391              43              43
  165        -357.892    -178.498        -357.892    -178.498             165             165
  157       -2128.550     710.502       -2128.550     710.502             157             157
  102         408.924     694.496         408.924     694.496             102             102
  168        2680.715    -892.886        2680.715    -892.886             168             168
    2        -670.010    -106.897        -670.010    -106.897               2               2
  178        1742.767     232.950        1742.767     232.950             178             178
   66        2413.875   -1192.597        2413.875   -1192.597              66              66
  171         419.074    1389.084         419.074    1389.084             171             171
  195       -1776.098     676.382       -1776.098     676.382             195             195
  175        1813.258   -1326.740        1813.258   -1326.740             175             175
  129        -162.965   -1040.949        -162.965   -1040.949             129             129
  146        -706.396     532.253        -706.396     532.253             146             146
   21       -2005.779   -2905.327       -2005.779   -2905.327              21              21
  224         107.773     333.598         107.773     333.598             224             224
  170        1383.272      57.577        1383.272      57.577             170             170
   88        1252.174     350.693        1252.174     350.693              88              88
  103         416.438    -831.119         416.438    -831.119             103             103
  102        1695.016    -855.477        1695.016    -855.477             102             102
   61         -71.293     641.451         -71.293     641.451              61              61
  149        1100.961   -1873.595        1100.961   -1873.595             149             149
  251        -885.517     928.944        -885.517     928.944             251             251
   49       -1167.405     397.874       -1167.405     397.874              49              49
  151         657.568     142.050         657.568     142.050             151             151
   46        -939.821    1306.629        -939.821    1306.629              46              46
    8        1221.614    -998.219        1221.614    -998.219               8               8
   73        -174.261   -1223.496        -174.261   -1223.496              73              73
   97         576.319    -560.757         576.319    -560.757              97              97
  141        1155.979    1844.106        1155.979    1844.106             141             141
  196        1494.435    -249.029        1494.435    -249.029             196             196
   13         676.379     -82.525         676.379     -82.525              13              13
  185        2756.722    -845.139        2756.722    -845.139             185             185
  105        1930.483   -1284.205        1930.483   -1284.205             105             105
  171        1518.894    1795.878        1518.894    1795.878             171             171
   31       -1103.073   -1871.855       -1103.073   -1871.855              31              31
   18         945.236     562.132         945.236     562.132              18              18
  173         631.779    -149.263         631.779    -149.263             173             173
  209          95.920     951.713          95.920     951.713             209             209
   85        -412.369   -1033.260        -412.369   -1033.260              85              85
   89        4917.841     353.345        4917.841     353.345              89              89
  149       -1604.702    1506.962       -1604.702    1506.962             149             149
    4         120.577    1285.748         120.577    1285.748               4               4
  218        1614.687     250.034        1614.687     250.034             218             218
   40        1194.015    2301.993        1194.015    2301.993              40              40
   25         344.383   -1525.921         344.383   -1525.921              25              25
  187         960.075     637.077         960.075     637.077             187             187
  210       -1177.911     372.385       -1177.911     372.385             210             210
  114        -253.978     250.643        -253.978     250.643             114             114
   35        -163.130    -527.711        -163.130    -527.711              35              35
   56       -2365.854   -2279.811       -2365.854   -2279.811              56              56
  175         244.384   -3230.973         244.384   -3230.973             175             175
  184         427.055    1422.356         427.055    1422.356             184             184
   52        -201.661    1841.539        -201.661    1841.539              52              52
  225        1342.162    -236.231        1342.162    -236.231             225             225
   80        -208.725    -201.044        -208.725    -201.044              80              80
   99        1540.250     478.866        1540.250     478.866              99              99
  234         324.046    1053.420         324.046    1053.420             234             234
  153          25.744    2164.660          25.744    2164.660             153             153
  196         133.144       7.795         133.144       7.795             196             196
  119         886.133    -196.154         886.133    -196.154             119             119
   93        -668.788     -20.936        -668.788     -20.936              93              93
  210       -1386.829    -386.838       -1386.829    -386.838             210             210
   48        -975.080    -562.408        -975.080    -562.408              48              48
  199         -13.542    2466.473         -13.542    2466.473             199             199
  125        -504.830   -1629.667        -504.830   -1629.667             125             125
   79        -329.459    -613.524        -329.459    -613.524              79              79
  218         607.416   -2225.755         607.416   -2225.755             218             218
   42        -873.314     311.635        -873.314     311.635              42              42
   33         248.987     631.962         248.987     631.962              33              33
   47        -167.971   -1362.029        -167.971   -1362.029              47              47
  131       -1597.752    -774.374       -1597.752    -774.374             131             131
  182       -1625.754     886.390       -1625.754     886.390             182             182
   51        1016.439    1480.570        1016.439    1480.570              51              51
   94       -1606.304   -1093.713       -1606.304   -1093.713              94              94
  223         164.850     116.577         164.850     116.577             223             223
   77         646.291     862.693         646.291     862.693              77              77
   25         217.659   -1689.265         217.659   -1689.265              25              25
  177       -1073.297    -931.679       -1073.297    -931.679             177             177
  192        -211.288   -2448.332        -211.288   -2448.332             192             192
   61         706.994     407.173         706.994     407.173              61              61
  234        -595.165    1262.431        -595.165    1262.431             234             234
  111        -660.187     673.556        -660.187     673.556             111             111
  245         -42.057    1494.856         -42.057    1494.856             245             245
   31        1166.826    1125.844        1166.826    1125.844              31              31
   81         718.352    -875.535         718.352    -875.535              81              81
   69        1237.131    1976.874        1237.131    1976.874              69              69
  130        -703.532    2432.142        -703.532    2432.142             130             130
   59         385.636     249.322         385.636     249.322              59              59
  223        -442.213   -1254.528        -442.213   -1254.528             223             223
   71       -1428.697    -352.364       -1428.697    -352.364              71              71
  179       -1017.231    -525.539       -1017.231    -525.539             179             179
   60        -728.892    1458.820        -728.892    1458.820              60              60
   25        2470.274     -70.414        2470.274     -70.414              25              25
  227        -647.421     244.763        -647.421     244.763             227             227
    4         693.673    2047.644         693.673    2047.644               4               4
  151          59.482     548.448          59.482     548.448             151             151
   51         447.553   -2028.158         447.553   -2028.158              51              51
  222         503.029    -682.683         503.029    -682.683             222             222
  193        -498.801   -1926.385        -498.801   -1926.385             193             193
   85         267.896   -1980.800         267.896   -1980.800              85              85
   14         402.115     -25.676         402.115     -25.676              14              14
   69         133.898     998.740         133.898     998.740              69              69
   11        -678.187    -842.967        -678.187    -842.967              11              11
   65         609.066   -1825.918         609.066   -1825.918              65              65
  164        1442.050    -978.894        1442.050    -978.894             164             164
  235         935.097    1672.037         935.097    1672.037             235             235
  143       -2933.792     378.403       -2933.792     378.403             143             143
  190        2926.279   -1577.905        2926.279   -1577.905             190             190
  156         624.388     426.292         624.388     426.292             156             156
   79         124.186    -331.267         124.186    -331.267              79              79
  251         671.973    -522.274         671.973    -522.274             251             251
  135         520.133    -113.046         520.133    -113.046             135             135
  190       -1272.922    2086.625       -1272.922    2086.625             190             190
  240        -141.942   -1337.621        -141.942   -1337.621             240             240
  167        1489.228   -1026.497        1489.228   -1026.497             167             167
   16        1592.442   -1195.379        1592.442   -1195.379              16              16
   54         580.123    -702.785         580.123    -702.785              54              54
   41          20.126     991.831          20.126     991.831              41              41
   76        -803.716    -960.926        -803.716    -960.926              76              76
   21       -2908.126     -85.071       -2908.126     -85.071              21              21
  112         225.444    -775.319         225.444    -775.319             112             112
  255       -1062.067    1226.084       -1062.067    1226.084             255             255
   82        -822.455    2358.018        -822.455    2358.018              82              82
  138        -803.605    -322.774        -803.605    -322.774             138             138
  227       -1266.410   -1465.391       -1266.410   -1465.391             227             227
   87        -436.831    1223.282        -436.831    1223.282              87              87
   33        -791.984    1187.181        -791.984    1187.181              33              33
   22       -2608.260      38.469       -2608.260      38.469              22              22
   54         -73.273     -26.088         -73.273     -26.088              54              54
  227        1046.984   -1652.676        1046.984   -1652.676             227             227
  107        -917.534   -3531.976        -917.534   -3531.976             107             107
   68       -1236.396    -259.274       -1236.396    -259.274              68              68
   41       -1823.242    1743.554       -1823.242    1743.554              41              41
  119          88.075     531.125          88.075     531.125             119             119
  133         293.510    -747.673         293.510    -747.673             133             133
  205        -697.422   -1220.350        -697.422   -1220.350             205             205
   99         338.932    1951.684         338.932    1951.684              99              99
   20         940.500     996.698         940.500     996.698              20              20
  139        1169.676    -237.687        1169.676    -237.687             139             139
    0        -525.740     -14.231        -525.740     -14.231              -0              -0
  100         445.271    1849.298         445.271    1849.298             100             100
  134          -1.977    -126.095          -1.977    -126.095             134             134
  135        -936.432    2580.516        -936.432    2580.516             135             135
   35        -908.035    -680.031        -908.035    -680.031              35              35
  119        1201.928   -1005.543        1201.928   -1005.543             119             119
   46        1118.532     921.352        1118.532     921.352              46              46
   51        1000.089     622.112        1000.089     622.112              51              51
  173         963.883   -1113.928         963.883   -1113.928             173             173
   88       -1937.418   -1435.427       -1937.418   -1435.427              88              88
  127       -1420.014    -620.608       -1420.014    -620.608             127             127
  195         545.977     318.740         545.977     318.740             195             195
  201         273.370   -1512.841         273.370   -1512.841             201             201
  126        1400.445    -197.357        1400.445    -197.357             126             126
   22        -500.807    1659.959        -500.807    1659.959              22              22
   83         888.703    -184.905         888.703    -184.905              83              83
   97       -1020.425    1272.980       -1020.425    1272.980              97              97
  110       -2291.186    -262.007       -2291.186    -262.007             110             110
  117         519.411    1185.536         519.411    1185.536             117             117
  120         117.301     232.390         117.301     232.390             120             120
  164         376.199    2731.239         376.199    2731.239             164             164
   88        -283.403   -1382.965        -283.403   -1382.965              88              88
  228        -634.558     304.076        -634.558     304.076             228             228
  232         666.224    1006.269         666.224    1006.269             232             232
  129         218.293    1283.547         218.293    1283.547             129             129
   92         433.767     296.571         433.767     296.571              92              92
  110       -1718.140    1345.135       -1718.140    1345.135             110             110
   79       -1266.453     184.273       -1266.453     184.273              79              79
  191        -420.461    2435.985        -420.461    2435.985             191             191
  131       -1027.651       5.630       -1027.651       5.630             131             131
  218         210.780    1225.378         210.780    1225.378             218             218
  191         876.361     222.495         876.361     222.495             191             191
  231         803.477    -733.582         803.477    -733.582             231             231
   97        -269.281    1443.909        -269.281    1443.909              97              97
   71        -332.450     609.353        -332.450     609.353              71              71
   10         896.652     533.861         896.652     533.861              10              10
  216        -361.866    -256.555        -361.866    -256.555             216             216
  118       -1388.658     579.461       -1388.658     579.461             118             118
   62         494.816    1185.631         494.816    1185.631              62              62
  134        1372.242    -402.030        1372.242    -402.030             134             134
  206       -1203.597    -272.144       -1203.597    -272.144             206             206
  189        1514.562   -2329.266        1514.562   -2329.266             189             189
   74        1608.618   -1042.765        1608.618   -1042.765              74              74
  151       -2186.875   -1398.010       -2186.875   -1398.010             151             151
   60         -53.842    2975.951         -53.842    2975.951              60              60
   97        -250.832    -149.511        -250.832    -149.511              97              97
  235         225.747     141.868         225.747     141.868             235             235
  157       -1927.717    -105.346       -1927.717    -105.346             157             157
  207       -1354.763    -770.929       -1354.763    -770.929             207             207
   96         136.508    -872.819         136.508    -872.819              96              96
   22       -2244.731     334.021       -2244.731     334.021              22              22
  116       -2237.145    -312.999       -2237.145    -312.999             116             116
  185        1753.166    -514.809        1753.166    -514.809             185             185
  250        -267.724    1663.730        -267.724    1663.730             250             250
   93        -151.568   -1464.289        -151.568   -1464.289              93              93
   59         687.803    1445.215         687.803    1445.215              59              59
   87         544.168     241.875         544.168     241.875              87              87
  203         456.193     452.931         456.193     452.931             203             203
  138        -144.000      -0.164        -144.000      -0.164             138             138
   22         456.375    -453.004         456.375    -453.004              22              22
   79         544.199    -241.891         544.199    -241.891              79              79
  100         688.108   -1444.962         688.108   -1444.962             100             100
  213        -152.277    1464.168        -152.277    1464.168             213             213
   55        -267.267   -1663.914        -267.267   -1663.914              55              55
  198        1752.574     515.495        1752.574     515.495             198             198
   29       -2237.765     312.187       -2237.765     312.187              29              29
   66       -2244.599    -334.771       -2244.599    -334.771              66              66
  158         136.267     872.859         136.267     872.859             158             158
  147       -1355.086     770.278       -1355.086     770.278             147             147
  128       -1927.507     104.433       -1927.507     104.433             128             128
   37         226.105    -142.026         226.105    -142.026              37              37
   97        -250.731     149.101        -250.731     149.101              97              97
   62         -52.785   -2975.882         -52.785   -2975.882              62              62
  111       -2186.976    1397.636       -2186.976    1397.636             111             111
  249        1608.740    1043.367        1608.740    1043.367             249             249
  122        1513.746    2329.503        1513.746    2329.503             122             122
  208       -1203.654     271.237       -1203.654     271.237             208             208
  229        1372.206     401.970        1372.206     401.970             229             229
   24         494.996   -1185.883         494.996   -1185.883              24              24
  160       -1388.532    -580.120       -1388.532    -580.120             160             160
   69        -361.748     256.176        -361.748     256.176              69              69
   46         896.903    -533.893         896.903    -533.893              46              46
   20        -332.272    -609.756        -332.272    -609.756              20              20
  255        -268.679   -1444.092        -268.679   -1444.092             255             255
   41         803.314     733.737         803.314     733.737              41              41
  113         876.299    -222.562         876.299    -222.562             113             113
   58         210.893   -1225.568         210.893   -1225.568              58              58
  128       -1027.861      -6.276       -1027.861      -6.276             128             128
   61        -419.765   -2436.291        -419.765   -2436.291              61              61
  196       -1266.454    -184.709       -1266.454    -184.709             196             196
  151       -1717.441   -1345.757       -1717.441   -1345.757             151             151
  141         434.189    -296.456         434.189    -296.456             141             141
   41         218.876   -1283.504         218.876   -1283.504              41              41
  108         666.559   -1005.915         666.559   -1005.915             108             108
  197        -634.480    -304.101        -634.480    -304.101             197             197
  239        -283.750    1382.684        -283.750    1382.684             239             239
  138         377.184   -2731.252         377.184   -2731.252             138             138
    7         117.355    -232.203         117.355    -232.203               7               7
  142         519.594   -1185.215         519.594   -1185.215             142             142
   29       -2291.329     261.351       -2291.329     261.351              29              29
  136       -1019.623   -1273.205       -1019.623   -1273.205             136             136
  179         888.914     185.339         888.914     185.339             179             179
  127        -500.036   -1659.879        -500.036   -1659.879             127             127
  199        1400.518     198.288        1400.518     198.288             199             199
   34         272.791    1513.111         272.791    1513.111              34              34
  120         545.891    -318.479         545.891    -318.479             120             120
   65       -1420.362     620.322       -1420.362     620.322              65              65
  243       -1937.562    1434.780       -1937.562    1434.780             243             243
   94         963.964    1113.960         963.964    1113.960              94              94
   89        1000.489    -622.080        1000.489    -622.080              89              89
  148        1118.855    -920.994        1118.855    -920.994             148             148
  163        1201.343    1005.898        1201.343    1005.898             163             163
  136        -908.516     679.304        -908.516     679.304             136             136
  168        -935.530   -2581.038        -935.530   -2581.038             168             168
  162          -1.872     126.093          -1.872     126.093             162             162
  177         445.935   -1849.095         445.935   -1849.095             177             177
   26        -525.635      14.263        -525.635      14.263              26              26
  221        1169.695     238.073        1169.695     238.073             221             221
   50         940.678    -996.425         940.678    -996.425              50              50
   87         339.296   -1951.232         339.296   -1951.232              87              87
  161        -698.028    1220.501        -698.028    1220.501             161             161
  201         293.099     747.782         293.099     747.782             201             201
  229          87.899    -531.143          87.899    -531.143             229             229
  203       -1822.903   -1743.848       -1822.903   -1743.848             203             203
   54       -1236.445     259.524       -1236.445     259.524              54              54
  170        -918.522    3531.906        -918.522    3531.906             170             170
  186        1046.447    1652.674        1046.447    1652.674             186             186
  192         -73.625      25.676         -73.625      25.676             192             192
  178       -2608.356     -39.666       -2608.356     -39.666             178             178
   72        -791.403   -1187.633        -791.403   -1187.633              72              72
  221        -436.348   -1223.270        -436.348   -1223.270             221             221
   59       -1266.810    1465.027       -1266.810    1465.027              59              59
  251        -803.539     322.164        -803.539     322.164             251             251
   92        -821.491   -2358.407        -821.491   -2358.407              92              92
    2       -1061.403   -1226.085       -1061.403   -1226.085               2               2
   30         225.290     775.707         225.290     775.707              30              30
  213       -2907.880      84.270       -2907.880      84.270             213             213
   67        -803.364     960.699        -803.364     960.699              67              67
   18          21.111    -991.711          21.111    -991.711              18              18
   51         580.478     703.257         580.478     703.257              51              51
  157        1592.425    1196.013        1592.425    1196.013             157             157
  166        1488.922    1026.927        1488.922    1026.927             166             166
  215        -142.466    1337.224        -142.466    1337.224             215             215
   37       -1272.000   -2087.220       -1272.000   -2087.220              37              37
   79         520.476     113.402         520.476     113.402              79              79
  122         672.032     522.565         672.032     522.565             122             122
  215         124.305     331.279         124.305     331.279             215             215
  105         624.839    -425.999         624.839    -425.999             105             105
   87        2925.574    1578.844        2925.574    1578.844              87              87
   10       -2933.720    -379.613       -2933.720    -379.613              10              10
  193         936.069   -1671.555         936.069   -1671.555             193             193
  249        1441.810     979.743        1441.810     979.743             249             249
  211         608.325    1826.153         608.325    1826.153             211             211
  167        -678.488     842.492        -678.488     842.492             167             167
  196         134.360    -998.767         134.360    -998.767             196             196
    9         402.181      26.070         402.181      26.070               9               9
   81         267.236    1981.033         267.236    1981.033              81              81
  127        -499.351    1926.000        -499.351    1926.000             127             127
  201         502.952     682.539         502.952     682.539             201             201
    4         446.925    2027.774         446.925    2027.774               4               4
  199          59.724    -549.149          59.724    -549.149             199             199
  167         694.363   -2047.731         694.363   -2047.731             167             167
   63        -647.220    -245.042        -647.220    -245.042              63              63
  195        2470.153      71.043        2470.153      71.043             195             195
    4        -728.783   -1459.116        -728.783   -1459.116               4               4
   65       -1017.548     525.258       -1017.548     525.258              65              65
  226       -1428.702     351.802       -1428.702     351.802             226             226
  217        -442.340    1254.051        -442.340    1254.051             217             217
  133         385.926    -249.780         385.926    -249.780             133             133
  244        -702.445   -2432.716        -702.445   -2432.716             244             244
   13        1238.060   -1976.305        1238.060   -1976.305              13              13
   34         718.128     875.836         718.128     875.836              34              34
  155        1167.102   -1125.601        1167.102   -1125.601             155             155
  228         -41.772   -1494.786         -41.772   -1494.786             228             228
   72        -660.050    -673.577        -660.050    -673.577              72              72
  234        -594.645   -1262.295        -594.645   -1262.295             234             234
   95         707.166    -406.345         707.166    -406.345              95              95
   32        -212.214    2448.605        -212.214    2448.605              32              32
   84       -1073.538     931.315       -1073.538     931.315              84              84
  182         217.271    1689.107         217.271    1689.107             182             182
   42         646.583    -862.721         646.583    -862.721              42              42
   22         164.708    -116.514         164.708    -116.514              22              22
  176       -1606.658    1092.995       -1606.658    1092.995             176             176
  254        1016.908   -1480.390        1016.908   -1480.390             254             254
  189       -1625.587    -886.715       -1625.587    -886.715             189             189
  116       -1597.779     774.084       -1597.779     774.084             116             116
    7        -168.088    1361.912        -168.088    1361.912               7               7
   15         249.373    -631.971         249.373    -631.971              15              15
  243        -873.001    -311.712        -873.001    -311.712             243             243
  209         606.863    2226.000         606.863    2226.000             209             209
   19        -329.597     613.184        -329.597     613.184              19              19
  187        -505.237    1629.020        -505.237    1629.020             187             187
  121         -12.614   -2466.765         -12.614   -2466.765             121             121
   83        -975.168     562.125        -975.168     562.125              83              83
  126       -1386.633     386.220       -1386.633     386.220             126             126
  125        -668.251      20.511        -668.251      20.511             125             125
  148         886.514     196.201         886.514     196.201             148             148
   96         133.436      -8.146         133.436      -8.146              96              96
   87          26.807   -2164.861          26.807   -2164.861              87              87
   25         324.794   -1053.195         324.794   -1053.195              25              25
   85        1540.618    -478.174        1540.618    -478.174              85              85
  100        -208.643     201.079        -208.643     201.079             100             100
   60        1342.187     236.594        1342.187     236.594              60              60
  240        -201.033   -1841.538        -201.033   -1841.538             240             240
   73         427.574   -1421.586         427.574   -1421.586              73              73
  132         243.172    3231.508         243.172    3231.508             132             132
  219       -2366.492    2278.786       -2366.492    2278.786             219             219
  169        -162.892     527.222        -162.892     527.222             169             169
  165        -253.569    -251.074        -253.569    -251.074             165             165
   48       -1177.264    -373.014       -1177.264    -373.014              48              48
   96         960.870    -636.833         960.870    -636.833              96              96
  207         344.347    1525.715         344.347    1525.715             207             207
   70        1195.226   -2301.910        1195.226   -2301.910              70              70
   16        1614.963    -249.559        1614.963    -249.559              16              16
  205         121.094   -1285.787         121.094   -1285.787             205             205
    4       -1603.571   -1507.327       -1603.571   -1507.327               4               4
  133        4918.282    -351.371        4918.282    -351.371             133             133
  213        -412.894    1033.221        -412.894    1033.221             213             213
   19          96.410    -951.640          96.410    -951.640              19              19
  120         631.956     149.624         631.956     149.624             120             120
  167         945.534    -561.588         945.534    -561.588             167             167
   39       -1103.360    1871.497       -1103.360    1871.497              39              39
   52        1520.041   -1795.322        1520.041   -1795.322              52              52
   32        1930.390    1285.082        1930.390    1285.082              32              32
  122        2756.438     845.994        2756.438     845.994             122             122
  178         676.228      82.625         676.228      82.625             178             178
  158        1494.273     249.349        1494.273     249.349             158             158
   15        1156.387   -1843.651        1156.387   -1843.651              15              15
   19         575.882     561.252         575.882     561.252              19              19
  245        -174.786    1223.493        -174.786    1223.493             245             245
   40        1221.100     998.379        1221.100     998.379              40              40
  105        -939.534   -1307.106        -939.534   -1307.106             105             105
   90         657.530    -141.782         657.530    -141.782              90              90
  101       -1167.321    -398.213       -1167.321    -398.213             101             101
   90        -884.908    -928.960        -884.908    -928.960              90              90
  164        1100.612    1874.109        1100.612    1874.109             164             164
  234         -70.846    -641.454         -70.846    -641.454             234             234
   53        1694.887     856.168        1694.887     856.168              53              53
   77         416.191     831.186         416.191     831.186              77              77
  143        1252.306    -350.334        1252.306    -350.334             143             143
  102        1383.059     -57.033        1383.059     -57.033             102             102
  174         107.482    -333.277         107.482    -333.277             174             174
   95       -2006.857    2904.667       -2006.857    2904.667              95              95
  172        -705.953    -532.673        -705.953    -532.673             172             172
  190        -162.938    1040.862        -162.938    1040.862             190             190
   45        1812.911    1327.035        1812.911    1327.035              45              45
  177       -1775.713    -677.337       -1775.713    -677.337             177             177
   67         420.101   -1388.919         420.101   -1388.919              67              67
    3        2413.780    1193.450        2413.780    1193.450               3               3
  197        1742.728    -232.472        1742.728    -232.472             197             197
  188        -670.001     106.665        -670.001     106.665             188             188
  170        2680.388     893.630        2680.388     893.630             170             170
  236         408.734    -694.550         408.734    -694.550             236             236
  240       -2128.346    -711.183       -2128.346    -711.183             240             240
  203        -357.477     178.462        -357.477     178.462             203             203
  103        2235.789     173.131        2235.789     173.131             103             103
  162        1619.720   -1025.423        1619.720   -1025.423             162             162
  105        -133.833    1251.863        -133.833    1251.863             105             105
  118        2711.617     153.860        2711.617     153.860             118             118
  182       -1561.181    1575.329       -1561.181    1575.329             182             182
   95        1267.254     644.530        1267.254     644.530              95              95
  159         835.332     422.264         835.332     422.264             159             159
   31         239.923     402.411         239.923     402.411              31              31
  186        1868.313    -529.458        1868.313    -529.458             186             186
    4        -972.662    1006.451        -972.662    1006.451               4               4
  122        -818.022     610.552        -818.022     610.552             122             122
   95        -823.403    -179.546        -823.403    -179.546              95              95
  238         186.675    1807.489         186.675    1807.489             238             238
  175       -1400.888    1502.867       -1400.888    1502.867             175             175
  173         232.244     667.579         232.244     667.579             173             173
  125        -831.507    -880.832        -831.507    -880.832             125             125
   22         630.212     689.609         630.212     689.609              22              22
   91         619.099    -582.222         619.099    -582.222              91              91
  221        -356.688     577.243        -356.688     577.243             221             221
  195        -412.487    1009.847        -412.487    1009.847             195             195
   26         268.136   -2124.551         268.136   -2124.551              26              26
   10        -987.882      75.513        -987.882      75.513              10              10
  116          63.236    -264.573          63.236    -264.573             116             116
   93        -769.359   -1697.993        -769.359   -1697.993              93              93
   13        -810.116    -369.548        -810.116    -369.548              13              13
   57         512.706     569.661         512.706     569.661              57              57
   25        -248.458    -950.710        -248.458    -950.710              25              25
  184        -968.839    1721.470        -968.839    1721.470             184             184
   37       -2003.503    1306.029       -2003.503    1306.029              37              37
    9        -533.719     228.102        -533.719     228.102               9               9
  131       -2262.569    -659.118       -2262.569    -659.118             131             131
  141        -315.913     284.249        -315.913     284.249             141             141
  172          22.064     295.525          22.064     295.525             172             172
  237       -1095.241   -1556.513       -1095.241   -1556.513             237             237
    3        1136.296    -341.755        1136.296    -341.755               3               3
   99         553.658     304.323         553.658     304.323              99              99
   77         -74.618    1435.531         -74.618    1435.531              77              77
  162        1054.506    -345.866        1054.506    -345.866             162             162
  131        1088.013    -530.847        1088.013    -530.847             131             131
    7       -1398.083   -1403.903       -1398.083   -1403.903               7               7
  167         773.048     499.259         773.048     499.259             167             167
  253        -108.031    -191.388        -108.031    -191.388             253             253
  103       -1363.365   -1109.009       -1363.365   -1109.009             103             103
  149        -423.137    -310.660        -423.137    -310.660             149             149
  173        -524.368     399.148        -524.368     399.148             173             173
   21        -666.527    -886.087        -666.527    -886.087              21              21
   19        -715.629     -11.474        -715.629     -11.474              19              19
  195       -1584.870    -226.475       -1584.870    -226.475             195             195
  112       -1113.810   -1723.637       -1113.810   -1723.637             112             112
  240          -5.740     682.714          -5.740     682.714             240             240
  134        1799.082      87.705        1799.082      87.705             134             134
  138        1154.858    -704.471        1154.858    -704.471             138             138
  250        1248.221    2066.545        1248.221    2066.545             250             250
  250          85.790     146.969          85.790     146.969             250             250
  232        -170.746    2091.746        -170.746    2091.746             232             232
    8         500.096     -14.965         500.096     -14.965               8               8
   52         951.237     187.600         951.237     187.600              52              52
    1        1248.101    1235.240        1248.101    1235.240               1               1
  192         425.521    -397.494         425.521    -397.494             192             192
