SINAL     NFT                         FFT                         NFT INVERSA     FFT INVERSA
-----     -----------------------     -----------------------     -----------     -----------
  203       64094.000       0.000       64094.000       0.000             203             203
   61        2101.811     876.729        2101.811     876.729              61              61
  140         361.007    -578.923         361.007    -578.923             140             140
  235       -1435.610    1520.566       -1435.610    1520.566             235             235
  152         682.212     985.303         682.212     985.303             152             152
   94        1413.799    -229.906        1413.799    -229.906              94              94
   26        -693.799     744.977        -693.799     744.977              26              26
   28         824.938    2344.947         824.938    2344.947              28              28
  235        -605.799    -599.993        -605.799    -599.993             235             235
  163        -967.032      14.133        -967.032      14.133             163             163
   10       -1840.948    -636.326       -1840.948    -636.326              10              10
  126        1052.377    2048.451        1052.377    2048.451             126             126
   53         -29.758    1121.372         -29.758    1121.372              53              53
  243        -191.827    -311.265        -191.827    -311.265             243             243
   57        1634.392   -1068.413        1634.392   -1068.413              57              57
  121        -269.968   -1288.593        -269.968   -1288.593             121             121
   73         613.615    1612.413         613.615    1612.413              73              73
   22          91.991    2725.995          91.991    2725.995              22              22
   56        -289.133   -3088.818        -289.133   -3088.818              56              56
  244        1337.266     187.852        1337.266     187.852             244             244
   13        -352.836      20.978        -352.836      20.978              13              13
  160        -496.802     292.743        -496.802     292.743             160             160
   76         810.938     401.742         810.938     401.742              76              76
  190         981.666    -418.760         981.666    -418.760             190             190
  162        3300.565   -1000.495        3300.565   -1000.495             162             162
  252        1926.585      30.738        1926.585      30.738             252             252
   68        -566.464    1169.224        -566.464    1169.224              68              68
  159         312.758   -1984.474         312.758   -1984.474             159             159
  105       -2397.823    1367.904       -2397.823    1367.904             105             105
  161        -775.719    -957.503        -775.719    -957.503             161             161
  163        -382.946    1211.971        -382.946    1211.971             163             163
   53        -575.147    -585.049        -575.147    -585.049              53              53
  223         -62.625     349.123         -62.625     349.123             223             223
   47        1454.989     635.803        1454.989     635.803              47              47
   32         967.330    -293.155         967.330    -293.155              32              32
  120         875.281     485.936         875.281     485.936             120             120
  142        -694.626     183.715        -694.626     183.715             142             142
   58         767.147    2514.681         767.147    2514.681              58              58
  148       -1585.864    -870.875       -1585.864    -870.875             148             148
  121         424.795    1088.107         424.795    1088.107             121             121
  221        -632.398     400.201        -632.398     400.201             221             221
  158         781.926    1392.747         781.926    1392.747             158             158
  247        1371.596   -2055.890        1371.596   -2055.890             247             247
   19         368.381   -1059.340         368.381   -1059.340              19              19
  146         324.673      23.137         324.673      23.137             146             146
   48        -361.519   -1072.279        -361.519   -1072.279              48              48
  141         823.811   -1122.259         823.811   -1122.259             141             141
  219       -1159.367    1363.609       -1159.367    1363.609             219             219
   71         680.442    -667.357         680.442    -667.357              71              71
  198         932.427    1326.472         932.427    1326.472             198             198
  207       -1932.912    3612.714       -1932.912    3612.714             207             207
   85        1386.549   -1006.665        1386.549   -1006.665              85              85
  102         193.827   -1480.514         193.827   -1480.514             102             102
   28        1935.762   -1186.253        1935.762   -1186.253              28              28
   20       -2164.434    -951.024       -2164.434    -951.024              20              20
    8       -2297.358    -864.966       -2297.358    -864.966               8               8
   25        -672.420    -807.439        -672.420    -807.439              25              25
   89         279.453   -1192.301         279.453   -1192.301              89              89
  167         117.718     855.783         117.718     855.783             167             167
  130        1232.641   -1969.944        1232.641   -1969.944             130             130
  250        -102.836    1056.339        -102.836    1056.339             250             250
   75         829.055    1181.748         829.055    1181.748              75              75
  183        -136.442    -133.579        -136.442    -133.579             183             183
  218         480.120   -1182.669         480.120   -1182.669             218             218
  123         -96.419    1185.044         -96.419    1185.044             123             123
  215        2820.684    1652.540        2820.684    1652.540             215             215
   82       -1250.481    -315.308       -1250.481    -315.308              82              82
    9         606.802   -2046.693         606.802   -2046.693               9               9
   18          97.771      65.275          97.771      65.275              18              18
  230       -3082.071     746.555       -3082.071     746.555             230             230
  130         752.995    1499.889         752.995    1499.889             130             130
  240       -2088.833    1592.454       -2088.833    1592.454             240             240
  133        1582.683   -2179.901        1582.683   -2179.901             133             133
  122         329.879    -628.310         329.879    -628.310             122             122
    4       -1475.846    -883.839       -1475.846    -883.839               4               4
   23        1112.403   -1243.507        1112.403   -1243.507              23              23
  170        -596.787     354.958        -596.787     354.958             170             170
  145        -757.334    1384.787        -757.334    1384.787             145             145
  242        -331.244     624.523        -331.244     624.523             242             242
  242         684.599    -543.146         684.599    -543.146             242             242
   87          28.160    -439.267          28.160    -439.267              87              87
  194       -1233.908    -942.860       -1233.908    -942.860             194             194
   72        1226.303   -2541.171        1226.303   -2541.171              72              72
  189          47.529    -177.913          47.529    -177.913             189             189
  223       -1531.283     992.946       -1531.283     992.946             223             223
   92        1857.603      11.150        1857.603      11.150              92              92
  197         368.842    -635.828         368.842    -635.828             197             197
  249        1074.906    -593.309        1074.906    -593.309             249             249
  181        1599.997     178.069        1599.997     178.069             181             181
  109        -849.384     967.435        -849.384     967.435             109             109
  123         227.956    -995.513         227.956    -995.513             123             123
  176       -2764.721   -1007.245       -2764.721   -1007.245             176             176
  184        -840.116    1280.554        -840.116    1280.554             184             184
   51         532.148     372.944         532.148     372.944              51              51
  138        -888.188      95.875        -888.188      95.875             138             138
   51       -2798.820     398.405       -2798.820     398.405              51              51
   10         198.274    1451.104         198.274    1451.104              10              10
  220        -875.609   -1628.887        -875.609   -1628.887             220             220
   61        -101.669     983.762        -101.669     983.762              61              61
   29          71.532    -683.124          71.532    -683.124              29              29
  195        1088.615    2280.976        1088.615    2280.976             195             195
  191        1070.477    1457.128        1070.477    1457.128             191             191
   13         284.531     858.554         284.531     858.554              13              13
   72       -1444.549     832.176       -1444.549     832.176              72              72
   57         -98.573    1284.830         -98.573    1284.830              57              57
   17         802.229    1147.770         802.229    1147.770              17              17
   95       -1390.502    -135.012       -1390.502    -135.012              95              95
  228        2214.053     638.119        2214.053     638.119             228             228
  162       -1521.894    1549.396       -1521.894    1549.396             162             162
   82       -1059.096     465.754       -1059.096     465.754              82              82
  215         454.244     878.291         454.244     878.291             215             215
  250        2044.893    2120.769        2044.893    2120.769             250             250
   21         515.767     304.843         515.767     304.843              21              21
   31        -155.168    -108.611        -155.168    -108.611              31              31
  183       -1639.349     741.435       -1639.349     741.435             183             183
  244        -703.819    -898.350        -703.819    -898.350             244             244
  123         796.035    1177.637         796.035    1177.637             123             123
  125        -203.428    -439.279        -203.428    -439.279             125             125
  237        -667.165    -810.067        -667.165    -810.067             237             237
   49        -583.728     413.345        -583.728     413.345              49              49
  235        -186.137    -527.823        -186.137    -527.823             235             235
  105        1437.860     695.142        1437.860     695.142             105             105
  225        -470.891    -946.597        -470.891    -946.597             225             225
  164          31.081    1548.329          31.081    1548.329             164             164
  156        1121.938   -1730.445        1121.938   -1730.445             156             156
  108        1935.702    -155.748        1935.702    -155.748             108             108
  216        1179.223     545.502        1179.223     545.502             216             216
  167         -52.876     717.479         -52.876     717.479             167             167
   72        1745.086    -926.854        1745.086    -926.854              72              72
   21         787.971     754.963         787.971     754.963              21              21
  196        2465.421     908.715        2465.421     908.715             196             196
   11         343.067     507.021         343.067     507.021              11              11
  213        -377.748     375.037        -377.748     375.037             213             213
  210        -257.203    1715.685        -257.203    1715.685             210             210
   83        1115.898     286.807        1115.898     286.807              83              83
   14         439.493    -679.184         439.493    -679.184              14              14
  227       -1911.622   -2437.838       -1911.622   -2437.838             227             227
  179         884.511    1763.822         884.511    1763.822             179             179
  242         673.466     717.026         673.466     717.026             242             242
  134        -972.811     281.083        -972.811     281.083             134             134
    5        -473.024    -412.109        -473.024    -412.109               5               5
  202        -555.355    1061.871        -555.355    1061.871             202             202
  129        1420.640    -179.824        1420.640    -179.824             129             129
   26        1109.493     251.973        1109.493     251.973              26              26
  233         -38.839   -1358.490         -38.839   -1358.490             233             233
   57       -1676.866    1542.753       -1676.866    1542.753              57              57
   15        -378.196    -310.549        -378.196    -310.549              15              15
  100        -157.635     226.823        -157.635     226.823             100             100
  183        -325.165   -1135.537        -325.165   -1135.537             183             183
  253        1173.278   -1569.305        1173.278   -1569.305             253             253
  150       -2085.555    -514.712       -2085.555    -514.712             150             150
  162       -1842.873     387.401       -1842.873     387.401             162             162
  102        1571.958    1041.411        1571.958    1041.411             102             102
  119         434.962     840.287         434.962     840.287             119             119
   71         637.060    1253.919         637.060    1253.919              71              71
    3       -2313.366    1417.491       -2313.366    1417.491               3               3
  228       -1785.235    1057.609       -1785.235    1057.609             228             228
   31          81.822    -118.392          81.822    -118.392              31              31
  171        1641.085    -223.137        1641.085    -223.137             171             171
   44        -470.889    -465.079        -470.889    -465.079              44              44
   53       -1011.965     302.621       -1011.965     302.621              53              53
  112       -1157.426    1961.894       -1157.426    1961.894             112             112
   56        -357.472    1020.425        -357.472    1020.425              56              56
   10        1035.580   -1319.117        1035.580   -1319.117              10              10
   66       -1573.244    -926.091       -1573.244    -926.091              66              66
  140        -124.919   -2459.462        -124.919   -2459.462             140             140
   24         927.476   -2030.477         927.476   -2030.477              24              24
   38          -1.576   -1334.731          -1.576   -1334.731              38              38
   64        2570.775    -502.257        2570.775    -502.257              64              64
   11        -175.460    1706.760        -175.460    1706.760              11              11
  173        1374.659    2957.779        1374.659    2957.779             173             173
   69       -2058.287   -1800.663       -2058.287   -1800.663              69              69
  213        -152.046    -647.177        -152.046    -647.177             213             213
   46         711.588     249.023         711.588     249.023              46              46
   96        1400.185    -525.977        1400.185    -525.977              96              96
  191         481.689   -2931.279         481.689   -2931.279             191             191
  103         510.201    1362.176         510.201    1362.176             103             103
  112        -178.603     709.985        -178.603     709.985             112             112
   35        1081.109   -1436.978        1081.109   -1436.978              35              35
   30         351.845   -1187.561         351.845   -1187.561              30              30
  110         782.271   -1023.755         782.271   -1023.755             110             110
  186        1306.086    1922.057        1306.086    1922.057             186             186
  193        1185.724    1180.883        1185.724    1180.883             193             193
  212       -2368.239    2422.984       -2368.239    2422.984             212             212
   50         582.472    2007.185         582.472    2007.185              50              50
    8        1373.574   -2084.782        1373.574   -2084.782               8               8
  216         839.426    1446.481         839.426    1446.481             216             216
   22        2158.369    2210.310        2158.369    2210.310              22              22
   39         614.035    1728.997         614.035    1728.997              39              39
  131        1086.267     193.945        1086.267     193.945             131             131
   67         954.123     -66.159         954.123     -66.159              67              67
   92        -896.454   -1576.349        -896.454   -1576.349              92              92
  243        -759.656     470.876        -759.656     470.876             243             243
  124         915.854    -982.204         915.854    -982.204             124             124
  103         298.132     146.510         298.132     146.510             103             103
   54        2298.623    2147.251        2298.623    2147.251              54              54
    8        1178.173   -2110.827        1178.173   -2110.827               8               8
  127        1566.674   -1156.104        1566.674   -1156.104             127             127
   92        -123.547   -2128.754        -123.547   -2128.754              92              92
   72         248.668     627.977         248.668     627.977              72              72
  139        1614.313     754.525        1614.313     754.525             139             139
    9       -1189.299    -413.606       -1189.299    -413.606               9               9
  142         998.387     438.725         998.387     438.725             142             142
   97        1375.431     913.081        1375.431     913.081              97              97
   55       -1143.265    2544.682       -1143.265    2544.682              55              55
  239         315.616    -801.318         315.616    -801.318             239             239
   32          40.624    1589.574          40.624    1589.574              32              32
  159         936.501     366.329         936.501     366.329             159             159
   96         177.610    1435.102         177.610    1435.102              96              96
   68       -1095.998     -19.830       -1095.998     -19.830              68              68
  189        -778.905     202.130        -778.905     202.130             189             189
  206       -1828.124   -1580.555       -1828.124   -1580.555             206             206
  254       -2860.749      77.317       -2860.749      77.317             254             254
  126         105.882    -112.492         105.882    -112.492             126             126
  163         317.812    -647.659         317.812    -647.659             163             163
   48        -871.737     867.240        -871.737     867.240              48              48
  134       -2179.333     599.703       -2179.333     599.703             134             134
  123        1430.395     539.597        1430.395     539.597             123             123
   70         -19.439    -599.640         -19.439    -599.640              70              70
  174       -2467.445    2215.299       -2467.445    2215.299             174             174
  255       -1061.768    1151.868       -1061.768    1151.868             255             255
  138         563.773   -2744.802         563.773   -2744.802             138             138
   11         889.701    1071.776         889.701    1071.776              11              11
  243        1300.216   -2241.080        1300.216   -2241.080             243             243
    6         564.152    -287.047         564.152    -287.047               6               6
  114        -769.696    1444.603        -769.696    1444.603             114             114
   41        -909.694    1086.694        -909.694    1086.694              41              41
   14        -764.906     310.321        -764.906     310.321              14              14
  242        -315.485    -845.725        -315.485    -845.725             242             242
  133         870.185    1843.404         870.185    1843.404             133             133
   87        -725.738    -877.241        -725.738    -877.241              87              87
  126        -354.384   -1458.018        -354.384   -1458.018             126             126
  143         422.315     -56.140         422.315     -56.140             143             143
  230        -609.297   -1562.489        -609.297   -1562.489             230             230
  223         -38.122     694.342         -38.122     694.342             223             223
  199         367.878    -745.633         367.878    -745.633             199             199
  214        -654.836    2794.149        -654.836    2794.149             214             214
    0       -1009.647    -613.350       -1009.647    -613.350              -0              -0
  102         973.521     245.733         973.521     245.733             102             102
   54        1480.408    1027.806        1480.408    1027.806              54              54
   68        1064.244     394.399        1064.244     394.399              68              68
   36         -92.305     -15.888         -92.305     -15.888              36              36
    4        -689.072     -30.849        -689.072     -30.849               4               4
   67        2317.750     235.638        2317.750     235.638              67              67
  163        2476.356     462.511        2476.356     462.511             163             163
  167         358.771    -140.374         358.771    -140.374             167             167
  115         132.319   -1060.779         132.319   -1060.779             115             115
   42         -15.517    -108.999         -15.517    -108.999              42              42
   35          65.321   -1867.898          65.321   -1867.898              35              35
  186        -852.593    -369.845        -852.593    -369.845             186             186
  216       -2943.230    -627.220       -2943.230    -627.220             216             216
   34       -1647.893   -1173.959       -1647.893   -1173.959              34              34
   68         633.696       1.184         633.696       1.184              68              68
  228           8.418   -1252.118           8.418   -1252.118             228             228
   21        -723.644   -1540.083        -723.644   -1540.083              21              21
   74         119.891    1360.830         119.891    1360.830              74              74
   87         704.000       0.104         704.000       0.104              87              87
   63         120.195   -1360.530         120.195   -1360.530              63              63
   89        -724.235    1540.165        -724.235    1540.165              89              89
   73           7.993    1252.105           7.993    1252.105              73              73
  196         633.447      -0.981         633.447      -0.981             196             196
  177       -1648.599    1173.409       -1648.599    1173.409             177             177
  200       -2943.268     626.126       -2943.268     626.126             200             200
   84        -852.199     369.525        -852.199     369.525              84              84
  152          65.141    1867.726          65.141    1867.726             152             152
  167         -15.176     108.685         -15.176     108.685             167             167
   27         132.369    1060.502         132.369    1060.502              27              27
  110         359.221     140.062         359.221     140.062             110             110
  168        2476.814    -462.017        2476.814    -462.017             168             168
  130        2317.608    -235.090        2317.608    -235.090             130             130
  164        -689.320      30.392        -689.320      30.392             164             164
  237         -92.219      15.575         -92.219      15.575             237             237
  166        1064.470    -394.345        1064.470    -394.345             166             166
  169        1480.615   -1027.477        1480.615   -1027.477             169             169
   48         973.207    -245.462         973.207    -245.462              48              48
   73       -1010.173     612.728       -1010.173     612.728              73              73
   80        -653.940   -2794.407        -653.940   -2794.407              80              80
  164         367.592     745.951         367.592     745.951             164             164
  116         -38.023    -694.216         -38.023    -694.216             116             116
  115        -609.860    1562.349        -609.860    1562.349             115             115
   95         422.249      56.200         422.249      56.200              95              95
   76        -354.989    1457.734        -354.989    1457.734              76              76
  150        -725.989     876.509        -725.989     876.509             150             150
  164         870.775   -1843.388         870.775   -1843.388             164             164
   49        -315.953     845.484        -315.953     845.484              49              49
  172        -764.893    -310.910        -764.893    -310.910             172             172
  239        -909.272   -1087.210        -909.272   -1087.210             239             239
  136        -768.967   -1444.761        -768.967   -1444.761             136             136
  235         564.335     287.510         564.335     287.510             235             235
   73        1299.514    2241.391        1299.514    2241.391              73              73
  209         889.864   -1071.643         889.864   -1071.643             209             209
  175         562.464    2744.653         562.464    2744.653             175             175
  250       -1061.791   -1152.875       -1061.791   -1152.875             250             250
  153       -2466.686   -2216.263       -2466.686   -2216.263             153             153
    4         -19.369     599.609         -19.369     599.609               4               4
  147        1430.416    -539.307        1430.416    -539.307             147             147
   65       -2179.319    -600.538       -2179.319    -600.538              65              65
   32        -871.270    -867.479        -871.270    -867.479              32              32
    1         317.665     647.804         317.665     647.804               1               1
  234         105.597     112.432         105.597     112.432             234             234
  162       -2860.803     -78.299       -2860.803     -78.299             162             162
  166       -1828.289    1579.727       -1828.289    1579.727             166             166
  215        -778.395    -202.801        -778.395    -202.801             215             215
   73       -1095.481      19.049       -1095.481      19.049              73              73
   79         178.668   -1435.349         178.668   -1435.349              79              79
    7         936.992    -366.218         936.992    -366.218               7               7
  147          41.402   -1589.636          41.402   -1589.636             147             147
  160         315.561     801.237         315.561     801.237             160             160
  172       -1142.012   -2545.218       -1142.012   -2545.218             172             172
    7        1376.185    -912.417        1376.185    -912.417               7               7
   20         998.652    -438.166         998.652    -438.166              20              20
   11       -1189.135     413.311       -1189.135     413.311              11              11
   84        1614.933    -753.896        1614.933    -753.896              84              84
  170         249.055    -627.528         249.055    -627.528             170             170
  175        -123.888    2128.944        -123.888    2128.944             175             175
  133        1566.657    1156.527        1566.657    1156.527             133             133
   86        1177.693    2110.746        1177.693    2110.746              86              86
  159        2299.321   -2146.866        2299.321   -2146.866             159             159
   13         298.026    -146.365         298.026    -146.365              13              13
   65         915.371     982.389         915.371     982.389              65              65
  232        -759.595    -471.266        -759.595    -471.266             232             232
  223        -896.718    1575.807        -896.718    1575.807             223             223
  241         954.459      65.980         954.459      65.980             241             241
  227        1086.525    -194.132        1086.525    -194.132             227             227
  121         614.817   -1729.251         614.817   -1729.251             121             121
  246        2159.165   -2209.696        2159.165   -2209.696             246             246
  118         839.789   -1445.958         839.789   -1445.958             118             118
  187        1372.677    2085.111        1372.677    2085.111             187             187
   22         582.754   -2007.410         582.754   -2007.410              22              22
  119       -2367.406   -2423.741       -2367.406   -2423.741             119             119
  165        1186.446   -1180.230        1186.446   -1180.230             165             165
  184        1306.770   -1921.110        1306.770   -1921.110             184             184
   30         781.840    1024.584         781.840    1024.584              30              30
  124         351.394    1187.924         351.394    1187.924             124             124
    2        1080.512    1437.261        1080.512    1437.261               2               2
  109        -178.474    -710.173        -178.474    -710.173             109             109
  132         510.653   -1361.664         510.653   -1361.664             132             132
  149         480.709    2931.630         480.709    2931.630             149             149
   14        1399.885     526.190        1399.885     526.190              14              14
   49         711.346    -248.898         711.346    -248.898              49              49
  156        -152.622     647.080        -152.622     647.080             156             156
   35       -2058.844    1799.515       -2058.844    1799.515              35              35
   60        1375.832   -2957.663        1375.832   -2957.663              60              60
  240        -174.786   -1706.473        -174.786   -1706.473             240             240
  206        2570.511     503.605        2570.511     503.605             206             206
  236          -2.352    1335.056          -2.352    1335.056             236             236
  118         926.478    2030.881         926.478    2030.881             118             118
   36        -126.174    2459.142        -126.174    2459.142              36              36
  140       -1573.696     925.078       -1573.696     925.078             140             140
  131        1035.031    1318.816        1035.031    1318.816             131             131
  102        -357.457   -1021.223        -357.457   -1021.223             102             102
  116       -1156.952   -1962.538       -1156.952   -1962.538             116             116
   98       -1011.830    -302.964       -1011.830    -302.964              98              98
   88        -470.848     464.797        -470.848     464.797              88              88
   87        1640.968     223.413        1640.968     223.413              87              87
  220          81.378     118.022          81.378     118.022             220             220
   79       -1785.146   -1058.597       -1785.146   -1058.597              79              79
  205       -2312.656   -1418.467       -2312.656   -1418.467             205             205
  151         637.836   -1253.733         637.836   -1253.733             151             151
  101         435.372    -840.085         435.372    -840.085             101             101
   69        1572.075   -1040.721        1572.075   -1040.721              69              69
   60       -1843.033    -387.724       -1843.033    -387.724              60              60
   30       -2085.466     514.302       -2085.466     514.302              30              30
   99        1173.012    1569.756        1173.012    1569.756              99              99
  185        -325.532    1135.178        -325.532    1135.178             185             185
   32        -157.519    -227.153        -157.519    -227.153              32              32
  209        -378.297     310.151        -378.297     310.151             209             209
   62       -1676.118   -1543.378       -1676.118   -1543.378              62              62
  182         -38.830    1358.435         -38.830    1358.435             182             182
  223        1109.888    -251.846        1109.888    -251.846             223             223
  111        1420.544     180.054        1420.544     180.054             111             111
   83        -555.120   -1062.201        -555.120   -1062.201              83              83
    3        -473.122     411.851        -473.122     411.851               3               3
  172        -972.480    -281.628        -972.480    -281.628             172             172
   67         673.983    -716.965         673.983    -716.965              67              67
  209         885.078   -1763.318         885.078   -1763.318             209             209
  153       -1912.282    2437.298       -1912.282    2437.298             153             153
  186         439.699     678.931         439.699     678.931             186             186
  246        1116.183    -286.896        1116.183    -286.896             246             246
   37        -256.511   -1716.003        -256.511   -1716.003              37              37
   61        -377.296    -375.217        -377.296    -375.217              61              61
   93         343.741    -507.011         343.741    -507.011              93              93
  153        2466.001    -907.924        2466.001    -907.924             153             153
  160         788.282    -754.570         788.282    -754.570             160             160
  181        1744.741     927.437        1744.741     927.437             181             181
  240         -52.656    -717.607         -52.656    -717.607             240             240
  124        1179.518    -545.038        1179.518    -545.038             124             124
    5        1935.539     156.535        1935.539     156.535               5               5
  190        1121.015    1730.640        1121.015    1730.640             190             190
   19          31.267   -1548.491          31.267   -1548.491              19              19
  106        -471.312     946.381        -471.312     946.381             106             106
    3        1437.913    -694.784        1437.913    -694.784               3               3
   80        -186.665     527.671        -186.665     527.671              80              80
  137        -583.807    -413.638        -583.807    -413.638             137             137
  102        -667.500     809.718        -667.500     809.718             102             102
    9        -203.539     438.867        -203.539     438.867               9               9
  169         796.311   -1177.583         796.311   -1177.583             169             169
   55        -704.341     897.902        -704.341     897.902              55              55
   71       -1639.017    -742.298       -1639.017    -742.298              71              71
   96        -154.893     108.267        -154.893     108.267              96              96
   23         516.155    -305.122         516.155    -305.122              23              23
  182        2045.577   -2120.364        2045.577   -2120.364             182             182
  179         454.187    -878.189         454.187    -878.189             179             179
   26       -1059.169    -466.247       -1059.169    -466.247              26              26
   99       -1521.173   -1549.977       -1521.173   -1549.977              99              99
  247        2214.300    -637.319        2214.300    -637.319             247             247
  236       -1390.654     134.441       -1390.654     134.441             236             236
  252         802.637   -1147.685         802.637   -1147.685             252             252
  177         -98.303   -1284.901         -98.303   -1284.901             177             177
  226       -1444.198    -832.644       -1444.198    -832.644             226             226
   33         285.086    -858.482         285.086    -858.482              33              33
  238        1071.059   -1456.750        1071.059   -1456.750             238             238
   63        1089.217   -2280.256        1089.217   -2280.256              63              63
  186          71.032     683.517          71.032     683.517             186             186
  143        -101.609    -983.512        -101.609    -983.512             143             143
  245        -876.340    1628.689        -876.340    1628.689             245             245
  171         198.487   -1451.070         198.487   -1451.070             171             171
   11       -2798.776    -399.144       -2798.776    -399.144              11              11
  250        -887.857     -96.023        -887.857     -96.023             250             250
  106         532.375    -372.661         532.375    -372.661             106             106
   31        -839.783   -1280.517        -839.783   -1280.517              31              31
  100       -2764.760    1006.671       -2764.760    1006.671             100             100
  109         228.132     995.596         228.132     995.596             109             109
  111        -848.543    -967.688        -848.543    -967.688             111             111
  237        1600.516    -177.284        1600.516    -177.284             237             237
  212        1074.849     593.871        1074.849     593.871             212             212
  121         368.742     636.001         368.742     636.001             121             121
  151        1857.472     -10.547        1857.472     -10.547             151             151
   12       -1531.068    -993.269       -1531.068    -993.269              12              12
  193          47.667     178.371          47.667     178.371             193             193
  247        1225.408    2541.742        1225.408    2541.742             247             247
   36       -1234.265     942.254       -1234.265     942.254              36              36
  120          28.186     439.077          28.186     439.077             120             120
  171         684.437     543.113         684.437     543.113             171             171
   63        -331.109    -624.890        -331.109    -624.890              63              63
  219        -756.819   -1385.012        -756.819   -1385.012             219             219
  162        -596.442    -354.862        -596.442    -354.862             162             162
   43        1112.046    1244.074        1112.046    1244.074              43              43
  215       -1476.064     883.323       -1476.064     883.323             215             215
   83         329.954     628.362         329.954     628.362              83              83
   13        1581.850    2180.021        1581.850    2180.021              13              13
  248       -2088.358   -1593.656       -2088.358   -1593.656             248             248
   66         753.510   -1499.699         753.510   -1499.699              66              66
   76       -3081.623    -747.416       -3081.623    -747.416              76              76
  179          98.363     -64.968          98.363     -64.968             179             179
  209         606.438    2046.879         606.438    2046.879             209             209
   66       -1250.089     314.495       -1250.089     314.495              66              66
   95        2821.582   -1651.795        2821.582   -1651.795              95              95
  220         -96.005   -1184.868         -96.005   -1184.868             220             220
   60         479.836    1182.961         479.836    1182.961              60              60
  201        -136.331     133.383        -136.331     133.383             201             201
  252         829.583   -1181.490         829.583   -1181.490             252             252
  161        -102.359   -1056.029        -102.359   -1056.029             161             161
   55        1232.030    1970.537        1232.030    1970.537              55              55
  108         117.905    -855.663         117.905    -855.663             108             108
  143         278.907    1192.588         278.907    1192.588             143             143
   11        -672.899     807.242        -672.899     807.242              11              11
  229       -2297.580     864.179       -2297.580     864.179             229             229
   39       -2164.112     950.225       -2164.112     950.225              39              39
   23        1935.932    1186.728        1935.932    1186.728              23              23
  166         193.571    1480.180         193.571    1480.180             166             166
   31        1386.252    1006.350        1386.252    1006.350              31              31
   59       -1931.528   -3613.805       -1931.528   -3613.805              59              59
   31         933.257   -1325.948         933.257   -1325.948              31              31
  202         680.316     667.679         680.316     667.679             202             202
  122       -1158.683   -1363.854       -1158.683   -1363.854             122             122
  250         823.744    1122.769         823.744    1122.769             250             250
  108        -361.624    1072.101        -361.624    1072.101             108             108
  166         325.022     -23.095         325.022     -23.095             166             166
  210         368.369    1059.419         368.369    1059.419             210             210
  191        1371.115    2055.894        1371.115    2055.894             191             191
  179         782.366   -1392.994         782.366   -1392.994             179             179
  202        -632.214    -400.665        -632.214    -400.665             202             202
    1         425.240   -1088.086         425.240   -1088.086               1               1
    0       -1585.905     870.082       -1585.905     870.082               0               0
  126         768.351   -2514.591         768.351   -2514.591             126             126
  210        -694.203    -183.827        -694.203    -183.827             210             210
   66         875.884    -485.577         875.884    -485.577              66              66
  221         967.518     293.476         967.518     293.476             221             221
  175        1455.252    -635.347        1455.252    -635.347             175             175
  126         -62.583    -349.061         -62.583    -349.061             126             126
  167        -575.283     584.821        -575.283     584.821             167             167
  172        -382.402   -1212.063        -382.402   -1212.063             172             172
   32        -775.881     957.276        -775.881     957.276              32              32
  222       -2396.830   -1368.605       -2396.830   -1368.605             222             222
   24         312.859    1984.588         312.859    1984.588              24              24
  175        -565.237   -1169.542        -565.237   -1169.542             175             175
  233        1927.466     -29.958        1927.466     -29.958             233             233
  254        3300.573    1001.605        3300.573    1001.605             254             254
  214         981.548     418.903         981.548     418.903             214             214
    1         811.095    -401.624         811.095    -401.624               1               1
  165        -496.572    -292.948        -496.572    -292.948             165             165
  245        -352.423     -21.094        -352.423     -21.094             245             245
   60        1337.661    -187.289        1337.661    -187.289              60              60
  196        -289.907    3088.359        -289.907    3088.359             196             196
  192          93.326   -2726.439          93.326   -2726.439             192             192
  183         614.554   -1611.985         614.554   -1611.985             183             183
  190        -269.907    1288.708        -269.907    1288.708             190             190
   44        1634.446    1068.783        1634.446    1068.783              44              44
   93        -191.632     310.811        -191.632     310.811              93              93
  144         -28.904   -1121.730         -28.904   -1121.730             144             144
  235        1053.397   -2048.050        1053.397   -2048.050             235             235
   17       -1840.714     635.847       -1840.714     635.847              17              17
   91        -966.150     -14.526        -966.150     -14.526              91              91
  237        -604.881     599.508        -604.881     599.508             237             237
   17         826.869   -2344.826         826.869   -2344.826              17              17
  218        -692.221    -745.024        -692.221    -745.024             218             218
  192        1415.256     230.429        1415.256     230.429             192             192
   83         684.118    -985.095         684.118    -985.095              83              83
  184       -1432.743   -1520.794       -1432.743   -1520.794             184             184
  111         364.611     579.299         364.611     579.299             111             111
  210        2109.036    -875.820        2109.036    -875.820             210             210
