SINAL     NFT                         FFT                         NFT INVERSA     FFT INVERSA
-----     -----------------------     -----------------------     -----------     -----------
   31       64677.000       0.000       64677.000       0.000              31              31
  121       -1956.209     413.602       -1956.209     413.602             121             121
   97       -1407.951   -2052.021       -1407.951   -2052.021              97              97
  244        -661.359     206.036        -661.359     206.036             244             244
    8         343.463    -193.188         343.463    -193.188               8               8
   20        -880.997      43.875        -880.997      43.875              20              20
  148         511.319    -406.593         511.319    -406.593             148             148
  206          81.652    1200.152          81.652    1200.152             206             206
  104        -157.627    -738.380        -157.627    -738.380             104             104
   12          -0.044     278.230          -0.044     278.230              12              12
  111        1291.863     734.684        1291.863     734.684             111             111
  221        -652.006     433.682        -652.006     433.682             221             221
   22         364.777      92.103         364.777      92.103              22              22
   64        -989.143    1091.044        -989.143    1091.044              64              64
   11         565.676       1.790         565.676       1.790              11              11
   36       -1220.042    2504.224       -1220.042    2504.224              36              36
   31        -821.637    -924.792        -821.637    -924.792              31              31
  215        -353.938   -1783.951        -353.938   -1783.951             215             215
  125         555.808    -396.658         555.808    -396.658             125             125
  199         165.183     347.401         165.183     347.401             199             199
   87        1732.818     875.372        1732.818     875.372              87              87
  116        1522.927    -678.599        1522.927    -678.599             116             116
  164        1580.472     377.663        1580.472     377.663             164             164
    6       -1093.034    -277.238       -1093.034    -277.238               6               6
  195        3271.462    -271.470        3271.462    -271.470             195             195
  253       -2617.092    -907.573       -2617.092    -907.573             253             253
  192        -287.032     767.864        -287.032     767.864             192             192
   39        1343.013   -1793.139        1343.013   -1793.139              39              39
  242          47.774    -223.034          47.774    -223.034             242             242
   10        2520.603    -730.936        2520.603    -730.936              10              10
   88        2093.431      21.056        2093.431      21.056              88              88
   18        -230.042    2026.625        -230.042    2026.625              18              18
  131         402.892    -516.318         402.892    -516.318             131             131
  186       -1705.325    1507.121       -1705.325    1507.121             186             186
    7        -716.303    -835.800        -716.303    -835.800               7               7
  140       -1955.635     955.861       -1955.635     955.861             140             140
  206       -1031.904    1084.374       -1031.904    1084.374             206             206
  155         517.011     610.770         517.011     610.770             155             155
   90        -741.393    1034.885        -741.393    1034.885              90              90
   55          -0.897    -846.529          -0.897    -846.529              55              55
  167        -486.976    2086.159        -486.976    2086.159             167             167
  202         817.409   -1221.799         817.409   -1221.799             202             202
   21        -436.314    1675.779        -436.314    1675.779              21              21
  190        1401.667    -410.836        1401.667    -410.836             190             190
   11          17.389    -265.568          17.389    -265.568              11              11
   32         426.011    -707.309         426.011    -707.309              32              32
  226       -1451.548    1627.964       -1451.548    1627.964             226             226
   43       -1847.947    2883.741       -1847.947    2883.741              43              43
  248        -156.111   -1293.538        -156.111   -1293.538             248             248
   96        -397.619     842.074        -397.619     842.074              96              96
  242       -1307.872     449.372       -1307.872     449.372             242             242
   79         191.516     407.562         191.516     407.562              79              79
  212       -1094.389    -310.887       -1094.389    -310.887             212             212
  151       -2177.512    -384.259       -2177.512    -384.259             151             151
   85        1498.629   -1107.473        1498.629   -1107.473              85              85
  151        1236.965    -643.229        1236.965    -643.229             151             151
  148        1182.512    1041.527        1182.512    1041.527             148             148
   22         218.631    1780.649         218.631    1780.649              22              22
  191        1309.298      -3.572        1309.298      -3.572             191             191
  134       -1553.999   -1692.331       -1553.999   -1692.331             134             134
   32        -404.517    -572.961        -404.517    -572.961              32              32
   24         616.056      35.372         616.056      35.372              24              24
  152        -637.007    -753.397        -637.007    -753.397             152             152
  164        1432.494   -1354.209        1432.494   -1354.209             164             164
  211       -1043.841   -1150.668       -1043.841   -1150.668             211             211
  160        2260.075    -950.630        2260.075    -950.630             160             160
   48        -162.183   -1689.346        -162.183   -1689.346              48              48
  161       -1735.534   -2227.364       -1735.534   -2227.364             161             161
   59        -372.159   -1148.455        -372.159   -1148.455              59              59
  139       -1854.145     758.745       -1854.145     758.745             139             139
  217        2891.422    -748.036        2891.422    -748.036             217             217
  227         160.598    -278.880         160.598    -278.880             227             227
   86        2255.833    1022.439        2255.833    1022.439              86              86
  238        -151.659    1342.628        -151.659    1342.628             238             238
  161        1690.228    1188.114        1690.228    1188.114             161             161
   98       -1212.043    2386.060       -1212.043    2386.060              98              98
   15       -1506.662     578.181       -1506.662     578.181              15              15
  131         -31.485    -631.242         -31.485    -631.242             131             131
  141        1165.067    2177.877        1165.067    2177.877             141             141
    7         379.972     823.741         379.972     823.741               7               7
  228       -1308.578     305.438       -1308.578     305.438             228             228
  128        -671.278     745.593        -671.278     745.593             128             128
   87         434.449     867.210         434.449     867.210              87              87
  184         842.644    -163.052         842.644    -163.052             184             184
   23       -1914.315   -1418.990       -1914.315   -1418.990              23              23
  172       -1430.608    1978.290       -1430.608    1978.290             172             172
   80        1627.546    -224.165        1627.546    -224.165              80              80
  171        -110.998   -1301.189        -110.998   -1301.189             171             171
  194        -433.244     996.717        -433.244     996.717             194             194
   15        -570.452   -2426.197        -570.452   -2426.197              15              15
   50        1598.944    -258.959        1598.944    -258.959              50              50
  227        -987.571    -567.148        -987.571    -567.148             227             227
   40       -1959.753   -2883.210       -1959.753   -2883.210              40              40
  203         495.055    1400.421         495.055    1400.421             203             203
  136         322.271     306.156         322.271     306.156             136             136
  251        -343.465     951.936        -343.465     951.936             251             251
  107       -1126.663       7.604       -1126.663       7.604             107             107
  185         191.616   -2807.866         191.616   -2807.866             185             185
  157         977.105     578.719         977.105     578.719             157             157
  166           1.511   -1076.985           1.511   -1076.985             166             166
   69         492.945    -549.985         492.945    -549.985              69              69
  118         644.698    -314.315         644.698    -314.315             118             118
  137       -1196.902     -99.925       -1196.902     -99.925             137             137
  155       -1179.501     -91.638       -1179.501     -91.638             155             155
  101         193.704    1068.923         193.704    1068.923             101             101
   43        -657.807    -752.265        -657.807    -752.265              43              43
  254       -1376.593   -1504.243       -1376.593   -1504.243             254             254
  117         163.038    1816.081         163.038    1816.081             117             117
  174       -1990.894   -1105.093       -1990.894   -1105.093             174             174
  139        -989.650    -501.932        -989.650    -501.932             139             139
  125        -186.985    1024.406        -186.985    1024.406             125             125
  146         238.059     370.265         238.059     370.265             146             146
   11        -333.882    -198.406        -333.882    -198.406              11              11
  212       -1057.654     338.136       -1057.654     338.136             212             212
   75          54.361    -917.952          54.361    -917.952              75              75
   35         803.392    -464.912         803.392    -464.912              35              35
  128       -2412.384     949.551       -2412.384     949.551             128             128
  155        -249.808    1043.603        -249.808    1043.603             155             155
  206       -1387.436    -128.480       -1387.436    -128.480             206             206
   67       -2585.238     368.624       -2585.238     368.624              67              67
  171         699.566     474.393         699.566     474.393             171             171
    0       -1258.533     283.859       -1258.533     283.859              -0              -0
   39       -1358.557    1732.977       -1358.557    1732.977              39              39
  212         -47.852    -340.136         -47.852    -340.136             212             212
  203        -793.672     942.490        -793.672     942.490             203             203
  175         422.849     -56.670         422.849     -56.670             175             175
  207       -1136.316    -604.874       -1136.316    -604.874             207             207
   54        -352.749   -1935.130        -352.749   -1935.130              54              54
  105         -81.877    -248.940         -81.877    -248.940             105             105
  109        2039.611     413.501        2039.611     413.501             109             109
  221        -652.831     148.723        -652.831     148.723             221             221
  174        -153.478     802.024        -153.478     802.024             174             174
  228       -1148.074   -2366.302       -1148.074   -2366.302             228             228
  103       -1102.498    -366.828       -1102.498    -366.828             103             103
   74        1049.680    -157.626        1049.680    -157.626              74              74
   73        -892.386    1022.863        -892.386    1022.863              73              73
  146         641.165    1141.196         641.165    1141.196             146             146
   72        -590.454    1213.576        -590.454    1213.576              72              72
  191        -680.554     928.831        -680.554     928.831             191             191
   65         629.490    2352.011         629.490    2352.011              65              65
  211        2951.018    -546.029        2951.018    -546.029             211             211
   60         654.279    -199.375         654.279    -199.375              60              60
  212         894.122      45.508         894.122      45.508             212             212
  223         137.497    -682.384         137.497    -682.384             223             223
   16         709.146    1660.906         709.146    1660.906              16              16
   31        1857.480     322.700        1857.480     322.700              31              31
    2        2136.364   -1510.108        2136.364   -1510.108               2               2
  145        1004.669    -532.280        1004.669    -532.280             145             145
  187        1372.470      -3.371        1372.470      -3.371             187             187
  209         105.564    -948.777         105.564    -948.777             209             209
  213       -1231.507     815.117       -1231.507     815.117             213             213
  103        2342.460     -49.084        2342.460     -49.084             103             103
  209        -458.810     903.483        -458.810     903.483             209             209
  252        -191.166     751.560        -191.166     751.560             252             252
   59        2087.933     531.187        2087.933     531.187              59              59
  157        -141.158    -387.022        -141.158    -387.022             157             157
  172       -2761.283     602.132       -2761.283     602.132             172             172
   11        1367.729    -231.090        1367.729    -231.090              11              11
  212        1757.230   -1083.047        1757.230   -1083.047             212             212
   22        2412.608     631.691        2412.608     631.691              22              22
  121       -1318.955     216.270       -1318.955     216.270             121             121
  177        -446.158    -731.766        -446.158    -731.766             177             177
  196         766.579     847.064         766.579     847.064             196             196
   93         671.576     347.459         671.576     347.459              93              93
   24        -228.754    2059.363        -228.754    2059.363              24              24
   14         444.661     871.602         444.661     871.602              14              14
  167         555.817     963.716         555.817     963.716             167             167
  171        1597.088    -803.196        1597.088    -803.196             171             171
   86         178.813     551.624         178.813     551.624              86              86
  102         476.673    -489.295         476.673    -489.295             102             102
  236       -2334.956   -1361.577       -2334.956   -1361.577             236             236
   42           2.938    1707.706           2.938    1707.706              42              42
  162        -917.712   -1596.872        -917.712   -1596.872             162             162
  192        -674.433    2359.496        -674.433    2359.496             192             192
    9         211.782     997.649         211.782     997.649               9               9
  179         219.632    1377.781         219.632    1377.781             179             179
  224        -832.174   -1369.447        -832.174   -1369.447             224             224
   12       -1811.194     908.167       -1811.194     908.167              12              12
   68        -851.878    -118.172        -851.878    -118.172              68              68
  155        1645.206   -1487.273        1645.206   -1487.273             155             155
  221       -1067.121    1164.519       -1067.121    1164.519             221             221
   26        2068.162     582.371        2068.162     582.371              26              26
    3        -502.894    -185.811        -502.894    -185.811               3               3
  175        -716.833    2625.531        -716.833    2625.531             175             175
   23        1242.002    -318.766        1242.002    -318.766              23              23
   63        -692.198     -51.232        -692.198     -51.232              63              63
   76        2479.682     270.444        2479.682     270.444              76              76
  195         -14.152     841.965         -14.152     841.965             195             195
   74         976.178    -161.666         976.178    -161.666              74              74
   33       -1634.132      81.850       -1634.132      81.850              33              33
  218        1334.329    -322.143        1334.329    -322.143             218             218
  195        2113.325     932.806        2113.325     932.806             195             195
  211         -92.361    -106.752         -92.361    -106.752             211             211
  158       -1058.503    -276.729       -1058.503    -276.729             158             158
   33        -684.219   -1348.855        -684.219   -1348.855              33              33
  236       -2228.677    -572.830       -2228.677    -572.830             236             236
  173       -2668.820    -364.513       -2668.820    -364.513             173             173
  200        -110.093     207.774        -110.093     207.774             200             200
  151        1051.927      -5.387        1051.927      -5.387             151             151
    3         247.867    1574.817         247.867    1574.817               3               3
   46       -2118.777   -1427.850       -2118.777   -1427.850              46              46
  131         -87.328     484.661         -87.328     484.661             131             131
   46        1339.601    -876.913        1339.601    -876.913              46              46
  209         521.072    1984.146         521.072    1984.146             209             209
   68        1932.508     180.290        1932.508     180.290              68              68
   56        1849.599   -1928.364        1849.599   -1928.364              56              56
  132       -4449.392   -1480.121       -4449.392   -1480.121             132             132
   36        -327.077     -60.501        -327.077     -60.501              36              36
   68         481.647    -498.050         481.647    -498.050              68              68
  201       -1487.754     836.409       -1487.754     836.409             201             201
  192       -1676.951     158.701       -1676.951     158.701             192             192
   34        -654.671     148.861        -654.671     148.861              34              34
  227         302.505    -215.698         302.505    -215.698             227             227
  195        1168.991    -545.864        1168.991    -545.864             195             195
  209        -554.292    -118.388        -554.292    -118.388             209             209
  250         376.423    -431.804         376.423    -431.804             250             250
    2        1235.255     424.767        1235.255     424.767               2               2
   30         482.526    -856.855         482.526    -856.855              30              30
  190        -555.515    -531.730        -555.515    -531.730             190             190
   77       -1023.386   -1063.428       -1023.386   -1063.428              77              77
   63       -1451.175    1555.558       -1451.175    1555.558              63              63
  152       -1878.079    -737.141       -1878.079    -737.141             152             152
   17        2365.438    -874.701        2365.438    -874.701              17              17
   19         955.009     381.476         955.009     381.476              19              19
   55        -489.723     440.264        -489.723     440.264              55              55
   50        -925.098    -387.833        -925.098    -387.833              50              50
  255        -243.198    1121.554        -243.198    1121.554             255             255
  228        -260.284    -901.118        -260.284    -901.118             228             228
  250       -2475.806      73.677       -2475.806      73.677             250             250
  150       -1963.383    1402.715       -1963.383    1402.715             150             150
  231       -1090.819     830.075       -1090.819     830.075             231             231
   41       -1723.600    -286.386       -1723.600    -286.386              41              41
   26         477.226   -1041.582         477.226   -1041.582              26              26
   22        -417.273    1258.556        -417.273    1258.556              22              22
  250          42.437     948.223          42.437     948.223             250             250
   94        -863.913     382.451        -863.913     382.451              94              94
   78        2253.016     955.721        2253.016     955.721              78              78
  126        1694.120    -414.575        1694.120    -414.575             126             126
  131         668.262    -309.178         668.262    -309.178             131             131
  146       -2483.867   -1161.817       -2483.867   -1161.817             146             146
   71        -322.215   -1507.505        -322.215   -1507.505              71              71
   67        -503.762    -709.302        -503.762    -709.302              67              67
  180       -1325.207   -1861.000       -1325.207   -1861.000             180             180
   43         652.715     -75.084         652.715     -75.084              43              43
    6         -96.936    -336.156         -96.936    -336.156               6               6
  134         155.239    -220.743         155.239    -220.743             134             134
   37       -1653.204     -74.836       -1653.204     -74.836              37              37
    9        1638.711    -438.046        1638.711    -438.046               9               9
  164       -1418.336   -1404.111       -1418.336   -1404.111             164             164
  228         976.813   -1606.328         976.813   -1606.328             228             228
   86       -1355.195    -257.063       -1355.195    -257.063              86              86
  228       -2150.747    2124.570       -2150.747    2124.570             228             228
  124        -282.918     883.420        -282.918     883.420             124             124
  104         707.780    -309.103         707.780    -309.103             104             104
  247        -924.823     173.620        -924.823     173.620             247             247
  179       -1080.633    -297.701       -1080.633    -297.701             179             179
  154        1623.000       0.307        1623.000       0.307             154             154
  247       -1080.929     297.355       -1080.929     297.355             247             247
  151        -924.690    -173.935        -924.690    -173.935             151             151
  149         707.659     309.269         707.659     309.269             149             149
  141        -282.892    -883.610        -282.892    -883.610             141             141
  127       -2150.104   -2124.988       -2150.104   -2124.988             127             127
  190       -1354.966     257.189       -1354.966     257.189             190             190
  168         976.442    1607.001         976.442    1607.001             168             168
  149       -1418.655    1403.668       -1418.655    1403.668             149             149
  184        1638.601     438.519        1638.601     438.519             184             184
    7       -1653.277      74.279       -1653.277      74.279               7               7
  227         155.315     220.860         155.315     220.860             227             227
   55         -96.986     336.209         -96.986     336.209              55              55
  138         652.582      75.498         652.582      75.498             138             138
  118       -1325.932    1860.648       -1325.932    1860.648             118             118
  127        -503.930     709.066        -503.930     709.066             127             127
  205        -322.734    1507.262        -322.734    1507.262             205             205
   43       -2483.951    1160.651       -2483.951    1160.651              43              43
  170         668.728     309.016         668.728     309.016             170             170
  212        1694.238     414.716        1694.238     414.716             212             212
  177        2253.086    -955.318        2253.086    -955.318             177             177
  208        -864.137    -382.961        -864.137    -382.961             208             208
  222          42.574    -948.366          42.574    -948.366             222             222
   86        -417.032   -1258.589        -417.032   -1258.589              86              86
  180         476.552    1041.808         476.552    1041.808             180             180
   53       -1724.026     285.585       -1724.026     285.585              53              53
   58       -1090.708    -830.651       -1090.708    -830.651              58              58
   49       -1962.985   -1403.320       -1962.985   -1403.320              49              49
  157       -2475.493     -74.302       -2475.493     -74.302             157             157
   50        -260.174     901.007        -260.174     901.007              50              50
  228        -242.592   -1121.652        -242.592   -1121.652             228             228
   56        -924.966     387.597        -924.966     387.597              56              56
   41        -489.156    -440.401        -489.156    -440.401              41              41
  124         955.499    -380.983         955.499    -380.983             124             124
  205        2364.954     875.615        2364.954     875.615             205             205
  183       -1878.646     736.379       -1878.646     736.379             183             183
  251       -1450.555   -1555.981       -1450.555   -1555.981             251             251
  139       -1023.456    1063.292       -1023.456    1063.292             139             139
   95        -555.289     531.559        -555.289     531.559              95              95
  145         482.626     856.910         482.626     856.910             145             145
   68        1235.544    -424.437        1235.544    -424.437              68              68
  102         376.226     431.922         376.226     431.922             102             102
  117        -554.266     118.167        -554.266     118.167             117             117
  123        1168.819     546.185        1168.819     546.185             123             123
  241         302.185     215.655         302.185     215.655             241             241
  235        -654.897    -149.205        -654.897    -149.205             235             235
  251       -1676.979    -159.351       -1676.979    -159.351             251             251
  191       -1487.243    -836.840       -1487.243    -836.840             191             191
   22         481.654     498.351         481.654     498.351              22              22
  166        -327.237      60.532        -327.237      60.532             166             166
  148       -4449.399    1478.707       -4449.399    1478.707             148             148
  199        1849.801    1928.663        1849.801    1928.663             199             199
  118        1932.796    -180.160        1932.796    -180.160             118             118
  114         521.758   -1984.084         521.758   -1984.084             114             114
   29        1339.175     877.392        1339.175     877.392              29              29
   43         -87.498    -484.734         -87.498    -484.734              43              43
  168       -2119.256    1426.943       -2119.256    1426.943             168             168
   88         248.636   -1574.929         248.636   -1574.929              88              88
   92        1051.853       5.788        1051.853       5.788              92              92
   69        -110.398    -207.762        -110.398    -207.762              69              69
  138       -2669.103     363.689       -2669.103     363.689             138             138
   64       -2228.542     572.107       -2228.542     572.107              64              64
  125        -684.206    1348.462        -684.206    1348.462             125             125
  180       -1058.066     276.057       -1058.066     276.057             180             180
  189         -91.711     106.395         -91.711     106.395             189             189
   75        2114.063    -932.286        2114.063    -932.286              75              75
  107        1334.171     322.477        1334.171     322.477             107             107
  185       -1633.966     -82.587       -1633.966     -82.587             185             185
  214         976.462     161.744         976.462     161.744             214             214
  203         -13.567    -842.175         -13.567    -842.175             203             203
   74        2479.828    -269.710        2479.828    -269.710              74              74
   27        -692.287      50.852        -692.287      50.852              27              27
   49        1241.864     318.822        1241.864     318.822              49              49
  192        -716.034   -2625.901        -716.034   -2625.901             192             192
  151        -502.738     185.741        -502.738     185.741             151             151
   35        2068.351    -581.719        2068.351    -581.719              35              35
  171       -1066.817   -1164.697       -1066.817   -1164.697             171             171
  146        1644.579    1487.903        1644.579    1487.903             146             146
  226        -852.264     117.663        -852.264     117.663             226             226
  193       -1810.912    -908.839       -1810.912    -908.839             193             193
   56        -832.383    1368.958        -832.383    1368.958              56              56
  118         220.302   -1378.050         220.302   -1378.050             118             118
  137         212.150    -997.720         212.150    -997.720             137             137
  175        -673.635   -2359.501        -673.635   -2359.501             175             175
  233        -918.093    1596.724        -918.093    1596.724             233             233
  167           3.622   -1707.617           3.622   -1707.617             167             167
  218       -2335.063    1360.958       -2335.063    1360.958             218             218
  145         477.082     489.288         477.082     489.288             145             145
  255         179.467    -551.683         179.467    -551.683             255             255
   54        1597.121     803.526        1597.121     803.526              54              54
  215         556.237    -963.828         556.237    -963.828             215             215
  138         445.030    -871.643         445.030    -871.643             138             138
  119        -227.907   -2059.389        -227.907   -2059.389             119             119
   85         671.888    -347.022         671.888    -347.022              85              85
   63         766.897    -846.568         766.897    -846.568              63              63
   53        -446.369     731.784        -446.369     731.784              53              53
  160       -1318.439    -216.695       -1318.439    -216.695             160             160
  170        2413.249    -630.720        2413.249    -630.720             170             170
  238        1756.826    1083.728        1756.826    1083.728             238             238
  119        1367.263     231.417        1367.263     231.417             119             119
  117       -2761.156    -603.109       -2761.156    -603.109             117             117
   57        -140.811     386.914        -140.811     386.914              57              57
  146        2088.291    -530.618        2088.291    -530.618             146             146
  167        -190.942    -751.654        -190.942    -751.654             167             167
  249        -458.237    -903.520        -458.237    -903.520             249             249
   41        2342.507      50.002        2342.507      50.002              41              41
  203       -1231.237    -815.325       -1231.237    -815.325             203             203
  164         105.615     948.991         105.615     948.991             164             164
  188        1372.776       3.893        1372.776       3.893             188             188
  173        1004.713     532.706        1004.713     532.706             173             173
  102        2135.950    1510.651        2135.950    1510.651             102             102
  244        1857.395    -322.434        1857.395    -322.434             244             244
   36         709.425   -1660.700         709.425   -1660.700              36              36
  240         137.140     682.500         137.140     682.500             240             240
  164         894.085     -45.298         894.085     -45.298             164             164
   14         654.208     199.468         654.208     199.468              14              14
  152        2950.541     546.651        2950.541     546.651             152             152
  126         629.624   -2352.045         629.624   -2352.045             126             126
  160        -680.730    -929.010        -680.730    -929.010             160             160
  152        -590.276   -1213.681        -590.276   -1213.681             152             152
  181         641.283   -1140.762         641.283   -1140.762             181             181
  119        -892.268   -1022.779        -892.268   -1022.779             119             119
   34        1049.343     158.405        1049.343     158.405              34              34
   45       -1102.994     366.845       -1102.994     366.845              45              45
  205       -1148.957    2365.935       -1148.957    2365.935             205             205
   97        -153.212    -802.233        -153.212    -802.233              97              97
   98        -652.676    -148.884        -652.676    -148.884              98              98
  110        2039.648    -412.665        2039.648    -412.665             110             110
   12         -82.368     249.179         -82.368     249.179              12              12
   81        -353.742    1935.038        -353.742    1935.038              81              81
  230       -1136.694     604.229       -1136.694     604.229             230             230
  130         422.650      56.513         422.650      56.513             130             130
  138        -793.609    -942.915        -793.609    -942.915             138             138
  120         -48.237     339.948         -48.237     339.948             120             120
   41       -1358.235   -1733.520       -1358.235   -1733.520              41              41
  132       -1258.468    -284.181       -1258.468    -284.181             132             132
  162         699.494    -474.094         699.494    -474.094             162             162
  244       -2585.341    -369.393       -2585.341    -369.393             244             244
   41       -1387.340     128.028       -1387.340     128.028              41              41
   94        -249.417   -1043.651        -249.417   -1043.651              94              94
  162       -2411.841    -950.083       -2411.841    -950.083             162             162
  143         803.541     465.486         803.541     465.486             143             143
   83          54.030     918.035          54.030     918.035              83              83
  199       -1057.511    -338.491       -1057.511    -338.491             199             199
  128        -333.804     198.319        -333.804     198.319             128             128
  247         238.213    -370.189         238.213    -370.189             247             247
  213        -186.765   -1024.276        -186.765   -1024.276             213             213
   24        -989.950     501.875        -989.950     501.875              24              24
  118       -1991.126    1104.403       -1991.126    1104.403             118             118
  117         163.821   -1815.879         163.821   -1815.879             117             117
  176       -1376.970    1504.047       -1376.970    1504.047             176             176
   44        -657.773     751.944        -657.773     751.944              44              44
  237         194.221   -1068.851         194.221   -1068.851             237             237
  211       -1179.392      91.435       -1179.392      91.435             211             211
   89       -1196.523      99.700       -1196.523      99.700              89              89
  187         645.011     314.714         645.011     314.714             187             187
   53         492.970     550.315         492.970     550.315              53              53
  188           1.339    1077.011           1.339    1077.011             188             188
   41         977.380    -578.242         977.380    -578.242              41              41
   65         190.563    2807.898         190.563    2807.898              65              65
   14       -1126.648      -8.365       -1126.648      -8.365              14              14
   15        -342.949    -952.189        -342.949    -952.189              15              15
  195         322.508    -306.012         322.508    -306.012             195             195
  153         495.422   -1399.886         495.422   -1399.886             153             153
  136       -1960.693    2882.800       -1960.693    2882.800             136             136
  237        -987.328     566.667        -987.328     566.667             237             237
   29        1599.086     259.501        1599.086     259.501              29              29
   43        -571.254    2425.757        -571.254    2425.757              43              43
  226        -432.740    -997.165        -432.740    -997.165             226             226
   70        -111.178    1300.947        -111.178    1300.947              70              70
  138        1627.429     224.251        1627.429     224.251             138             138
  133       -1430.116   -1978.900       -1430.116   -1978.900             133             133
  214       -1914.483    1418.297       -1914.483    1418.297             214             214
  221         842.962     162.954         842.962     162.954             221             221
   76         434.807    -867.382         434.807    -867.382              76              76
   86        -670.986    -745.993        -670.986    -745.993              86              86
  213       -1308.171    -306.062       -1308.171    -306.062             213             213
   33         380.671    -823.853         380.671    -823.853              33              33
  111        1165.948   -2177.442        1165.948   -2177.442             111             111
   76         -31.752     631.299         -31.752     631.299              76              76
  151       -1506.328    -578.916       -1506.328    -578.916             151             151
   31       -1210.692   -2386.479       -1210.692   -2386.479              31              31
  121        1691.091   -1187.299        1691.091   -1187.299             121             121
  133        -150.861   -1342.337        -150.861   -1342.337             133             133
  243        2256.394   -1021.163        2256.394   -1021.163             243             243
  211         160.582     279.473         160.582     279.473             211             211
   64        2890.931     749.345        2890.931     749.345              64              64
   40       -1854.235    -758.927       -1854.235    -758.927              40              40
  143        -372.551    1148.913        -372.551    1148.913             143             143
  106       -1736.069    2227.088       -1736.069    2227.088             106             106
  106        -162.243    1689.308        -162.243    1689.308             106             106
  158        2259.910     951.342        2259.910     951.342             158             158
  122       -1044.173    1150.269       -1044.173    1150.269             122             122
   46        1432.129    1354.519        1432.129    1354.519              46              46
   55        -637.258     752.907        -637.258     752.907              55              55
    2         616.111     -35.355         616.111     -35.355               2               2
   28        -404.748     572.740        -404.748     572.740              28              28
   84       -1554.275    1691.487       -1554.275    1691.487              84              84
   46        1309.642       3.455        1309.642       3.455              46              46
  255         219.407   -1780.862         219.407   -1780.862             255             255
  154        1182.996   -1041.019        1182.996   -1041.019             154             154
  184        1236.675     643.788        1236.675     643.788             184             184
  132        1497.819    1107.876        1497.819    1107.876             132             132
  112       -2177.989     383.280       -2177.989     383.280             112             112
  150       -1094.402     310.213       -1094.402     310.213             150             150
  208         191.680    -407.803         191.680    -407.803             208             208
  199       -1307.689    -450.045       -1307.689    -450.045             199             199
  108        -397.182    -842.307        -397.182    -842.307             108             108
  242        -156.520    1293.137        -156.520    1293.137             242             242
   55       -1846.854   -2884.666       -1846.854   -2884.666              55              55
  184       -1450.517   -1628.189       -1450.517   -1628.189             184             184
  137         426.282     707.675         426.282     707.675             137             137
   87          17.712     265.551          17.712     265.551              87              87
   49        1401.750     411.108        1401.750     411.108              49              49
   15        -435.623   -1675.963        -435.623   -1675.963              15              15
   74         817.118    1221.983         817.118    1221.983              74              74
    4        -486.221   -2086.393        -486.221   -2086.393               4               4
   79          -1.077     846.542          -1.077     846.542              79              79
  115        -740.882   -1035.265        -740.882   -1035.265             115             115
  148         517.310    -610.621         517.310    -610.621             148             148
  185       -1031.547   -1084.672       -1031.547   -1084.672             185             185
  221       -1955.033    -956.288       -1955.033    -956.288             221             221
   50        -716.127     835.636        -716.127     835.636              50              50
   51       -1704.170   -1507.628       -1704.170   -1507.628              51              51
   12         403.485     516.536         403.485     516.536              12              12
  105        -228.573   -2026.520        -228.573   -2026.520             105             105
   54        2094.154     -19.904        2094.154     -19.904              54              54
   40        2520.581     732.080        2520.581     732.080              40              40
  190          47.813     223.295          47.813     223.295             190             190
  100        1342.517    1793.610        1342.517    1793.610             100             100
   39        -286.792    -767.986        -286.792    -767.986              39              39
   88       -2616.815     906.768       -2616.815     906.768              88              88
   28        3271.907     272.507        3271.907     272.507              28              28
  171       -1092.810     276.788       -1092.810     276.788             171             171
  201        1581.125    -377.156        1581.125    -377.156             201             201
  179        1522.985     679.037        1522.985     679.037             179             179
  124        1733.157    -874.855        1733.157    -874.855             124             124
  145         165.280    -347.199         165.280    -347.199             145             145
   31         555.690     397.035         555.690     397.035              31              31
  111        -354.523    1783.761        -354.523    1783.761             111             111
  200        -821.785     924.021        -821.785     924.021             200             200
  216       -1218.771   -2504.888       -1218.771   -2504.888             216             216
  249         566.132      -1.576         566.132      -1.576             249             249
   31        -988.294   -1091.353        -988.294   -1091.353              31              31
   10         365.394     -91.897         365.394     -91.897              10              10
    8        -651.181    -433.870        -651.181    -433.870               8               8
  105        1292.776    -734.135        1292.776    -734.135             105             105
   15           0.603    -278.019           0.603    -278.019              15              15
   87        -157.158     738.381        -157.158     738.381              87              87
  221          82.914   -1200.032          82.914   -1200.032             221             221
  163         512.076     406.970         512.076     406.970             163             163
   17        -879.838     -44.044        -879.838     -44.044              17              17
  186         344.886     193.433         344.886     193.433             186             186
  214        -659.356    -206.035        -659.356    -206.035             214             214
   68       -1405.457    2051.553       -1405.457    2051.553              68              68
  199       -1949.171    -414.446       -1949.171    -414.446             199             199
