SINAL     NFT                         FFT                         NFT INVERSA     FFT INVERSA
-----     -----------------------     -----------------------     -----------     -----------
  193       64445.000       0.000       64445.000       0.000             193             193
  240       -1443.536    1636.871       -1443.536    1636.871             240             240
   44         -22.226   -1266.360         -22.226   -1266.360              44              44
   80        -453.017    2642.809        -453.017    2642.809              80              80
   32        -698.277    2564.787        -698.277    2564.787              32              32
  194        1762.338     406.381        1762.338     406.381             194             194
   42        1074.456     376.066        1074.456     376.066              42              42
   60         486.680    -803.785         486.680    -803.785              60              60
  100       -2535.538     559.650       -2535.538     559.650             100             100
  155        2145.809   -1009.956        2145.809   -1009.956             155             155
  127       -1206.546    2928.165       -1206.546    2928.165             127             127
   71        1312.310   -1573.276        1312.310   -1573.276              71              71
  250        1024.015    -476.817        1024.015    -476.817             250             250
  241        -408.477     576.399        -408.477     576.399             241             241
  200        1629.662    -772.186        1629.662    -772.186             200             200
   70        -766.807      40.679        -766.807      40.679              70              70
   52        -578.390    -429.367        -578.390    -429.367              52              52
  117         492.288    1541.887         492.288    1541.887             117             117
   19        -614.696     505.552        -614.696     505.552              19              19
    8       -2269.251    -398.730       -2269.251    -398.730               8               8
   93         944.667    -351.978         944.667    -351.978              93              93
  123         947.637   -1145.266         947.637   -1145.266             123             123
   18       -1178.440    -948.209       -1178.440    -948.209              18              18
   20       -1576.096    -184.157       -1576.096    -184.157              20              20
  172         903.375     184.937         903.375     184.937             172             172
   13        1050.012    2450.538        1050.012    2450.538              13              13
  159        -434.181   -1064.736        -434.181   -1064.736             159             159
  121        -441.347   -1172.218        -441.347   -1172.218             121             121
  239        -161.368     238.644        -161.368     238.644             239             239
   98         483.419    1235.173         483.419    1235.173              98              98
   26        -448.632     548.485        -448.632     548.485              26              26
  177        -848.369    2819.149        -848.369    2819.149             177             177
   82        -433.726     940.734        -433.726     940.734              82              82
   71        -763.619    1366.484        -763.619    1366.484              71              71
    1        1760.951    1359.081        1760.951    1359.081               1               1
  115        -415.676     772.682        -415.676     772.682             115             115
   10         504.782     448.104         504.782     448.104              10              10
   43        -362.230    -346.212        -362.230    -346.212              43              43
  175        1119.724    -148.439        1119.724    -148.439             175             175
  110          32.615    -728.931          32.615    -728.931             110             110
  199        2818.365    -602.632        2818.365    -602.632             199             199
   47         921.205   -2140.246         921.205   -2140.246              47              47
  182         273.654    -697.925         273.654    -697.925             182             182
  194        1657.209    -117.844        1657.209    -117.844             194             194
   32        1170.279     283.349        1170.279     283.349              32              32
  127        -707.936     349.414        -707.936     349.414             127             127
    8         655.410    -854.681         655.410    -854.681               8               8
   84        -417.588     851.659        -417.588     851.659              84              84
  244          88.584    1073.004          88.584    1073.004             244             244
   27         732.074   -2334.115         732.074   -2334.115              27              27
   93         -27.639    1438.205         -27.639    1438.205              93              93
   82         814.081    1347.949         814.081    1347.949              82              82
  151        1147.654   -1249.111        1147.654   -1249.111             151             151
  112        2658.697    1105.990        2658.697    1105.990             112             112
  102       -3043.403   -1305.861       -3043.403   -1305.861             102             102
   67        -259.811    -280.458        -259.811    -280.458              67              67
  125       -2988.228   -1307.839       -2988.228   -1307.839             125             125
    5        -674.648     127.927        -674.648     127.927               5               5
  189        1585.230    -709.233        1585.230    -709.233             189             189
  109         761.592   -1163.756         761.592   -1163.756             109             109
  104         480.656    -260.239         480.656    -260.239             104             104
  216         638.906     -76.810         638.906     -76.810             216             216
   30       -1435.751     940.797       -1435.751     940.797              30              30
  187         437.177   -2401.338         437.177   -2401.338             187             187
   32         339.182    1866.016         339.182    1866.016              32              32
   32       -1041.550    1216.879       -1041.550    1216.879              32              32
   46        2825.230    -433.245        2825.230    -433.245              46              46
   42       -1753.828      31.376       -1753.828      31.376              42              42
   76         373.312     381.849         373.312     381.849              76              76
  222        1480.017    -312.072        1480.017    -312.072             222             222
  153        -474.189     413.041        -474.189     413.041             153             153
   19        -312.048     533.508        -312.048     533.508              19              19
   14         802.363    1802.266         802.363    1802.266              14              14
   79        -546.330   -1043.996        -546.330   -1043.996              79              79
  213        1289.710     765.005        1289.710     765.005             213             213
   46        1930.223     333.997        1930.223     333.997              46              46
  206         957.520    1130.419         957.520    1130.419             206             206
  222        -386.265     -62.558        -386.265     -62.558             222             222
  130          -0.940    -956.218          -0.940    -956.218             130             130
  195        1022.235     283.054        1022.235     283.054             195             195
  250        -518.207      52.576        -518.207      52.576             250             250
  224         -47.981   -1685.472         -47.981   -1685.472             224             224
   21         171.458    1046.876         171.458    1046.876              21              21
  145        3059.882    -629.695        3059.882    -629.695             145             145
   80         507.683     388.556         507.683     388.556              80              80
  123       -1113.104   -1701.248       -1113.104   -1701.248             123             123
  213        -492.510    1732.747        -492.510    1732.747             213             213
  205         387.740    -730.059         387.740    -730.059             205             205
  129         373.014    1532.786         373.014    1532.786             129             129
  147        -207.693     422.317        -207.693     422.317             147             147
   59        -228.573    -933.623        -228.573    -933.623              59              59
  233         377.167    -835.182         377.167    -835.182             233             233
  107       -2168.894     142.582       -2168.894     142.582             107             107
   89        -408.791    1193.404        -408.791    1193.404              89              89
  165         783.511    -674.866         783.511    -674.866             165             165
  140        -268.917    -972.873        -268.917    -972.873             140             140
  122         930.606     971.689         930.606     971.689             122             122
  211        3403.549   -1717.039        3403.549   -1717.039             211             211
  182        -761.749    -165.546        -761.749    -165.546             182             182
  198        -749.357    -563.776        -749.357    -563.776             198             198
  178       -1586.148     427.451       -1586.148     427.451             178             178
   80         608.680     385.289         608.680     385.289              80              80
  218        -250.065   -1606.586        -250.065   -1606.586             218             218
  192        -852.318     467.563        -852.318     467.563             192             192
  159         115.872    1342.693         115.872    1342.693             159             159
  176         450.682    -455.897         450.682    -455.897             176             176
  239         -41.682   -1006.237         -41.682   -1006.237             239             239
  110         269.661    -236.364         269.661    -236.364             110             110
  142        1253.784   -1555.884        1253.784   -1555.884             142             142
  114        1762.782     -81.847        1762.782     -81.847             114             114
   49        1357.722     800.472        1357.722     800.472              49              49
  136         869.336   -1018.396         869.336   -1018.396             136             136
   82        1679.939     785.918        1679.939     785.918              82              82
   70        -508.965    1611.239        -508.965    1611.239              70              70
   26         132.751     -45.927         132.751     -45.927              26              26
  162         541.116     523.552         541.116     523.552             162             162
  194          -7.756    -233.700          -7.756    -233.700             194             194
  240         664.190    -135.268         664.190    -135.268             240             240
  112        2057.851    1064.401        2057.851    1064.401             112             112
   67         788.156    -413.458         788.156    -413.458              67              67
  131        1689.613    -634.257        1689.613    -634.257             131             131
  172        -376.951    -117.805        -376.951    -117.805             172             172
   45        1055.153    -511.965        1055.153    -511.965              45              45
  239        -875.978    1822.661        -875.978    1822.661             239             239
    6       -1255.174     375.474       -1255.174     375.474               6               6
  210        1202.219   -1765.257        1202.219   -1765.257             210             210
  123         397.860     201.602         397.860     201.602             123             123
  128         881.999    1573.160         881.999    1573.160             128             128
  166       -1182.943   -1290.200       -1182.943   -1290.200             166             166
   50        1167.245     -53.179        1167.245     -53.179              50              50
   71         116.591   -1788.995         116.591   -1788.995              71              71
   89         -43.135   -1480.591         -43.135   -1480.591              89              89
  130        2270.318    1142.954        2270.318    1142.954             130             130
   33        -907.415   -2105.984        -907.415   -2105.984              33              33
   26        -842.299    -660.013        -842.299    -660.013              26              26
   34         248.401   -1493.762         248.401   -1493.762              34              34
  210         638.883    -791.467         638.883    -791.467             210             210
    9       -1354.676    -290.746       -1354.676    -290.746               9               9
  144       -1172.781    1604.336       -1172.781    1604.336             144             144
   97        -678.137     392.418        -678.137     392.418              97              97
  123         185.025    1531.222         185.025    1531.222             123             123
  193           8.644    -106.214           8.644    -106.214             193             193
  234       -1185.922     120.559       -1185.922     120.559             234             234
  205        -709.983     321.528        -709.983     321.528             205             205
    8       -2488.981    2608.331       -2488.981    2608.331               8               8
    4         924.342     691.350         924.342     691.350               4               4
  112       -2004.820     359.906       -2004.820     359.906             112             112
  202        2435.449     961.384        2435.449     961.384             202             202
  244        -317.713    -742.146        -317.713    -742.146             244             244
  225        -882.211   -1335.616        -882.211   -1335.616             225             225
   14         -38.306       6.792         -38.306       6.792              14              14
  120         203.661    -415.593         203.661    -415.593             120             120
  141        -820.380    -559.267        -820.380    -559.267             141             141
   59         -86.681     436.581         -86.681     436.581              59              59
  103        -279.438     -12.896        -279.438     -12.896             103             103
  147       -1419.657    -647.866       -1419.657    -647.866             147             147
   13       -1003.469    -799.626       -1003.469    -799.626              13              13
  226       -1066.393    -763.911       -1066.393    -763.911             226             226
   20        -786.427     496.578        -786.427     496.578              20              20
  180         281.081     776.268         281.081     776.268             180             180
   20         266.943   -1484.844         266.943   -1484.844              20              20
   91       -1914.701    -456.757       -1914.701    -456.757              91              91
   13        1201.186   -2065.975        1201.186   -2065.975              13              13
  151         106.263   -1126.713         106.263   -1126.713             151             151
  125        -555.824    -202.278        -555.824    -202.278             125             125
   39        -371.414    1012.280        -371.414    1012.280              39              39
  185         925.004    -858.878         925.004    -858.878             185             185
   79       -1002.306     -81.225       -1002.306     -81.225              79              79
   48        1120.537      83.218        1120.537      83.218              48              48
   73         113.078   -1344.113         113.078   -1344.113              73              73
  177        2105.740     669.970        2105.740     669.970             177             177
  171         692.208   -1395.144         692.208   -1395.144             171             171
   11        -336.074    3321.995        -336.074    3321.995              11              11
  155        -226.905   -1132.428        -226.905   -1132.428             155             155
  121        -533.976     236.361        -533.976     236.361             121             121
   19        1433.712     375.006        1433.712     375.006              19              19
  160        -552.175    -213.731        -552.175    -213.731             160             160
  234       -1943.389     736.752       -1943.389     736.752             234             234
  222          52.867    -480.688          52.867    -480.688             222             222
  149        1259.658    1125.908        1259.658    1125.908             149             149
  204        -881.918   -2004.475        -881.918   -2004.475             204             204
  236        -486.189   -3802.059        -486.189   -3802.059             236             236
   13        2289.030    -140.905        2289.030    -140.905              13              13
   89        -828.860    1174.181        -828.860    1174.181              89              89
   39        1329.396   -1560.473        1329.396   -1560.473              39              39
  116         283.678     764.564         283.678     764.564             116             116
  237        1081.637   -2556.132        1081.637   -2556.132             237             237
   53         171.006     786.074         171.006     786.074              53              53
   87       -1479.346    1643.985       -1479.346    1643.985              87              87
    2       -1315.963    -663.033       -1315.963    -663.033               2               2
  233        -500.376    -703.366        -500.376    -703.366             233             233
  108        1805.747     508.354        1805.747     508.354             108             108
   93         842.603    1350.030         842.603    1350.030              93              93
  247        1701.754   -1274.508        1701.754   -1274.508             247             247
    3        1259.399    -163.283        1259.399    -163.283               3               3
  218        1148.369    1755.756        1148.369    1755.756             218             218
   30         818.658   -1268.069         818.658   -1268.069              30              30
  188        -418.588    -795.519        -418.588    -795.519             188             188
   42       -1503.561    -187.140       -1503.561    -187.140              42              42
   79        -185.081    1873.149        -185.081    1873.149              79              79
    6         327.757    1497.642         327.757    1497.642               6               6
  219         630.646     855.236         630.646     855.236             219             219
  250         -46.088     658.010         -46.088     658.010             250             250
   18        1016.846     293.602        1016.846     293.602              18              18
  119         783.984   -1436.716         783.984   -1436.716             119             119
  116         353.201    -117.256         353.201    -117.256             116             116
   38       -2013.385    -749.280       -2013.385    -749.280              38              38
   23        1176.916    1728.095        1176.916    1728.095              23              23
   94       -1742.664   -1527.678       -1742.664   -1527.678              94              94
    4         235.207     750.442         235.207     750.442               4               4
  172         255.069   -1425.127         255.069   -1425.127             172             172
   43        -713.767    1118.105        -713.767    1118.105              43              43
  241         -57.523    2144.558         -57.523    2144.558             241             241
  185        1493.039   -1879.002        1493.039   -1879.002             185             185
  132         679.155     444.525         679.155     444.525             132             132
   25        1230.890    2209.527        1230.890    2209.527              25              25
   46        1772.666   -1381.830        1772.666   -1381.830              46              46
  114         581.582    1112.644         581.582    1112.644             114             114
   78        1249.934     849.029        1249.934     849.029              78              78
  133       -1179.221     619.145       -1179.221     619.145             133             133
  116       -2188.277   -1397.172       -2188.277   -1397.172             116             116
   56         558.522   -1127.563         558.522   -1127.563              56              56
  241       -1544.066   -3115.744       -1544.066   -3115.744             241             241
  210         405.889   -2101.297         405.889   -2101.297             210             210
   47        -959.893     444.389        -959.893     444.389              47              47
  245       -1970.209    1716.355       -1970.209    1716.355             245             245
  173         755.259   -1924.377         755.259   -1924.377             173             173
   77         516.955     987.679         516.955     987.679              77              77
  178        -982.471    1706.220        -982.471    1706.220             178             178
  216        1851.682    -182.640        1851.682    -182.640             216             216
  157       -2780.377    -504.326       -2780.377    -504.326             157             157
  184       -1047.464    -657.143       -1047.464    -657.143             184             184
  179         860.912   -1118.481         860.912   -1118.481             179             179
  152       -2169.256    1966.110       -2169.256    1966.110             152             152
  203         399.534    -886.163         399.534    -886.163             203             203
   43        -389.909   -1152.467        -389.909   -1152.467              43              43
   12        2435.589      78.656        2435.589      78.656              12              12
  241         918.282     927.143         918.282     927.143             241             241
   66       -2459.695   -2421.637       -2459.695   -2421.637              66              66
  107        -133.882   -1108.071        -133.882   -1108.071             107             107
  246       -1880.469     435.162       -1880.469     435.162             246             246
  238        1591.680     679.370        1591.680     679.370             238             238
  150         598.147   -1304.988         598.147   -1304.988             150             150
  231       -2632.282     896.790       -2632.282     896.790             231             231
  167        -181.856    1201.199        -181.856    1201.199             167             167
   27        -245.407    -243.037        -245.407    -243.037              27              27
    0       -1075.975    -838.294       -1075.975    -838.294              -0              -0
  214         560.628    -443.016         560.628    -443.016             214             214
  142       -1080.697     578.394       -1080.697     578.394             142             142
   79         204.412   -1667.997         204.412   -1667.997              79              79
   91        -761.890     721.823        -761.890     721.823              91              91
    3        -222.761     396.457        -222.761     396.457               3               3
  135        -485.376     606.141        -485.376     606.141             135             135
   77        -849.283     608.613        -849.283     608.613              77              77
  213         140.872    -123.350         140.872    -123.350             213             213
  183         563.035   -2082.890         563.035   -2082.890             183             183
   66         381.000       0.257         381.000       0.257              66              66
  130         562.233    2083.128         562.233    2083.128             130             130
    5         140.606     123.135         140.606     123.135               5               5
  244        -849.237    -609.049        -849.237    -609.049             244             244
   90        -485.205    -606.311        -485.205    -606.311              90              90
  162        -222.676    -396.458        -222.676    -396.458             162             162
  173        -761.645    -721.835        -761.645    -721.835             173             173
   14         203.825    1668.159         203.825    1668.159              14              14
   58       -1080.494    -578.793       -1080.494    -578.793              58              58
  120         560.458     443.290         560.458     443.290             120             120
   57       -1076.326     837.865       -1076.326     837.865              57              57
   70        -245.466     242.726        -245.466     242.726              70              70
  106        -181.577   -1201.357        -181.577   -1201.357             106             106
  124       -2631.805    -897.446       -2631.805    -897.446             124             124
  178         598.120    1305.298         598.120    1305.298             178             178
   96        1591.813    -678.839        1591.813    -678.839              96              96
  106       -1880.447    -435.528       -1880.447    -435.528             106             106
   72        -134.199    1108.314        -134.199    1108.314              72              72
   72       -2460.181    2420.658       -2460.181    2420.658              72              72
   18         919.156    -927.083         919.156    -927.083              18              18
  100        2435.634     -77.770        2435.634     -77.770             100             100
   73        -390.523    1152.320        -390.523    1152.320              73              73
  232         399.002     885.989         399.002     885.989             232             232
  242       -2168.625   -1966.889       -2168.625   -1966.889             242             242
  152         860.581    1118.918         860.581    1118.918             152             152
   68       -1047.852     656.695       -1047.852     656.695              68              68
  246       -2780.215     503.198       -2780.215     503.198             246             246
   31        1851.942     182.948        1851.942     182.948              31              31
  145        -981.824   -1706.672        -981.824   -1706.672             145             145
  203         517.442    -987.221         517.442    -987.221             203             203
  214         754.459    1924.678         754.459    1924.678             214             214
  211       -1969.713   -1717.016       -1969.713   -1717.016             211             211
   78        -959.481    -444.228        -959.481    -444.228              78              78
  219         405.327    2101.856         405.327    2101.856             219             219
  200       -1544.931    3115.121       -1544.931    3115.121             200             200
  169         558.305    1127.334         558.305    1127.334             169             169
  125       -2188.523    1395.889       -2188.523    1395.889             125             125
  118       -1178.336    -620.110       -1178.336    -620.110             118             118
  184        1250.842    -848.951        1250.842    -848.951             184             184
  184         582.401   -1112.526         582.401   -1112.526             184             184
  239        1772.507    1382.173        1772.507    1382.173             239             239
  242        1231.697   -2209.347        1231.697   -2209.347             242             242
  254         679.337    -444.130         679.337    -444.130             254             254
   89        1492.291    1879.296        1492.291    1879.296              89              89
  110         -57.042   -2144.844         -57.042   -2144.844             110             110
  177        -713.432   -1118.113        -713.432   -1118.113             177             177
  186         254.629    1425.295         254.629    1425.295             186             186
  217         235.347    -750.381         235.347    -750.381             217             217
  250       -1743.070    1526.961       -1743.070    1526.961             250             250
    3        1177.594   -1727.801        1177.594   -1727.801               3               3
  235       -2013.484     748.699       -2013.484     748.699             235             235
   94         353.593     117.358         353.593     117.358              94              94
   76         783.777    1436.770         783.777    1436.770              76              76
  212        1017.025    -293.652        1017.025    -293.652             212             212
   81         -45.820    -658.318         -45.820    -658.318              81              81
  228         630.992    -855.250         630.992    -855.250             228             228
   24         328.210   -1497.619         328.210   -1497.619              24              24
   71        -184.536   -1872.961        -184.536   -1872.961              71              71
    3       -1503.473     187.023       -1503.473     187.023               3               3
  170        -418.404     795.568        -418.404     795.568             170             170
   19         818.673    1268.187         818.673    1268.187              19              19
  218        1149.251   -1755.435        1149.251   -1755.435             218             218
  126        1259.523     163.923        1259.523     163.923             126             126
   98        1701.322    1274.997        1701.322    1274.997              98              98
  182         842.942   -1349.845         842.942   -1349.845             182             182
   70        1805.591    -507.547        1805.591    -507.547              70              70
   11        -501.067     703.343        -501.067     703.343              11              11
   52       -1316.369     662.475       -1316.369     662.475              52              52
  188       -1478.614   -1644.463       -1478.614   -1644.463             188             188
  195         171.619    -785.560         171.619    -785.560             195             195
  236        1080.953    2556.680        1080.953    2556.680             236             236
  171         284.016    -764.451         284.016    -764.451             171             171
  182        1328.823    1560.942        1328.823    1560.942             182             182
  235        -828.432   -1174.398        -828.432   -1174.398             235             235
    5        2288.911     142.153        2288.911     142.153               5               5
   36        -487.770    3802.010        -487.770    3802.010              36              36
  156        -882.574    2003.619        -882.574    2003.619             156             156
  191        1259.998   -1125.926        1259.998   -1125.926             191             191
  254          52.397     480.471          52.397     480.471             254             254
  150       -1943.193    -737.597       -1943.193    -737.597             150             150
  194        -551.935     213.428        -551.935     213.428             194             194
  233        1433.940    -374.653        1433.940    -374.653             233             233
  245        -533.944    -236.570        -533.944    -236.570             245             245
   15        -227.180    1132.068        -227.180    1132.068              15              15
  190        -334.736   -3322.091        -334.736   -3322.091             190             190
   71         692.034    1395.649         692.034    1395.649              71              71
  243        2105.953    -669.146        2105.953    -669.146             243             243
  215         112.453    1344.233         112.453    1344.233             215             215
  143        1120.334     -82.904        1120.334     -82.904             143             143
  247       -1002.496      80.936       -1002.496      80.936             247             247
  129         924.612     859.123         924.612     859.123             129             129
  162        -371.290   -1012.385        -371.290   -1012.385             162             162
  209        -555.953     202.357        -555.953     202.357             209             209
  255         105.896    1126.966         105.896    1126.966             255             255
    4        1200.232    2066.305        1200.232    2066.305               4               4
  136       -1915.042     455.906       -1915.042     455.906             136             136
   70         266.477    1484.611         266.477    1484.611              70              70
   16         281.153    -776.503         281.153    -776.503              16              16
  188        -786.495    -496.861        -786.495    -496.861             188             188
    2       -1066.759     763.566       -1066.759     763.566               2               2
  212       -1003.754     799.156       -1003.754     799.156             212             212
  169       -1419.727     647.146       -1419.727     647.146             169             169
  174        -279.215      12.538        -279.215      12.538             174             174
  138         -86.421    -436.730         -86.421    -436.730             138             138
  148        -820.412     558.914        -820.412     558.914             148             148
  179         203.691     415.489         203.691     415.489             179             179
  175         -38.262      -6.923         -38.262      -6.923             175             175
   49        -882.533    1335.102        -882.533    1335.102              49              49
  115        -317.639     741.537        -317.639     741.537             115             115
  173        2435.689    -961.025        2435.689    -961.025             173             173
  200       -2004.875    -360.910       -2004.875    -360.910             200             200
   54         924.466    -691.430         924.466    -691.430              54              54
  151       -2488.186   -2609.245       -2488.186   -2609.245             151             151
  190        -709.655    -321.592        -709.655    -321.592             190             190
   69       -1185.594    -120.907       -1185.594    -120.907              69              69
   85           8.927     106.111           8.927     106.111              85              85
    5         185.676   -1531.180         185.676   -1531.180               5               5
   56        -677.932    -392.530        -677.932    -392.530              56              56
   45       -1172.044   -1604.435       -1172.044   -1604.435              45              45
  148       -1354.312     290.760       -1354.312     290.760             148             148
   47         639.078     792.037         639.078     792.037              47              47
  174         248.127    1494.006         248.127    1494.006             174             174
   55        -842.241     659.801        -842.241     659.801              55              55
    1        -907.525    2105.519        -907.525    2105.519               1               1
  174        2271.111   -1142.286        2271.111   -1142.286             174             174
   60         -43.499    1480.683         -43.499    1480.683              60              60
  138         116.266    1788.793         116.266    1788.793             138             138
  244        1167.350      53.261        1167.350      53.261             244             244
   76       -1183.171    1289.400       -1183.171    1289.400              76              76
   71         882.868   -1573.177         882.868   -1573.177              71              71
  246         398.145    -201.420         398.145    -201.420             246             246
   33        1201.654    1765.452        1201.654    1765.452              33              33
  240       -1254.993    -376.349       -1254.993    -376.349             240             240
  165        -874.926   -1823.050        -874.926   -1823.050             165             165
  171        1055.402     512.389        1055.402     512.389             171             171
  133        -376.563     117.627        -376.563     117.627             133             133
   88        1689.821     634.696        1689.821     634.696              88              88
   91         788.296     413.432         788.296     413.432              91              91
  183        2058.322   -1063.894        2058.322   -1063.894             183             183
  204         664.064     135.438         664.064     135.438             204             204
    8          -7.798     233.525          -7.798     233.525               8               8
  127         541.389    -523.542         541.389    -523.542             127             127
    2         132.829      45.774         132.829      45.774               2               2
  159        -508.107   -1611.486        -508.107   -1611.486             159             159
   61        1680.523    -785.129        1680.523    -785.129              61              61
   72         869.154    1018.778         869.154    1018.778              72              72
  245        1358.124    -799.981        1358.124    -799.981             245             245
   67        1762.710      82.671        1762.710      82.671              67              67
  128        1253.020    1556.354        1253.020    1556.354             128             128
   34         269.318     236.357         269.318     236.357              34              34
  216         -42.165    1006.074         -42.165    1006.074             216             216
  176         450.401     455.714         450.401     455.714             176             176
  209         116.119   -1342.823         116.119   -1342.823             209             209
   15        -852.249    -467.691        -852.249    -467.691              15              15
  178        -250.533    1606.471        -250.533    1606.471             178             178
  127         608.732    -385.285         608.732    -385.285             127             127
   76       -1586.009    -427.975       -1586.009    -427.975              76              76
   61        -749.242     563.555        -749.242     563.555              61              61
  115        -761.216     165.309        -761.216     165.309             115             115
  153        3403.267    1717.987        3403.267    1717.987             153             153
  132         930.690    -971.575         930.690    -971.575             132             132
  106        -269.376     972.702        -269.376     972.702             106             106
  186         783.142     674.796         783.142     674.796             186             186
  117        -408.655   -1193.755        -408.655   -1193.755             117             117
   16       -2168.754    -143.274       -2168.754    -143.274              16              16
  102         377.169     835.259         377.169     835.259             102             102
  251        -228.724     933.247        -228.724     933.247             251             251
  105        -207.324    -422.775        -207.324    -422.775             105             105
  193         373.738   -1532.755         373.738   -1532.755             193             193
  178         387.587     730.119         387.587     730.119             178             178
   53        -491.831   -1732.863        -491.831   -1732.863              53              53
  201       -1113.291    1700.933       -1113.291    1700.933             201             201
   50         508.415    -388.530         508.415    -388.530              50              50
   56        3059.846     630.582        3059.846     630.582              56              56
  105         171.651   -1046.830         171.651   -1046.830             105             105
  111         -48.552    1685.403         -48.552    1685.403             111             111
  128        -518.006     -53.028        -518.006     -53.028             128             128
   95        1022.506    -282.842        1022.506    -282.842              95              95
  179          -1.180     956.011          -1.180     956.011             179             179
    1        -386.009      62.034        -386.009      62.034               1               1
  130         958.263   -1130.362         958.263   -1130.362             130             130
  139        1930.453    -333.478        1930.453    -333.478             139             139
  177        1289.782    -764.616        1289.782    -764.616             177             177
   83        -546.775    1043.602        -546.775    1043.602              83              83
  154         802.949   -1802.215         802.949   -1802.215             154             154
  100        -311.915    -533.565        -311.915    -533.565             100             100
  211        -473.867    -413.129        -473.867    -413.129             211             211
  231        1480.012     312.568        1480.012     312.568             231             231
  161         373.280    -381.767         373.280    -381.767             161             161
   71       -1753.612     -31.967       -1753.612     -31.967              71              71
  128        2825.180     434.042        2825.180     434.042             128             128
   37       -1041.285   -1217.364       -1041.285   -1217.364              37              37
  178         339.884   -1865.575         339.884   -1865.575             178             178
   58         436.303    2401.658         436.303    2401.658              58              58
  155       -1435.325    -941.354       -1435.325    -941.354             155             155
  194         639.155      77.169         639.155      77.169             194             194
  160         480.714     260.560         480.714     260.560             160             160
  150         761.284    1164.063         761.284    1164.063             150             150
   43        1584.767     709.646        1584.767     709.646              43              43
   97        -675.039    -128.188        -675.039    -128.188              97              97
   72       -2988.632    1306.765       -2988.632    1306.765              72              72
   97        -259.612     280.196        -259.612     280.196              97              97
   43       -3043.166    1304.526       -3043.166    1304.526              43              43
  122        2659.811   -1105.356        2659.811   -1105.356             122             122
  153        1147.446    1249.231        1147.446    1249.231             153             153
  148         814.630   -1347.999         814.630   -1347.999             148             148
  234         -27.018   -1438.070         -27.018   -1438.070             234             234
   25         731.441    2334.297         731.441    2334.297              25              25
  244          89.034   -1073.289          89.034   -1073.289             244             244
  157        -417.071    -851.767        -417.071    -851.767             157             157
   26         655.371     854.889         655.371     854.889              26              26
  118        -707.461    -349.762        -707.461    -349.762             118             118
   41        1170.841    -282.935        1170.841    -282.935              41              41
  204        1657.375     118.505        1657.375     118.505             204             204
  201         273.587     698.141         273.587     698.141             201             201
  196         920.801    2140.412         920.801    2140.412             196             196
   48        2818.157     603.204        2818.157     603.204              48              48
  157          32.199     728.545          32.199     728.545             157             157
  171        1119.556     148.381        1119.556     148.381             171             171
  210        -362.442     345.608        -362.442     345.608             210             210
  228         504.921    -448.462         504.921    -448.462             228             228
   43        -415.336    -773.302        -415.336    -773.302              43              43
  247        1761.340   -1358.870        1761.340   -1358.870             247             247
  150        -763.366   -1366.973        -763.366   -1366.973             150             150
  102        -433.429    -941.116        -433.429    -941.116             102             102
  147        -847.320   -2819.416        -847.320   -2819.416             147             147
   88        -448.192    -548.407        -448.192    -548.407              88              88
    7         484.033   -1234.771         484.033   -1234.771               7               7
   41        -161.173    -238.337        -161.173    -238.337              41              41
  132        -441.543    1172.238        -441.543    1172.238             132             132
  104        -434.189    1064.333        -434.189    1064.333             104             104
  114        1051.115   -2450.260        1051.115   -2450.260             114             114
  229         903.395    -184.336         903.395    -184.336             229             229
  148       -1576.120     183.882       -1576.120     183.882             148             148
  237       -1178.304     947.962       -1178.304     947.962             237             237
  126         947.694    1145.508         947.694    1145.508             126             126
   41         944.599     352.098         944.599     352.098              41              41
  216       -2269.176     397.714       -2269.176     397.714             216             216
  151        -613.916    -506.036        -613.916    -506.036             151             151
   29         493.322   -1541.720         493.322   -1541.720              29              29
  118        -578.052     429.290        -578.052     429.290             118             118
  178        -766.044     -40.911        -766.044     -40.911             178             178
  147        1630.063     772.651        1630.063     772.651             147             147
  159        -407.699    -576.617        -407.699    -576.617             159             159
  126        1024.544     477.160        1024.544     477.160             126             126
   93        1312.229    1573.329        1312.229    1573.329              93              93
   99       -1204.934   -2928.751       -1204.934   -2928.751              99              99
  175        2146.053    1010.753        2146.053    1010.753             175             175
  250       -2534.611    -560.579       -2534.611    -560.579             250             250
   14         487.676     803.801         487.676     803.801              14              14
  129        1075.818    -376.010        1075.818    -376.010             129             129
  222        1763.583    -406.151        1763.583    -406.151             222             222
   58        -696.066   -2565.196        -696.066   -2565.196              58              58
  121        -450.006   -2642.550        -450.006   -2642.550             121             121
  117         -19.412    1266.702         -19.412    1266.702             117             117
  160       -1436.200   -1637.112       -1436.200   -1637.112             160             160
