SINAL     NFT                         FFT                         NFT INVERSA     FFT INVERSA
-----     -----------------------     -----------------------     -----------     -----------
  109       64299.000       0.000            -nan        -nan             109            -nan
  129       -1448.806    -370.876            -nan        -nan             129            -nan
  221         641.699     657.495            -nan        -nan             221            -nan
   96       -1102.607      94.735            -nan        -nan              96            -nan
  151       -2094.174   -1017.763            -nan        -nan             151            -nan
  173         773.296    -406.798            -nan        -nan             173            -nan
   49         -30.358    -507.991            -nan        -nan              49            -nan
  249       -2554.651    -172.425            -nan        -nan             249            -nan
   17        -359.298       4.774           0.000      -0.000              17            -nan
   26         836.672     119.922            -nan        -nan              26              -0
  240         -22.666     297.310            -nan        -nan             240            -nan
  184        -427.821   -1802.602       -3504.080   -5921.938             184            -nan
  189        1201.473    -260.127            -nan        -nan             189               0
  126         -92.896      34.752            -nan        -nan             126            -nan
   50        1747.404    1242.575            -nan        -nan              50            -nan
   57        -414.790   -2449.158            -nan        -nan              57            -nan
   75         305.182    -407.045            -nan        -nan              75            -nan
  176        2488.863    -896.015     -304854060850104909311224385471569580799332494188497236369050973015295143396050254276073635226219883822530516463061109206935754444482262987670598203037314787283552783881483988447903966906862636317325353083942465448004157011075167827479889711562992243978924204274279705153039988602102545483992495334359040.000 29532596493198199841820628790321597610205031878176457073500762265088500302956324189992073345392417290054973509048884648189807010289868083410057746294159584240884267713891795425806251216568431584753877051521404992127836664126610023610719006921618542209189363332457582724731908295061308550385612466683904.000             176            -nan
  141        -196.905     300.929            -nan        -nan             141               0
   56        -902.218   -1200.705          23.935     -11.955              56            -nan
   52        -110.960    1336.399            -nan        -nan              52               0
   33        -428.027    -992.941           0.000       0.000              33            -nan
   50         930.598   -2990.780            -nan        -nan              50               0
   51        -715.942    1641.840     -9846526503540559970905025283741184372292516446046893308491906768188973022255312660185879512870077467639170042399883052860182500067741156266575248940520552827599359066837255599674851327660099752302398907016602976256.000       0.000              51            -nan
  141          62.315   -1407.781           0.000       0.000             141              -0
  223        1823.072    -834.870        -282.743      -0.000             223              -0
   97        -928.429    -285.822         -10.459     -89.835              97              -0
  183       -1484.189    2022.037        -723.849     602.846             183               0
   84        -969.326      73.680            -nan        -nan              84              -0
  224       -3423.829    -199.011            -nan        -nan             224            -nan
  170          11.866    2107.758            -nan        -nan             170            -nan
  193        1509.305   -2701.689            -nan        -nan             193            -nan
   98        1212.376   -1319.679            -nan        -nan              98            -nan
  136       -2258.217     875.457            -nan        -nan             136            -nan
   33        -174.768    -768.977          15.000      -0.000              33            -nan
  250        1943.415    -126.291           0.000      -0.000             250               0
   53         642.986    -769.171            -nan        -nan              53               0
   82        2494.786     589.565            -nan        -nan              82            -nan
  243        2163.231     599.427           0.000      -0.000             243            -nan
   71        -714.455   -1157.722           0.000      -0.000              71              -0
  108         227.201    1121.217          -0.000      -0.000             108               0
  228         575.220     846.147          -0.000      -0.000             228               0
  255       -2369.355   -2250.553        -565.487      -0.000             255               0
   42         763.364   -1663.061          -0.000      -0.000              42              -0
   99         306.845     264.906            -nan        -nan              99               0
   50        3184.060    -292.025            -nan        -nan              50            -nan
  100        1700.423    1394.059            -nan        -nan             100            -nan
  174       -2233.596   -1491.104            -nan        -nan             174            -nan
  226       -2335.488    1002.945            -nan        -nan             226            -nan
  242        -209.901     613.609            -nan        -nan             242            -nan
  230         742.057    -449.868            -nan        -nan             230            -nan
   23         -39.801     711.171            -nan        -nan              23            -nan
   20        1083.903    1044.042      -63259.986   49368.564              20            -nan
   25         -74.617     687.904            -nan        -nan              25              -0
   75        1796.109     194.978            -nan        -nan              75            -nan
  161         374.383   -1362.932           0.000      -0.000             161            -nan
  249       -2646.526    -575.965          -0.000      -0.000             249               0
  172          -9.866    -724.728          -0.000      -0.000             172              -0
   88        -125.474    -547.142          -0.000      -0.000              88              -0
   77       -1470.999    -621.395           0.000      -0.000              77              -0
  141       -1187.745    1037.312            -nan        -nan             141               0
    2         -81.536    -354.544            -nan        -nan               2            -nan
   14         626.612     217.612            -nan        -nan              14            -nan
  240        1127.950    -606.255            -nan        -nan             240            -nan
  138         202.120   -1621.137            -nan        -nan             138            -nan
   48        1253.678    -773.226          -0.000      -0.000              48            -nan
  234        -970.361    -598.983          -0.000       0.000             234               0
  192        -872.228   -2400.821          -0.000      -0.000             192               0
  130       -1311.211   -1352.778          -0.000       0.000             130               0
  222       -2255.169    -425.272           0.000       0.000             222               0
    8          59.696     247.794           0.000       0.000               8               0
  239         176.255     256.636           0.000       0.000             239               0
  194         522.422    1235.691           0.000       0.000             194               0
    7        1710.584    1663.916           0.000       0.000               7               0
   26         723.056   -1543.381           0.000       0.000              26               0
   38       -1412.306     345.183           0.000       0.000              38               0
   58        -611.593   -1325.914           0.000      -0.000              58               0
  127       -2130.057     949.539            -nan        -nan             127               0
  212        2024.998    -828.353            -nan        -nan             212            -nan
   29         114.607    3140.798            -nan        -nan              29            -nan
  113       -1131.300    -778.790            -nan        -nan             113            -nan
  187         216.129    2310.804       -7481.129      -3.478             187            -nan
   52       -1782.925     465.117     -27436865476509487138493294559624487352115868115535415111925370923169363580678445085662806904918625224035279292582564196252539444442134677938838758553365812995382573252683438812735040413035237058558070969601077905287234444550948150121086680368408307575965297166205014342715691529229389356746910870630563840.000 2657933684387839946246948728238133777884050429864779613668518471603619846395688499235449001362443638054853447546932235927720075916503797226230384892878047733110622219647336220591318655422256648665611660175062739014861019223529714604684605770742777025146285655591999088306138777298852436386940999281147904.000              52               0
  133        2362.701    1978.245          -0.000       0.000             133            -22171893285632284545781713301142299811579686655480139721178298366628610741546168393588372444408741879363121881326730406174877024289914721988226866291169796249281561417157810424055894136827302308697989467034502834531517162059777179648
  213        -279.322   -1755.813          -0.000       0.000             213              -0
  128        3265.198   -1381.226        1344.162   -8012.329             128              -0
   39        -284.277     246.333           0.000      -0.000              39               0
  206        3151.848   -1003.207          -0.000      -0.000             206               0
   44        1051.231     579.401          -0.000      -0.000              44              -0
  127        1243.698    -363.479           0.000      -0.000             127              -0
   28       -1531.197    -422.386          -2.189      -1.102              28               0
  185         575.866    1451.783         -10.913      22.359             185               0
  130        2497.881    1417.273          -0.000      -0.000             130              -0
   42       -1696.956     481.350            -nan        -nan              42              -0
  170         269.009    -932.883            -nan        -nan             170            -nan
   13       -1490.060     623.443            -nan        -nan              13            -nan
   90        -892.564   -1163.399           0.000       0.000              90            -nan
  148         152.151     -62.290            -nan        -nan             148               0
  206          75.632     -69.356         -11.052     -10.143             206            -nan
  221        -209.953    -442.384          -0.000       0.000             221              -0
  115         117.790    -514.428           0.000       0.000             115               0
  214        1389.714    -480.059            -nan        -nan             214               0
  205        -597.921   -1019.850          -0.000      -0.000             205            -nan
   53        -170.689   -1575.010          -0.000      -0.000              53               0
  221         589.254     519.676          -0.000      -0.000             221               0
  232         855.739     642.055           0.000      -0.000             232               0
   92         188.746     365.794           0.000      -0.000              92               0
   24        -555.595     -98.180          -4.348       7.676              24               0
  103        -366.599   -1819.716          78.991      42.221             103               0
   49        -692.473    1748.569            -nan        -nan              49               0
   53         440.120    -627.653            -nan        -nan              53            -nan
  217        -778.111     762.904            -nan        -nan             217            -nan
  236        -823.996     473.448            -nan        -nan             236            -nan
  106          77.707     775.767            -nan        -nan             106            -nan
   95       -1446.422     630.703            -nan        -nan              95            -nan
  194        -268.646   -2499.690     -246163162588513990900510599231860405539013885318292149202624212575558864464119912619333861792491263033537194990130018756497695295671202736292122550151314090392364433690110576835955039783021428285885166909359172616192.000      -0.106             194            -nan
  234         719.121     400.375      -18096.235   15071.162             234            -19269132100862152822652532851887494859872934004327689906945640988600063823866407547428926740966544434388635481239881018721634736115692087096577932372642297638117835700824826120735729036844997618999689630900551680
  134        -665.399     931.690            -nan        -nan             134              -1
  144       -1019.053     498.207            -nan        -nan             144            -nan
   23         174.238    2111.251           0.000      -0.000              23            -nan
    5        -777.223     481.811          -0.000      -0.000               5               0
  173         758.804      29.298            -nan        -nan             173              -0
  209        -177.983    1389.072     -22154684632966263237933695568979142095949863339379090923209374115533046948193044989880350917217385822453126718967281582442405942728655441966676946662601908873816440430816265947359938957838753438518370901622556802940928.000      -0.000             209            -nan
  135         570.599    -812.285           0.000      -0.000             135            -1734221889077593623224430568206293228508891781750739224286459929143295414581368806060585812479790973197445067219916517231714826156313441426625472142261248501530299853998909145305024310058533136933803226686426185728
  215       -1927.865     181.160           0.000       4.416             215               0
  123       -2361.979   -1489.928            -nan        -nan             123               0
  149       -1148.515    -583.234            -nan        -nan             149            -nan
   50         260.015    -805.509            -nan        -nan              50            -nan
   15        1365.108   -1167.835           0.000       0.000              15            -nan
   99        -941.891    1006.952            -nan        -nan              99               0
   16         693.948   -1132.129           0.000       0.000              16            -nan
  130        -361.170     255.661          -0.000      -0.000             130               0
   57        -334.587     288.900           0.000      -0.000              57              -0
  221        1545.345     639.191            -nan        -nan             221               0
  184       -2410.703     816.626          -0.000       0.000             184            -nan
   23        1432.919    1594.795          -0.000      -0.000              23              -0
  198         942.452    -863.385        -108.704     191.889             198              -0
   21        -290.335     760.957            -nan        -nan              21              -0
   47        1673.579     371.118         375.000      -2.643              47            -nan
   45        -609.711     546.589           0.000       0.000              45               0
   70       -2322.460     -40.824           0.000       0.000              70               0
  101         248.732    -191.131            -nan        -nan             101               0
    7          39.916    2729.451           0.000       0.000               7            -nan
   51       -2285.129      67.097           0.000       0.000              51               0
  207        -720.425     -54.981           0.000       0.000             207               0
  102         142.477    2272.361           0.000       0.000             102               0
  245        1048.496     632.838           0.000       0.000             245               0
  186        1921.912    -626.776           0.000       0.000             186               0
  236       -1575.999   -3049.348           0.000       0.000             236               0
  134        -813.834    -733.034           0.000       0.000             134               0
  209        1071.442    -104.398           0.000       0.000             209               0
  242         -34.649    1162.982           0.000       0.000             242               0
   51         -40.106   -1048.125           0.000       0.000              51               0
  162         589.140    -881.754           0.000       0.000             162               0
  122       -1831.885    -832.566           0.000       0.000             122               0
   10        -963.061    -171.422           0.000       0.000              10               0
   29         100.910    1081.746           0.000       0.000              29               0
   15       -1001.484    -527.800            -nan        -nan              15               0
   61        -230.101   -2856.858            -nan        -nan              61            -nan
   45         -72.411     419.736     91404522003279633947117783479551693075210582508504493630346775084149778488251572774374491097711753021127261887637771124592028859228563686757882213621696459375616699127366115320725282746742189594186944267659830624256.000 228564030356771449002956276472204189225392817789711874032736771240363197758957581567830476654383018846430362697441566866030465041592646709402290783484715151495828071000104938385743079293672235566756878194052178116608.000              45            -nan
  114        -450.962      -1.359            -nan        -nan             114            7373970338904477076444391886520581281061955886102097308375048985501137581739508780010954576930624170325519807236393687623803491902850355339409268486717104803829969814716142347368269159882121074405176414362927104
   77        1102.775    -970.928          -0.000      -0.000              77            -nan
  176         306.618     -82.718            -nan        -nan             176              -0
  171        1379.581     986.173          -0.000      -0.000             171            -nan
   43        -978.231      45.546            -nan        -nan              43              -0
  104         907.682   -1416.025           0.000       0.000             104            -nan
  195       -2290.997   -1473.030            -nan        -nan             195               0
  241       -1922.958    -998.237          -0.000       0.000             241            -nan
  125       -2301.559   -1668.211           0.000       0.000             125               0
  242       -1648.152     983.947          -0.000       0.000             242               0
   31        2054.818     127.274            -nan        -nan              31               0
  196        -288.841     -91.683          -0.000      -0.000             196            -nan
   88         136.803   -1058.430            -nan        -nan              88              -0
   38         999.663    -964.694           0.000       0.000              38            -nan
  247        -104.424   -1042.649            -nan        -nan             247               0
   39       -1264.853    -150.410            -nan        -nan              39            -nan
  141         -45.680     441.484            -nan        -nan             141            -nan
  236        1832.055    -367.421       -2078.728       0.000             236            -nan
  226        -370.130    -253.328     -7621351521252622999254039636007964373396112023174611284748102462745865647695573546318406643799960834857424869287745755865325164314637345333226631077579972518205659730586216651505973780856375318462538469404716083346967809474256743014337811061590917897225235217336521104584482612435152815118562890950377472.000 738314912329955253002037504718953191760325477257228217519281903370575032411285394544347390952686180856459082662039498121964646202592445203803774087513695912277631107341086220942517509735277006915058545654684055980528947793493599798774951721538142788776430975559556312599691929852600849706292586844520448.000             226              -0
  121       -1460.429    -289.456           0.000       0.000             121            -596583289334843281012930013723496259314752906307260236814532213593596854734505606505250206090413530712045513687333125434343446216101430400974688661853919286611785971200034549480354373971459919053794053369865706677448564275141311423115182730459108954889841510729362645620471634691600231546854607683584
  114         826.324   -2255.418       -7068.582      -0.000             114               0
  179       -2385.002     694.614            -nan        -nan             179              -1
  107        -822.019    -711.664            -nan        -nan             107            -nan
  165        -108.468     516.014            -nan        -nan             165            -nan
   86       -1427.915    1477.734          -0.000      -0.000              86            -nan
  230        3533.876    1294.121            -nan        -nan             230              -0
  176        -681.195    1247.007            -nan        -nan             176            -nan
  116         123.998     422.811            -nan        -nan             116            -nan
  245        -317.542    -368.149          -0.000      -0.000             245            -nan
  238       -1477.772     141.800            -nan        -nan             238              -0
  161         183.262    -779.312      -46818.610  165530.879             161            -nan
  103         186.266     831.260        -631.808    -219.562             103              13
   59         386.232   -1786.997       23452.890    2139.061              59              -0
   81         995.034     838.765            -nan        -nan              81               0
   19         956.372    1875.717     -187085.561       0.000              19            -nan
  103        -804.822    1581.811     16231716827040290377570098964207941500588528486400248640031463737939248607956067556886009863573721784428722766722213846849308572188840898248331903939308283022577529440423791047275899427125983313933329166394392781520896.000 15078508548028488495340236724208393392219853999379423429579320841089052382938950259423065600219036434160746716531200640774178612904190798367983351102649819169217449156441419789678503514583626088176465572193588433911808.000             103             -15
  186         400.096   -1130.138           0.000      -0.000             186            1284973077539655754862050216722251911500906994661622249652998245385821051651224160601543651010067529586187529745850481257079706195684141229811865259113352241626851981810391964746023003243637302263495385667506012160
  214         887.554    1187.937          -0.000       0.000             214               0
   89       -2270.157    1084.652           0.000       0.000              89              -0
   56        -722.849    1236.501           0.000       0.000              56               0
  201         587.244    2184.069          -0.000       0.000             201               0
  120        -709.062     489.756           0.000      -0.000             120               0
  252        -525.500    1726.413         203.752     -84.397             252              -0
   33         799.859    -836.310        -300.039    -224.963              33              -0
  159         447.234   -1453.497           0.000      -0.000             159              -0
  243        -661.773    1209.934       -2247.290       0.000             243              -0
   73        -716.889    1639.122           0.000       0.000              73              -0
   44        1968.552    -624.631           0.000       0.000              44               0
  224          34.951   -2512.595           0.000       0.000             224               0
   43         707.155   -1681.759           0.000       0.000              43               0
  166        1982.226     990.414           0.000       0.000             166               0
   82         268.901     125.185           0.000       0.000              82               0
  223         652.633    -616.610           0.000       0.000             223               0
   18         902.585     142.722           0.000       0.000              18               0
  248        -214.883     820.359           0.000       0.000             248               0
   53        1672.999    1301.704           0.000       0.000              53               0
  248       -1752.495   -1256.627           0.000       0.000             248               0
  169         485.456    1247.669           0.000       0.000             169               0
  169        2119.170   -1746.422           0.000       0.000             169               0
  237         298.165   -1903.183           0.000       0.000             237               0
  151         462.994    1338.226           0.000       0.000             151               0
   75        -149.275     -30.307          -0.000      -0.000              75               0
   85         -44.933     752.120          -0.000      -0.000              85              -0
  210         464.141    -495.204           0.000       0.000             210              -0
  156        1395.069     666.458           0.000       0.000             156               0
  105       -1778.004    -808.389           0.000       0.000             105               0
   58       -1354.179     106.165          -3.898      -1.472              58               0
   87         659.115    -232.372           0.000      -0.000              87              -0
   64          18.398    -367.274           0.000       0.000              64              -0
  147        1042.877    1027.343           0.000       0.000             147               0
  143        2098.868     558.314          -0.000      -0.000             143               0
    9         265.802   -1250.938          -0.000      -0.000               9              -0
   11          84.478    -884.194          -0.000      -0.000              11              -0
  140         609.522    -915.158           0.000      -0.000             140              -0
   43        1647.568    1063.954           0.000      -0.000              43              -0
  171         205.332     600.277          -0.313       1.186             171              -0
  128        -616.326    -136.428          24.222       6.067             128               0
  116          34.312    -998.141           0.000      -0.000             116               0
  216       -1954.825     202.403            -nan        -nan             216              -0
   96         226.684   -1260.340            -nan        -nan              96            -nan
  160       -1050.664    -431.079            -nan        -nan             160            -nan
  126         867.776    2508.710           0.000       0.000             126            -nan
  179       -1261.069     249.552            -nan        -nan             179               0
  127       -1025.046      62.289           4.167      -0.029             127            -nan
  144         954.981    -645.960          -0.000       0.000             144               0
  171         569.822    1629.718          -0.000       0.000             171              -0
  181         319.449     804.116            -nan        -nan             181              -0
  136        -254.684   -2552.770           0.000       0.000             136            -nan
   85         614.684     166.512           0.000       0.000              85               0
   95        1041.111   -2508.459           0.000       0.000              95               0
  118         -86.844      82.538           0.000       0.000             118               0
  236          98.278    1041.594           0.000       0.000             236               0
  170         210.517   -1131.246           0.000       0.614             170               0
  204          97.789    1229.801         -24.992       0.000             204               0
  190       -1704.833   -1190.773            -nan        -nan             190              -0
   71        -468.091   -1438.382            -nan        -nan              71            -nan
   53        2659.000       0.650           0.000       0.000              53               0
  249        -468.938    1438.440           0.000       0.000             249               0
  159       -1705.228    1190.058           0.000       0.000             159               0
  117          98.408   -1229.795           0.000       0.000             117               0
  140         210.249    1131.346           0.000       0.000             140               0
   47          98.705   -1041.536           0.000       0.000              47               0
  127         -86.670     -82.229           0.000       0.000             127               0
  152        1040.354    2508.868           0.000       0.000             152               0
  187         614.639    -166.403           0.000       0.000             187               0
  170        -255.598    2552.392           0.000       0.000             170               0
   67         319.735    -804.539           0.000       0.000              67               0
   60         570.319   -1629.621           0.000       0.000              60               0
   30         954.502     646.282           0.000       0.000              30               0
   27       -1025.302     -62.810           0.000       0.000              27               0
  156       -1260.928    -250.214           0.000       0.000             156               0
  191         868.624   -2508.315           0.000       0.000             191               0
  153       -1050.867     431.113           0.000       0.000             153               0
   80         226.220    1260.491           0.000       0.000              80               0
   62       -1954.656    -203.065           0.000       0.000              62               0
   42          34.276     998.108           0.000       0.000              42               0
  252        -616.064     136.023           0.000       0.000             252               0
  244         205.961    -600.333           0.000       0.000             244               0
  179        1648.156   -1063.253           0.000       0.000             179               0
   81         609.230     915.567           0.000       0.000              81               0
   84          84.262     884.226           0.000       0.000              84               0
   42         265.612    1250.789           0.000       0.000              42               0
   61        2099.113    -557.915           0.000       0.000              61               0
  254        1042.972   -1027.018           0.000       0.000             254               0
  246          18.045     367.342           0.000       0.000             246               0
  252         658.750     232.545           0.000       0.000             252               0
   70       -1354.373    -106.640           0.000       0.000              70               0
   43       -1778.021     807.680           0.000       0.000              43               0
  245        1395.575    -666.107           0.000       0.000             245               0
  229         463.971     495.267           0.000       0.000             229               0
  161         -44.670    -752.220           0.000       0.000             161               0
  129        -149.165      30.243           0.000       0.000             129               0
   21         463.599   -1337.857           0.000       0.000              21               0
   32         297.724    1903.502           0.000       0.000              32               0
   25        2118.568    1746.828           0.000       0.000              25               0
  208         485.553   -1247.749           0.000       0.000             208               0
  203       -1752.872    1255.830           0.000       0.000             203               0
   93        1673.578   -1301.415           0.000       0.000              93               0
   12        -214.605    -820.406           0.000       0.000              12               0
  234         902.703    -142.305           0.000       0.000             234               0
  120         652.408     616.837           0.000       0.000             120               0
  169         269.009    -125.173           0.000       0.000             169               0
  169        1982.492    -989.565           0.000       0.000             169               0
   18         706.307    1682.227           0.000       0.000              18               0
  250          33.960    2512.330           0.000       0.000             250               0
  232        1968.018     624.643           0.000       0.000             232               0
   60        -716.785   -1639.800           0.000       0.000              60               0
  246        -661.508   -1210.145           0.000       0.000             246               0
  220         446.667    1453.570           0.000       0.000             220               0
  240         799.304     836.051           0.000       0.000             240               0
   71        -525.242   -1727.053           0.000       0.000              71               0
   48        -709.026    -490.317           0.000       0.000              48               0
   26         587.786   -2184.080           0.000       0.000              26               0
  133        -722.743   -1236.714           0.000       0.000             133               0
   47       -2269.704   -1085.333           0.000       0.000              47               0
   16         888.180   -1187.417           0.000       0.000              16               0
  129         399.663    1130.280           0.000       0.000             129               0
  118        -804.230   -1582.234           0.000       0.000             118               0
   60         957.119   -1875.188           0.000       0.000              60               0
  119         995.202    -837.942           0.000       0.000             119               0
   92         385.411    1787.344           0.000       0.000              92               0
  222         186.305    -831.149           0.000       0.000             222               0
  248         182.682     779.462           0.000       0.000             248               0
  113       -1477.890    -142.320           0.000       0.000             113               0
  255        -317.606     367.957           0.000       0.000             255               0
   18         124.157    -422.951           0.000       0.000              18               0
   66        -680.589   -1247.312           0.000       0.000              66               0
  202        3534.088   -1292.837           0.000       0.000             202               0
  111       -1427.948   -1477.893           0.000       0.000             111               0
   79        -108.572    -515.562           0.000       0.000              79               0
  181        -822.581     711.753           0.000       0.000             181               0
  232       -2384.736    -694.989           0.000       0.000             232               0
  249         825.653    2255.983           0.000       0.000             249               0
   94       -1460.510     288.966           0.000       0.000              94               0
  251        -369.923     253.272           0.000       0.000             251               0
  243        1831.956     368.078           0.000       0.000             243               0
   70         -45.817    -441.373           0.000       0.000              70               0
   56       -1264.969     150.262           0.000       0.000              56               0
  233        -104.632    1042.829           0.000       0.000             233               0
   35         999.321     965.101           0.000       0.000              35               0
   40         136.265    1058.404           0.000       0.000              40               0
   49        -288.955      91.469           0.000       0.000              49               0
   84        2054.452    -126.617           0.000       0.000              84               0
   66       -1648.455    -984.244           0.000       0.000              66               0
  182       -2302.357    1667.728           0.000       0.000             182               0
  132       -1923.241     997.658           0.000       0.000             132               0
   83       -2291.080    1472.217           0.000       0.000              83               0
   56         907.593    1416.046           0.000       0.000              56               0
  250        -977.920     -46.228           0.000       0.000             250               0
  144        1380.166    -985.806           0.000       0.000             144               0
  175         306.632      82.933           0.000       0.000             175               0
   87        1102.342     971.294           0.000       0.000              87               0
  110        -451.144       1.139           0.000       0.000             110               0
  168         -72.374    -419.569           0.000       0.000             168               0
  200        -231.201    2856.755           0.000       0.000             200               0
  109       -1001.704     527.029           0.000       0.000             109               0
  187         101.232   -1081.899           0.000       0.000             187               0
   11        -963.213     171.158           0.000       0.000              11               0
   56       -1831.944     831.946           0.000       0.000              56               0
   42         589.135     881.818           0.000       0.000              42               0
   90         -40.338    1047.781           0.000       0.000              90               0
  237         -34.111   -1163.205           0.000       0.000             237               0
   19        1071.373     104.823           0.000       0.000              19               0
   83        -814.204     732.863           0.000       0.000              83               0
   76       -1576.733    3048.517           0.000       0.000              76               0
   14        1921.958     626.683           0.000       0.000              14               0
   70        1048.524    -633.179           0.000       0.000              70               0
  147         142.912   -2272.623           0.000       0.000             147               0
   70        -720.765      54.623           0.000       0.000              70               0
   48       -2285.087     -68.230           0.000       0.000              48               0
  183          41.040   -2729.533           0.000       0.000             183               0
  110         248.602     191.360           0.000       0.000             110               0
   97       -2322.360      39.972           0.000       0.000              97               0
   11        -609.017    -546.891           0.000       0.000              11               0
  177        1673.973    -370.622           0.000       0.000             177               0
   24        -289.979    -761.029           0.000       0.000              24               0
  143         942.289     863.574           0.000       0.000             143               0
    5        1433.211   -1594.474           0.000       0.000               5               0
   80       -2410.452    -817.346           0.000       0.000              80               0
  138        1545.692    -638.522           0.000       0.000             138            -nan
  149        -334.601    -288.826           0.000       0.000             149               0
    0        -361.048    -255.541           0.000       0.000              -0               0
  225         693.524    1132.444           0.000       0.000             225               0
    4        -941.544   -1007.148           0.000       0.000               4            -nan
  168        1364.675    1168.496           0.000       0.000             168               0
  170         259.369     805.596           0.000       0.000             170               0
  114       -1149.089     582.817           0.000       0.000             114               0
  100       -2362.547    1488.922           0.000       0.000             100               0
  181       -1927.439    -182.105           0.000       0.000             181               0
  170         570.689     812.114           0.000       0.000             170               0
  143        -177.329   -1389.438           0.000       0.000             143               0
   16         758.860     -29.210           0.000       0.000              16               0
  152        -777.061    -482.359           0.000       0.000             152               0
  162         174.964   -2111.254           0.000       0.000             162               0
   99       -1018.853    -498.403           0.000       0.000              99               0
  229        -664.864    -931.725           0.000       0.000             229               0
  177         719.365    -399.762           0.000       0.000             177               0
  170        -269.565    2499.616           0.000       0.000             170               0
  120       -1446.114    -631.479           0.000       0.000             120               0
  247          78.136    -775.812           0.000       0.000             247               0
  218        -823.715    -473.700           0.000       0.000             218               0
   47        -777.580    -763.031           0.000       0.000              47               0
  102         440.120     627.850           0.000       0.000             102               0
   59        -691.738   -1748.591           0.000       0.000              59               0
   59        -366.965    1819.807           0.000       0.000              59               0
   24        -555.301      97.889           0.000       0.000              24               0
   84         189.252    -365.765           0.000       0.000              84               0
  203         856.208    -641.661           0.000       0.000             203               0
   29         589.510    -519.150           0.000       0.000              29               0
  164        -171.151    1575.202           0.000       0.000             164               0
   85        -598.002    1019.621           0.000       0.000              85               0
  179        1389.733     480.440           0.000       0.000             179               0
  165         117.593     514.378           0.000       0.000             165               0
   55        -210.055     442.184           0.000       0.000              55               0
  183          75.681      69.262           0.000       0.000             183               0
   78         152.113      62.301           0.000       0.000              78               0
  226        -892.954    1162.923           0.000       0.000             226               0
   41       -1489.571    -624.138           0.000       0.000              41               0
  178         269.032     932.756           0.000       0.000             178               0
  152       -1696.248    -482.284           0.000       0.000             152               0
  212        2498.835   -1416.614           0.000       0.000             212               0
   65         576.375   -1451.437           0.000       0.000              65               0
  168       -1530.995     422.083           0.000       0.000             168               0
  108        1244.132     363.911           0.000       0.000             108               0
  227        1051.866    -578.966           0.000       0.000             227               0
   12        3151.599    1004.317           0.000       0.000              12               0
   82        -284.165    -246.409           0.000       0.000              82               0
  148        3264.648    1382.298           0.000       0.000             148               0
  182        -280.171    1755.226           0.000       0.000             182               0
  202        2362.983   -1977.921           0.000       0.000             202               0
  140       -1783.154    -465.933           0.000       0.000             140               0
  144         216.793   -2310.723           0.000       0.000             144               0
  250       -1131.583     778.395           0.000       0.000             250               0
  243         115.824   -3140.619           0.000       0.000             243               0
  204        2024.483     829.387           0.000       0.000             204               0
   53       -2130.013    -949.988           0.000       0.000              53               0
   11        -611.960    1325.910           0.000       0.000              11               0
   32       -1411.907    -345.577           0.000       0.000              32               0
    0         722.938    1543.514           0.000       0.000               0               0
   41        1711.202   -1663.506           0.000       0.000              41               0
  197         522.647   -1235.286           0.000       0.000             197               0
   86         176.114    -256.226           0.000       0.000              86               0
  220          59.433    -247.375           0.000       0.000             220               0
  107       -2255.475     424.985           0.000       0.000             107               0
  142       -1311.478    1352.740           0.000       0.000             142               0
  147        -872.745    2400.600           0.000       0.000             147               0
  185        -970.103     598.554           0.000       0.000             185               0
  112        1253.791     773.640           0.000       0.000             112               0
  188         201.768    1621.060           0.000       0.000             188               0
  108        1127.840     606.322           0.000       0.000             108               0
    8         626.563    -217.621           0.000       0.000               8               0
  144         -81.866     354.332           0.000       0.000             144               0
  173       -1187.507   -1037.742           0.000       0.000             173               0
  176       -1471.035     621.002           0.000       0.000             176               0
  253        -125.400     547.094           0.000       0.000             253               0
  145         -10.044     724.657           0.000       0.000             145               0
  188       -2646.351     574.970           0.000       0.000             188               0
   79         374.622    1362.763           0.000       0.000              79               0
   38        1796.504    -194.803           0.000       0.000              38               0
  115         -74.216    -688.230           0.000       0.000             115               0
   26        1084.393   -1043.803           0.000       0.000              26               0
  178         -39.500    -711.126           0.000       0.000             178               0
    3         741.909     450.109           0.000       0.000               3               0
   20        -209.859    -613.753           0.000       0.000              20               0
  166       -2335.050   -1003.555           0.000       0.000             166               0
  208       -2233.344    1490.387           0.000       0.000             208               0
   74        1701.758   -1393.500           0.000       0.000              74               0
  178        3184.176     293.285           0.000       0.000             178               0
  241         306.825    -264.552           0.000       0.000             241               0
   75         762.656    1663.517           0.000       0.000              75               0
  219       -2369.965    2249.471           0.000       0.000             219               0
  183         575.946    -846.352           0.000       0.000             183               0
  162         227.869   -1121.130           0.000       0.000             162               0
  183        -714.319    1157.468           0.000       0.000             183               0
   35        2163.970    -598.834           0.000       0.000              35               0
   48        2495.052    -588.630           0.000       0.000              48               0
   75         642.657     769.477           0.000       0.000              75               0
  220        1943.155     126.950           0.000       0.000             220               0
  161        -175.433     768.854           0.000       0.000             161               0
    8       -2257.853    -876.148           0.000       0.000               8            -nan
   72        1212.215    1320.258           0.000       0.000              72               0
  169        1508.234    2701.798           0.000       0.000             169               0
  153          12.084   -2108.145           0.000       0.000             153            -nan
  246       -3423.992     197.820           0.000       0.000             246               0
   90        -968.963     -74.199           0.000       0.000              90               0
  150       -1483.083   -2022.451           0.000       0.000             150               0
  135        -927.831     285.855           0.000       0.000             135               0
   23        1823.283     835.678           0.000       0.000              23               0
  230          62.025    1407.719           0.000       0.000             230               0
  173        -715.031   -1641.927           0.000       0.000             173               0
  138         929.938    2991.231           0.000       0.000             138               0
    0        -428.101     992.414           0.000       0.000               0               0
   96        -110.171   -1336.563           0.000       0.000              96               0
  142        -902.127    1200.406           0.000       0.000             142               0
   21        -196.042    -301.044           0.000       0.000              21               0
    7        2489.074     896.858           0.000       0.000               7               0
   95         305.264     407.142           0.000       0.000              95               0
   96        -415.138    2448.711           0.000       0.000              96               0
  185        1748.241   -1242.365           0.000       0.000             185               0
   81         -92.554     -34.827           0.000       0.000              81               0
  171        1201.709     260.544           0.000       0.000             171               0
  148        -428.111    1802.246           0.000       0.000             148               0
    8         -22.055    -297.670           0.000       0.000               8               0
   77         837.148    -119.832           0.000       0.000              77               0
   76        -358.956      -5.023           0.000       0.000              76               0
   43       -2553.901     171.474           0.000       0.000              43               0
  126         -29.293     507.856           0.000       0.000             126               0
  151         774.275     406.896           0.000       0.000             151               0
    8       -2093.027    1016.769           0.000       0.000               8               0
   31       -1100.158     -95.490           0.000       0.000              31               0
  159         645.322    -657.501           0.000       0.000             159               0
   81       -1442.145     370.217           0.000       0.000              81               0
