SINAL     NFT                         FFT                         NFT INVERSA     FFT INVERSA
-----     -----------------------     -----------------------     -----------     -----------
   56       63951.000       0.000       63951.000       0.000              56              56
   38        2654.976     256.496        2654.976     256.496              38              38
   47         616.687    -880.474         616.687    -880.474              47              47
  122        -482.333   -1558.399        -482.333   -1558.399             122             122
   12         300.150   -1256.185         300.150   -1256.185              12              12
  114       -1466.198   -2070.906       -1466.198   -2070.906             114             114
  239         -70.525     550.018         -70.525     550.018             239             239
  101        -794.271     477.003        -794.271     477.003             101             101
  204        1107.050   -1193.165        1107.050   -1193.165             204             204
  239       -2041.367     372.918       -2041.367     372.918             239             239
  178         386.486   -1232.512         386.486   -1232.512             178             178
  135         640.499     378.622         640.499     378.622             135             135
  213        -575.888    -557.445        -575.888    -557.445             213             213
   40        -712.573    -553.394        -712.573    -553.394              40              40
  153        -183.952     150.962        -183.952     150.962             153             153
  251        -454.715     615.699        -454.715     615.699             251             251
  243       -1522.748   -1687.030       -1522.748   -1687.030             243             243
  234       -2578.184    1967.656       -2578.184    1967.656             234             234
  207       -1276.661   -1693.148       -1276.661   -1693.148             207             207
  127       -3327.358    1306.238       -3327.358    1306.238             127             127
  247        -488.810   -2038.076        -488.810   -2038.076             247             247
  125        -863.945    1200.984        -863.945    1200.984             125             125
  226         263.623    1376.530         263.623    1376.530             226             226
   44       -1608.247    -757.898       -1608.247    -757.898              44              44
  122        -444.628     462.335        -444.628     462.335             122             122
  132         998.670    -106.824         998.670    -106.824             132             132
   80          13.218    2044.038          13.218    2044.038              80              80
   88       -2097.482    -308.704       -2097.482    -308.704              88              88
   77         223.440     344.045         223.440     344.045              77              77
  134       -1274.003   -1465.640       -1274.003   -1465.640             134             134
  223        1377.001    -646.637        1377.001    -646.637             223             223
  133         650.745    1137.519         650.745    1137.519             133             133
  173       -1075.213    -533.706       -1075.213    -533.706             173             173
   14       -1263.321   -1596.568       -1263.321   -1596.568              14              14
  255        1426.017    1261.086        1426.017    1261.086             255             255
  186         448.485    1785.582         448.485    1785.582             186             186
  129         -99.711   -1132.816         -99.711   -1132.816             129             129
  239       -1316.640    -858.578       -1316.640    -858.578             239             239
   32        -911.329   -1288.474        -911.329   -1288.474              32              32
   77       -1341.773    -189.321       -1341.773    -189.321              77              77
  222        -273.178     125.510        -273.178     125.510             222             222
  210        -675.358    -397.294        -675.358    -397.294             210             210
  212         427.737    -419.402         427.737    -419.402             212             212
  180       -1703.076    1683.503       -1703.076    1683.503             180             180
  250       -1217.886     642.541       -1217.886     642.541             250             250
  110         628.154    1360.640         628.154    1360.640             110             110
  176         221.453     862.131         221.453     862.131             176             176
  238         281.727    1251.250         281.727    1251.250             238             238
   88         183.772    -710.881         183.772    -710.881              88              88
  127        -820.043    -150.338        -820.043    -150.338             127             127
  109       -1329.218    -306.597       -1329.218    -306.597             109             109
   80         768.185    -431.915         768.185    -431.915              80              80
  253        -557.639     849.220        -557.639     849.220             253             253
   80         950.025    1200.066         950.025    1200.066              80              80
  124         603.487    1168.235         603.487    1168.235             124             124
  119        -604.908   -1311.981        -604.908   -1311.981             119             119
  213         138.101     193.391         138.101     193.391             213             213
  204         -64.376    -138.304         -64.376    -138.304             204             204
  207        -733.023     801.504        -733.023     801.504             207             207
   34        1858.369    1008.312        1858.369    1008.312              34              34
   83        -353.527    -408.824        -353.527    -408.824              83              83
  174        -392.557    -388.877        -392.557    -388.877             174             174
  168        1934.691   -1821.751        1934.691   -1821.751             168             168
    0       -1084.435    -511.106       -1084.435    -511.106               0               0
  189        2596.090    -176.260        2596.090    -176.260             189             189
  168         604.726    2416.027         604.726    2416.027             168             168
  187          20.310     145.162          20.310     145.162             187             187
   62        -650.673     409.786        -650.673     409.786              62              62
  151         759.807    -739.830         759.807    -739.830             151             151
  219       -2129.738   -1251.824       -2129.738   -1251.824             219             219
  139         601.724    1155.858         601.724    1155.858             139             139
  118         789.374    -995.360         789.374    -995.360             118             118
  173        1013.737     -13.540        1013.737     -13.540             173             173
   96        1419.721      46.221        1419.721      46.221              96              96
   43        1105.262   -1089.765        1105.262   -1089.765              43              43
  168       -1641.709     529.505       -1641.709     529.505             168             168
  206        -635.997      60.965        -635.997      60.965             206             206
  219        -194.902   -2794.050        -194.902   -2794.050             219             219
  150         -68.320    1689.757         -68.320    1689.757             150             150
   39       -1827.374     247.648       -1827.374     247.648              39              39
   91        -462.966     649.169        -462.966     649.169              91              91
    4        1848.004    -988.093        1848.004    -988.093               4               4
  119        -998.135    -407.750        -998.135    -407.750             119             119
   88       -2963.935     229.564       -2963.935     229.564              88              88
   85        2674.038     650.997        2674.038     650.997              85              85
  244        -551.430    2086.571        -551.430    2086.571             244             244
  207       -1554.776    -305.878       -1554.776    -305.878             207             207
   43          91.551    -791.295          91.551    -791.295              43              43
  192         308.191   -2157.245         308.191   -2157.245             192             192
  159        1775.544     211.090        1775.544     211.090             159             159
   77        1722.653   -1157.003        1722.653   -1157.003              77              77
   20         345.462   -1533.938         345.462   -1533.938              20              20
   78         535.414    2167.455         535.414    2167.455              78              78
  246         326.599     305.359         326.599     305.359             246             246
   21         -76.702    1515.750         -76.702    1515.750              21              21
   11          55.984    -359.081          55.984    -359.081              11              11
  158         236.107    1584.187         236.107    1584.187             158             158
  208        -307.674    1871.690        -307.674    1871.690             208             208
   73       -1377.368    1801.240       -1377.368    1801.240              73              73
   53        1872.150    -442.466        1872.150    -442.466              53              53
  171        -227.376   -1429.089        -227.376   -1429.089             171             171
  213        2207.218    1090.568        2207.218    1090.568             213             213
  172         305.145    -823.497         305.145    -823.497             172             172
   89         253.654   -1820.673         253.654   -1820.673              89              89
   54       -1755.509     329.236       -1755.509     329.236              54              54
  215         159.241     159.994         159.241     159.994             215             215
    1         347.504   -1240.660         347.504   -1240.660               1               1
    4        -680.399     668.630        -680.399     668.630               4               4
  178        -181.717    -138.689        -181.717    -138.689             178             178
  152         508.829   -1632.943         508.829   -1632.943             152             152
   44        1272.844    1236.661        1272.844    1236.661              44              44
   13       -1639.676    -168.036       -1639.676    -168.036              13              13
  156          35.065     434.900          35.065     434.900             156             156
  163       -1383.215    -206.313       -1383.215    -206.313             163             163
  101       -1593.986    1074.156       -1593.986    1074.156             101             101
  242        -859.412     659.700        -859.412     659.700             242             242
  151          26.269     703.248          26.269     703.248             151             151
   53        -631.972   -1247.826        -631.972   -1247.826              53              53
   29        1746.083   -1817.032        1746.083   -1817.032              29              29
   88         502.200     902.403         502.200     902.403              88              88
  213         170.432    -309.404         170.432    -309.404             213             213
  107        1930.244     342.446        1930.244     342.446             107             107
  108        -655.465     758.956        -655.465     758.956             108             108
   35       -1448.401    -303.965       -1448.401    -303.965              35              35
   97        -202.180    -956.100        -202.180    -956.100              97              97
  129         702.373    2019.232         702.373    2019.232             129             129
   47         485.760    1295.331         485.760    1295.331              47              47
  255        1794.243    2717.354        1794.243    2717.354             255             255
   81       -1686.925   -2312.278       -1686.925   -2312.278              81              81
  121        -291.394   -1751.360        -291.394   -1751.360             121             121
   53       -3676.608     973.289       -3676.608     973.289              53              53
  253        -733.854     679.402        -733.854     679.402             253             253
   79        -120.090     566.676        -120.090     566.676              79              79
  225        2686.303   -1905.988        2686.303   -1905.988             225             225
   86       -1211.866    -456.662       -1211.866    -456.662              86              86
  133        -608.335    -242.699        -608.335    -242.699             133             133
  185        -387.980    1421.386        -387.980    1421.386             185             185
   87        1448.103     -90.709        1448.103     -90.709              87              87
  137        -123.824    -966.483        -123.824    -966.483             137             137
  107       -1187.024     921.246       -1187.024     921.246             107             107
  239        -786.014     143.189        -786.014     143.189             239             239
  182       -1386.830    -404.731       -1386.830    -404.731             182             182
  121        2223.681    -973.463        2223.681    -973.463             121             121
  140         568.890    -894.170         568.890    -894.170             140             140
   89         309.976    -876.685         309.976    -876.685              89              89
  223       -2297.808    -711.707       -2297.808    -711.707             223             223
  127        1727.741    -343.019        1727.741    -343.019             127             127
  241       -1043.714    -831.425       -1043.714    -831.425             241             241
   20        1835.741    2330.470        1835.741    2330.470              20              20
  156        2473.794    1414.367        2473.794    1414.367             156             156
   73         331.441    2620.576         331.441    2620.576              73              73
  234           5.870    1187.809           5.870    1187.809             234             234
    8       -1153.575   -1172.265       -1153.575   -1172.265               8               8
  182        -684.740    1802.956        -684.740    1802.956             182             182
   13       -1055.462    1397.614       -1055.462    1397.614              13              13
  106        -936.643   -1612.171        -936.643   -1612.171             106             106
   56        2198.393    2197.910        2198.393    2197.910              56              56
   61       -1973.240     229.369       -1973.240     229.369              61              61
  106       -1254.152    -445.327       -1254.152    -445.327             106             106
  137       -1300.741    1665.356       -1300.741    1665.356             137             137
  182        -725.510    -115.401        -725.510    -115.401             182             182
  160        1229.215    -121.673        1229.215    -121.673             160             160
  135         482.591    1241.901         482.591    1241.901             135             135
    6          11.128    1471.849          11.128    1471.849               6               6
  129         277.424    2084.909         277.424    2084.909             129             129
  221        1368.387    1190.119        1368.387    1190.119             221             221
  139         602.360     339.765         602.360     339.765             139             139
   58        -604.193     683.849        -604.193     683.849              58              58
   52          -5.162     994.958          -5.162     994.958              52              52
   21         122.362   -1284.701         122.362   -1284.701              21              21
  166        -910.506     738.388        -910.506     738.388             166             166
   36         332.771     119.743         332.771     119.743              36              36
  203       -3061.191     404.024       -3061.191     404.024             203             203
   32        -696.619    1417.970        -696.619    1417.970              32              32
  176         -99.189    -566.473         -99.189    -566.473             176             176
   37       -1932.812    1514.966       -1932.812    1514.966              37              37
  255         594.620   -2457.406         594.620   -2457.406             255             255
   47         365.434       3.279         365.434       3.279              47              47
   22         903.674    -990.581         903.674    -990.581              22              22
   20       -2143.533   -1362.275       -2143.533   -1362.275              20              20
  204        1635.038   -2407.155        1635.038   -2407.155             204             204
   96        1771.137   -2084.843        1771.137   -2084.843              96              96
  254          62.652   -1105.025          62.652   -1105.025             254             254
  213          29.774     593.004          29.774     593.004             213             213
   23        -330.740    -740.736        -330.740    -740.736              23              23
   12        1012.621     531.850        1012.621     531.850              12              12
   63          -7.133   -3184.833          -7.133   -3184.833              63              63
   79        2503.791    -821.187        2503.791    -821.187              79              79
   73         -11.149   -1026.856         -11.149   -1026.856              73              73
  170          99.058     290.667          99.058     290.667             170             170
  216         -28.013    -363.922         -28.013    -363.922             216             216
    0         529.497     519.781         529.497     519.781              -0              -0
   74        1147.940    -502.232        1147.940    -502.232              74              74
   96        1029.917    1350.070        1029.917    1350.070              96              96
    6       -2182.279    -146.379       -2182.279    -146.379               6               6
  203           4.739   -1284.947           4.739   -1284.947             203             203
   61       -1989.179     338.781       -1989.179     338.781              61              61
  146        1538.591   -2424.406        1538.591   -2424.406             146             146
    6        -403.386    -426.486        -403.386    -426.486               6               6
  113         289.833   -1254.196         289.833   -1254.196             113             113
  167        1797.874   -1625.756        1797.874   -1625.756             167             167
  173          -2.474     325.512          -2.474     325.512             173             173
  150          -4.222     403.405          -4.222     403.405             150             150
  114         -90.578    2665.253         -90.578    2665.253             114             114
  205        -652.129    1930.261        -652.129    1930.261             205             205
   70        1502.867    1545.738        1502.867    1545.738              70              70
  151       -1900.600    -180.330       -1900.600    -180.330             151             151
  204         179.247    -473.898         179.247    -473.898             204             204
  118        1722.999    -427.660        1722.999    -427.660             118             118
  174        2373.738    -605.990        2373.738    -605.990             174             174
  224         677.907     700.010         677.907     700.010             224             224
   67        -154.662   -3054.881        -154.662   -3054.881              67              67
   15         229.536   -1702.293         229.536   -1702.293              15              15
  223         221.487      94.946         221.487      94.946             223             223
   24         531.465     910.708         531.465     910.708              24              24
   38        -634.790    -503.769        -634.790    -503.769              38              38
  235        1157.945     766.994        1157.945     766.994             235             235
   88       -2952.409    1414.876       -2952.409    1414.876              88              88
  117         301.102     779.857         301.102     779.857             117             117
   53        -866.155   -1643.124        -866.155   -1643.124              53              53
    2        -374.512     364.917        -374.512     364.917               2               2
   78         142.977    -437.570         142.977    -437.570              78              78
   53       -1691.548     457.066       -1691.548     457.066              53              53
   76        1978.273     -36.032        1978.273     -36.032              76              76
  174        -763.472     206.768        -763.472     206.768             174             174
   60        -615.329   -1227.842        -615.329   -1227.842              60              60
   24        1240.852    2649.227        1240.852    2649.227              24              24
  235        -480.678   -2614.936        -480.678   -2614.936             235             235
  206        -233.343    -540.097        -233.343    -540.097             206             206
   31        -450.444     659.609        -450.444     659.609              31              31
   93        1559.727    1842.881        1559.727    1842.881              93              93
  117        -336.008    -305.467        -336.008    -305.467             117             117
  204       -1608.196    -679.871       -1608.196    -679.871             204             204
  243        -498.556     839.093        -498.556     839.093             243             243
  232        -334.225   -1363.993        -334.225   -1363.993             232             232
  154         742.412   -1481.822         742.412   -1481.822             154             154
   58        -192.227     984.460        -192.227     984.460              58              58
  128         238.029     700.048         238.029     700.048             128             128
  103        2017.235     316.623        2017.235     316.623             103             103
  177         371.793    -108.791         371.793    -108.791             177             177
   47       -2396.415    1078.423       -2396.415    1078.423              47              47
   72        -378.022   -1211.815        -378.022   -1211.815              72              72
  244        1084.200   -1403.789        1084.200   -1403.789             244             244
   62       -1108.009    1686.416       -1108.009    1686.416              62              62
   39         517.592    1278.137         517.592    1278.137              39              39
   13       -1892.162   -1227.292       -1892.162   -1227.292              13              13
  100        -604.417     729.388        -604.417     729.388             100             100
   18        1918.473    1995.313        1918.473    1995.313              18              18
  101       -1014.155   -1140.335       -1014.155   -1140.335             101             101
  218        -728.335     232.376        -728.335     232.376             218             218
   71        2470.943    1496.677        2470.943    1496.677              71              71
  104       -1144.846     845.812       -1144.846     845.812             104             104
   40       -2612.600      12.011       -2612.600      12.011              40              40
  125         898.049    2289.220         898.049    2289.220             125             125
  180         979.671    1291.143         979.671    1291.143             180             180
  214         336.000     630.971         336.000     630.971             214             214
  186        -625.000      -0.393        -625.000      -0.393             186             186
  204         336.314    -631.403         336.314    -631.403             204             204
  194         980.042   -1291.254         980.042   -1291.254             194             194
  136         898.420   -2289.018         898.420   -2289.018             136             136
  236       -2612.780     -12.877       -2612.780     -12.877             236             236
   31       -1144.168    -846.319       -1144.168    -846.319              31              31
  254        2471.532   -1495.783        2471.532   -1495.783             254             254
  184        -728.484    -232.416        -728.484    -232.416             184             184
   19       -1014.408    1139.880       -1014.408    1139.880              19              19
  231        1919.094   -1994.781        1919.094   -1994.781             231             231
   83        -604.516    -729.340        -604.516    -729.340              83              83
   77       -1892.555    1226.671       -1892.555    1226.671              77              77
  103         518.126   -1278.081         518.126   -1278.081             103             103
  186       -1107.338   -1686.469       -1107.338   -1686.469             186             186
  254        1083.785    1404.478        1083.785    1404.478             254             254
  150        -378.617    1211.562        -378.617    1211.562             150             150
    2       -2395.858   -1079.338       -2395.858   -1079.338               2               2
  243         372.262     108.944         372.262     108.944             243             243
  213        2017.467    -315.973        2017.467    -315.973             213             213
   42         238.117    -699.910         238.117    -699.910              42              42
    0        -191.938    -984.211        -191.938    -984.211              -0              -0
   57         741.816    1482.346         741.816    1482.346              57              57
   61        -334.874    1363.745        -334.874    1363.745              61              61
  102        -498.417    -839.374        -498.417    -839.374             102             102
   20       -1608.339     679.305       -1608.339     679.305              20              20
  132        -335.772     305.107        -335.772     305.107             132             132
  206        1560.429   -1842.421        1560.429   -1842.421             206             206
   60        -450.320    -659.470        -450.320    -659.470              60              60
    2        -233.499     540.338        -233.499     540.338               2               2
  131        -481.409    2614.575        -481.409    2614.575             131             131
   19        1241.746   -2648.942        1241.746   -2648.942              19              19
  188        -615.854    1227.781        -615.854    1227.781             188             188
   80        -763.245    -207.087        -763.245    -207.087              80              80
  213        1978.174      36.671        1978.174      36.671             213             213
   69       -1691.566    -457.587       -1691.566    -457.587              69              69
   60         142.873     437.663         142.873     437.663              60              60
  245        -374.443    -364.966        -374.443    -364.966             245             245
   68        -866.658    1642.723        -866.658    1642.723              68              68
  245         301.312    -780.055         301.312    -780.055             245             245
    9       -2951.696   -1415.873       -2951.696   -1415.873               9               9
   43        1158.614    -766.370        1158.614    -766.370              43              43
   72        -634.721     503.724        -634.721     503.724              72              72
   87         532.054    -910.334         532.054    -910.334              87              87
  147         221.714     -94.427         221.714     -94.427             147             147
    3         229.156    1702.744         229.156    1702.744               3               3
   86        -155.402    3054.645        -155.402    3054.645              86              86
   42         678.534    -700.106         678.534    -700.106              42              42
    5        2373.683     606.672        2373.683     606.672               5               5
   73        1722.590     428.041        1722.590     428.041              73              73
  255         178.679     473.677         178.679     473.677             255             255
   48       -1900.675     179.257       -1900.675     179.257              48              48
   74        1503.446   -1545.619        1503.446   -1545.619              74              74
   57        -651.576   -1930.592        -651.576   -1930.592              57              57
  109         -89.617   -2664.969         -89.617   -2664.969             109             109
  176          -3.987    -402.848          -3.987    -402.848             176             176
   77          -2.168    -324.930          -2.168    -324.930              77              77
  242        1797.348    1626.815        1797.348    1626.815             242             242
  127         289.198    1254.455         289.198    1254.455             127             127
  137        -403.589     426.526        -403.589     426.526             137             137
  244        1537.537    2424.874        1537.537    2424.874             244             244
    2       -1989.278    -339.602       -1989.278    -339.602               2               2
  157           4.316    1284.835           4.316    1284.835             157             157
  177       -2182.076     145.361       -2182.076     145.361             177             177
   82        1030.805   -1349.762        1030.805   -1349.762              82              82
  114        1147.894     502.710        1147.894     502.710             114             114
  247         529.644    -519.515         529.644    -519.515             247             247
  142         -28.125     364.068         -28.125     364.068             142             142
  104          99.253    -290.403          99.253    -290.403             104             104
   59         -11.244    1027.128         -11.244    1027.128              59              59
  132        2503.530     822.272        2503.530     822.272             132             132
  113          -8.390    3184.705          -8.390    3184.705             113             113
  103        1012.631    -531.796        1012.631    -531.796             103             103
  204        -331.162     740.537        -331.162     740.537             204             204
  200          29.945    -592.931          29.945    -592.931             200             200
  250          62.365    1105.292          62.365    1105.292             250             250
  207        1770.392    2085.502        1770.392    2085.502             207             207
   30        1633.732    2407.449        1633.732    2407.449              30              30
   36       -2144.290    1361.101       -2144.290    1361.101              36              36
  213         903.301     990.380         903.301     990.380             213             213
  104         365.176      -3.527         365.176      -3.527             104             104
   35         593.347    2456.998         593.347    2456.998              35              35
    5       -1932.623   -1516.271       -1932.623   -1516.271               5               5
  178         -99.524     565.953         -99.524     565.953             178             178
   93        -696.450   -1418.649        -696.450   -1418.649              93              93
  115       -3060.984    -405.284       -3060.984    -405.284             115             115
   99         333.083    -119.906         333.083    -119.906              99              99
  170        -910.097    -738.880        -910.097    -738.880             170             170
  101         122.135    1284.392         122.135    1284.392             101             101
  226          -4.722    -995.459          -4.722    -995.459             226             226
   52        -603.760    -684.390        -603.760    -684.390              52              52
   90         602.739    -339.954         602.739    -339.954              90              90
  228        1368.812   -1190.088        1368.812   -1190.088             228             228
  209         277.993   -2085.037         277.993   -2085.037             209             209
   12          11.560   -1471.841          11.560   -1471.841              12              12
   55         482.960   -1241.598         482.960   -1241.598              55              55
   68        1228.880     122.184        1228.880     122.184              68              68
    3        -725.967     115.015        -725.967     115.015               3               3
  198       -1300.399   -1665.818       -1300.399   -1665.818             198             198
  173       -1254.335     444.934       -1254.335     444.934             173             173
   63       -1972.831    -230.246       -1972.831    -230.246              63              63
   74        2199.276   -2197.113        2199.276   -2197.113              74              74
   30        -937.374    1611.837        -937.374    1611.837              30              30
  166       -1054.951   -1398.249       -1054.951   -1398.249             166             166
   22        -683.987   -1803.081        -683.987   -1803.081              22              22
  231       -1153.657    1171.850       -1153.657    1171.850             231             231
  161           6.710   -1188.133           6.710   -1188.133             161             161
  230         332.794   -2620.471         332.794   -2620.471             230             230
    6        2474.493   -1413.281        2474.493   -1413.281               6               6
  197        1836.243   -2329.300        1836.243   -2329.300             197             197
  188       -1044.172     831.698       -1044.172     831.698             188             188
  110        1727.399     343.976        1727.399     343.976             110             110
  233       -2298.186     711.244       -2298.186     711.244             233             233
  194         309.902     876.980         309.902     876.980             194             194
   32         568.710     894.439         568.710     894.439              32              32
   70        2223.075     974.146        2223.075     974.146              70              70
   53       -1387.368     404.099       -1387.368     404.099              53              53
  131        -786.069    -143.613        -786.069    -143.613             131             131
  241       -1186.629    -921.600       -1186.629    -921.600             241             241
  155        -123.904     966.477        -123.904     966.477             155             155
  101        1448.062      91.013        1448.062      91.013             101             101
   38        -387.704   -1421.484        -387.704   -1421.484              38              38
  245        -608.483     242.717        -608.483     242.717             245             245
   74       -1211.781     456.418       -1211.781     456.418              74              74
  248        2685.660    1906.742        2685.660    1906.742             248             248
    1        -120.362    -567.026        -120.362    -567.026               1               1
  129        -734.085    -679.743        -734.085    -679.743             129             129
   60       -3676.268    -974.336       -3676.268    -974.336              60              60
    5        -291.622    1751.389        -291.622    1751.389               5               5
   71       -1687.224    2311.167       -1687.224    2311.167              71              71
  234        1795.565   -2717.281        1795.565   -2717.281             234             234
   68         486.260   -1295.216         486.260   -1295.216              68              68
  146         703.001   -2018.736         703.001   -2018.736             146             146
    8        -202.641     956.317        -202.641     956.317               8               8
  235       -1448.421     303.450       -1448.421     303.450             235             235
  168        -654.791    -759.169        -654.791    -759.169             168             168
  240        1930.589    -341.654        1930.589    -341.654             240             240
  140         170.318     309.554         170.318     309.554             140             140
  143         502.567    -902.008         502.567    -902.008             143             143
  246        1745.275    1817.788        1745.275    1817.788             246             246
   82        -632.706    1247.349        -632.706    1247.349              82              82
   76          26.272    -703.539          26.272    -703.539              76              76
  100        -859.443    -660.111        -859.443    -660.111             100             100
   59       -1593.685   -1074.631       -1593.685   -1074.631              59              59
   15       -1383.078     205.947       -1383.078     205.947              15              15
  132          35.402    -434.830          35.402    -434.830             132             132
  130       -1639.401     167.527       -1639.401     167.527             130             130
   69        1273.610   -1236.022        1273.610   -1236.022              69              69
    8         508.318    1633.287         508.318    1633.287               8               8
  116        -181.767     138.530        -181.767     138.530             116             116
  224        -680.046    -668.770        -680.046    -668.770             224             224
  110         347.240    1240.825         347.240    1240.825             110             110
  154         159.281    -160.021         159.281    -160.021             154             154
  213       -1755.195    -329.694       -1755.195    -329.694             213             213
  185         253.475    1820.762         253.475    1820.762             185             185
  147         305.273     823.259         305.273     823.259             147             147
  215        2207.711   -1089.995        2207.711   -1089.995             215             215
   59        -227.855    1428.850        -227.855    1428.850              59              59
  208        1871.870     442.555        1871.870     442.555             208             208
  220       -1376.931   -1802.153       -1376.931   -1802.153             220             220
  130        -306.900   -1871.896        -306.900   -1871.896             130             130
  186         236.775   -1583.928         236.775   -1583.928             186             186
   33          55.968     359.201          55.968     359.201              33              33
   20         -76.038   -1515.707         -76.038   -1515.707              20              20
  194         326.894    -305.088         326.894    -305.088             194             194
   12         536.301   -2166.839         536.301   -2166.839              12              12
  189         345.154    1534.578         345.154    1534.578             189             189
  178        1722.377    1157.701        1722.377    1157.701             178             178
  153        1775.387    -210.329        1775.387    -210.329             153             153
   77         307.100    2157.393         307.100    2157.393              77              77
  169          90.920     791.034          90.920     791.034             169             169
  235       -1555.031     304.944       -1555.031     304.944             235             235
  154        -550.536   -2086.931        -550.536   -2086.931             154             154
   13        2673.997    -649.938        2673.997    -649.938              13              13
   39       -2964.162    -230.353       -2964.162    -230.353              39              39
  169        -997.949     407.582        -997.949     407.582             169             169
  146        1847.731     988.656        1847.731     988.656             146             146
  169        -463.024    -649.427        -463.024    -649.427             169             169
  238       -1827.264    -248.255       -1827.264    -248.255             238             238
  154         -67.553   -1689.439         -67.553   -1689.439             154             154
   30        -195.745    2794.189        -195.745    2794.189              30              30
  206        -635.878     -61.369        -635.878     -61.369             206             206
    9       -1641.121    -530.006       -1641.121    -530.006               9               9
  185        1105.419    1090.156        1105.419    1090.156             185             185
  164        1419.950     -45.837        1419.950     -45.837             164             164
  194        1013.747      13.890        1013.747      13.890             194             194
   76         788.942     995.504         788.942     995.504              76              76
  124         601.842   -1155.680         601.842   -1155.680             124             124
  254       -2130.151    1251.157       -2130.151    1251.157             254             254
   28         759.756     739.838         759.756     739.838              28              28
   89        -650.403    -410.269        -650.403    -410.269              89              89
  128          20.655    -145.416          20.655    -145.416             128             128
  214         605.869   -2415.779         605.869   -2415.779             214             214
  122        2595.991     177.469        2595.991     177.469             122             122
  149       -1084.679     510.981       -1084.679     510.981             149             149
  153        1934.050    1822.370        1934.050    1822.370             153             153
  135        -392.884     388.486        -392.884     388.486             135             135
   83        -353.587     408.389        -353.587     408.389              83              83
   76        1858.602   -1007.936        1858.602   -1007.936              76              76
   32        -732.987    -801.757        -732.987    -801.757              32              32
  161         -64.464     138.304         -64.464     138.304             161             161
  245         138.095    -193.333         138.095    -193.333             245             245
   12        -605.323    1311.571        -605.323    1311.571              12              12
   59         603.951   -1168.347         603.951   -1168.347              59              59
    3         950.275   -1199.786         950.275   -1199.786               3               3
   51        -557.512    -849.245        -557.512    -849.245              51              51
  229         767.835     432.313         767.835     432.313             229             229
  149       -1329.516     306.141       -1329.516     306.141             149             149
  221        -820.008     149.996        -820.008     149.996             221             221
  211         183.642     710.692         183.642     710.692             211             211
   48         282.145   -1251.422         282.145   -1251.422              48              48
  251         221.669    -862.151         221.669    -862.151             251             251
  162         628.354   -1360.396         628.354   -1360.396             162             162
   58       -1217.950    -642.838       -1217.950    -642.838              58              58
  180       -1702.447   -1683.774       -1702.447   -1683.774             180             180
   71         427.686     419.937         427.686     419.937              71              71
  253        -675.533     397.264        -675.533     397.264             253             253
    1        -273.188    -125.420        -273.188    -125.420               1               1
  195       -1341.833     189.132       -1341.833     189.132             195             195
  251        -911.617    1288.308        -911.617    1288.308             251             251
   30       -1316.627     858.075       -1316.627     858.075              30              30
   29         -99.687    1132.471         -99.687    1132.471              29              29
  123         449.391   -1785.646         449.391   -1785.646             123             123
  245        1426.417   -1260.326        1426.417   -1260.326             245             245
  151       -1263.942    1596.346       -1263.942    1596.346             151             151
   17       -1075.121     533.196       -1075.121     533.196              17              17
  143         651.431   -1137.279         651.431   -1137.279             143             143
   31        1376.717     647.278        1376.717     647.278              31              31
  101       -1274.593    1465.091       -1274.593    1465.091             101             101
  219         223.523    -344.211         223.523    -344.211             219             219
   64       -2097.465     307.737       -2097.465     307.737              64              64
    7          14.264   -2044.105          14.264   -2044.105               7               7
  209         998.710     107.295         998.710     107.295             209             209
   76        -444.601    -462.391        -444.601    -462.391              76              76
   66       -1608.405     757.318       -1608.405     757.318              66              66
  213         264.209   -1376.486         264.209   -1376.486             213             213
  127        -863.552   -1200.921        -863.552   -1200.921             127             127
   40        -489.597    2038.060        -489.597    2038.060              40              40
  106       -3326.794   -1307.297       -3326.794   -1307.297             106             106
   93       -1276.816    1692.734       -1276.816    1692.734              93              93
  251       -2576.979   -1968.442       -2576.979   -1968.442             251             251
  155       -1522.484    1686.677       -1522.484    1686.677             155             155
   88        -453.669    -615.881        -453.669    -615.881              88              88
  158        -183.171    -150.861        -183.171    -150.861             158             158
  213        -712.020     553.299        -712.020     553.299             213             213
   13        -575.193     557.272        -575.193     557.272              13              13
  229         641.464    -378.307         641.464    -378.307             229             229
  210         386.696    1232.693         386.696    1232.693             210             210
   15       -2040.329    -373.581       -2040.329    -373.581              15              15
  169        1107.715    1193.527        1107.715    1193.527             169             169
  205        -793.094    -477.326        -793.094    -477.326             205             205
   45         -69.118    -549.777         -69.118    -549.777              45              45
  198       -1465.296    2070.612       -1465.296    2070.612             198             198
   73         301.777    1256.191         301.777    1256.191              73              73
   34        -480.224    1557.979        -480.224    1557.979              34              34
   94         620.281     880.235         620.281     880.235              94              94
   91        2662.007    -256.017        2662.007    -256.017              91              91
