SINAL     NFT                         FFT                         NFT INVERSA     FFT INVERSA
-----     -----------------------     -----------------------     -----------     -----------
    1       62703.000       0.000            -nan        -nan               1            -nan
  134        -706.978    1394.735            -nan        -nan             134            -nan
   75        -658.323    1714.514            -nan        -nan              75            -nan
   12       -1278.854   -1343.769            -nan        -nan              12            -nan
  100         302.745     776.415            -nan        -nan             100            -nan
   92        1358.627    1537.027            -nan        -nan              92            -nan
  113        -167.807   -1375.833            -nan        -nan             113            -nan
   80         451.601     704.727            -nan        -nan              80            -nan
  124       -1374.016   -1404.059           0.000      -0.000             124            -nan
   53       -1159.046      84.819            -nan        -nan              53              -0
  227       -2422.695     325.095            -nan        -nan             227            -nan
   61         462.436     835.277       -3504.080   -5921.938              61            -nan
   53        1968.089     146.737            -nan        -nan              53              -0
   86         541.550     149.826            -nan        -nan              86            -nan
  129         807.780    1932.704            -nan        -nan             129            -nan
  187        -205.255     194.109            -nan        -nan             187            -nan
  239       -1604.312    1159.807            -nan        -nan             239            -nan
   90         509.008    -327.495     -304854060850104909311224385471569580799332494188497236369050973015295143396050254276073635226219883822530516463061109206935754444482262987670598203037314787283552783881483988447903966906862636317325353083942465448004157011075167827479889711562992243978924204274279705153039988602102545483992495334359040.000 29532596493198199841820628790321597610205031878176457073500762265088500302956324189992073345392417290054973509048884648189807010289868083410057746294159584240884267713891795425806251216568431584753877051521404992127836664126610023610719006921618542209189363332457582724731908295061308550385612466683904.000              90            -nan
    4        1207.059    -804.661            -nan        -nan               4               0
   15       -1339.895     156.100          23.935     -11.955              15            -nan
  246       -1569.030      74.714            -nan        -nan             246               0
  100       -1947.740    -556.332           0.000       0.000             100            -nan
   42         717.662     766.111            -nan        -nan              42               0
  194       -2643.954    1141.788     -9846526503540559970905025283741184372292516446046893308491906768188973022255312660185879512870077467639170042399883052860182500067741156266575248940520552827599359066837255599674851327660099752302398907016602976256.000       0.000             194            -nan
  206         166.161     650.910           0.000       0.000             206              -0
  129         451.202    -292.496        -282.743      -0.000             129               0
   43        1482.187    -740.768         -10.459     -89.835              43              -0
   46        -856.347    2521.126        -723.849     602.846              46               0
  110         923.479   -1110.988            -nan        -nan             110              -0
  160        2373.565   -1629.610            -nan        -nan             160            -nan
   77        -456.791    -393.547            -nan        -nan              77            -nan
  111        -459.733   -1332.614            -nan        -nan             111            -nan
   39         656.243     528.614            -nan        -nan              39            -nan
  152         560.018     218.287            -nan        -nan             152            -nan
  123       -2212.449     704.923          15.000      -0.000             123            -nan
  140        -318.807     386.502           0.000      -0.000             140               0
  245        1052.227     328.350            -nan        -nan             245               0
  237         131.252     533.812            -nan        -nan             237            -nan
  220         526.208     289.049           0.000      -0.000             220            -nan
  114        1025.912    1580.949           0.000      -0.000             114               0
   34         814.530    2229.055          -0.000      -0.000              34               0
  192         526.044    -412.597          -0.000      -0.000             192               0
  175        -792.057     583.790        -565.487      -0.000             175               0
   88        -111.145    -811.595          -0.000      -0.000              88              -0
   23        1173.129    1461.901            -nan        -nan              23               0
   49       -1187.354    -807.218            -nan        -nan              49            -nan
   19        -985.890    1581.039            -nan        -nan              19            -nan
    6        -607.963   -2153.876            -nan        -nan               6            -nan
  140        -799.445     605.084            -nan        -nan             140            -nan
   24        -542.712    -744.871            -nan        -nan              24            -nan
   21        -859.259    -677.010            -nan        -nan              21            -nan
  131        1680.777   -1881.785            -nan        -nan             131            -nan
  124         166.558    1905.958      -63259.986   49368.564             124            -nan
   63       -1410.061    -376.878            -nan        -nan              63              -0
   69        1339.703      38.576            -nan        -nan              69            -nan
   74        1142.511    -176.750           0.000      -0.000              74            -nan
  193        -105.779    1811.136          -0.000      -0.000             193               0
  113         316.195    2467.920          -0.000      -0.000             113              -0
  120       -1940.149    1005.650          -0.000      -0.000             120              -0
   47       -2014.928   -1733.854           0.000      -0.000              47              -0
   17        1119.140    -786.407            -nan        -nan              17               0
  198         686.097    1347.234            -nan        -nan             198            -nan
  158         602.352     279.946            -nan        -nan             158            -nan
   57         -13.471   -1189.926            -nan        -nan              57            -nan
   95        -680.541    1130.736            -nan        -nan              95            -nan
   26         143.510     791.822          -0.000      -0.000              26            -nan
  197         693.881    -744.671          -0.000       0.000             197               0
   85        1698.344   -1395.020          -0.000      -0.000              85               0
    7         254.609    1767.649          -0.000       0.000               7               0
  162        -190.608   -1501.677           0.000       0.000             162               0
  199        2892.469    -225.833           0.000       0.000             199               0
   42        1416.275    -384.426           0.000       0.000              42               0
   99         616.640     233.636           0.000       0.000              99               0
  119        1245.402     202.106           0.000       0.000             119               0
  130        1996.258     250.825           0.000       0.000             130               0
  122        1072.745     227.139           0.000       0.000             122               0
  169       -1939.360    -987.900           0.000      -0.000             169               0
  150       -1393.771    -106.065            -nan        -nan             150               0
  128         388.771     278.874            -nan        -nan             128            -nan
   53       -2187.972    1605.586            -nan        -nan              53            -nan
  174         452.282    -937.941            -nan        -nan             174            -nan
  150        1202.258    1254.035       -7479.844      -5.426             150            -nan
  184        -760.153    1499.829     -27436865476509487138493294559624487352115868115535415111925370923169363580678445085662806904918625224035279292582564196252539444442134677938838758553365812995382573252683438812735040413035237058558070969601077905287234444550948150121086680368408307575965297166205014342715691529229389356746910870630563840.000 2657933684387839946246948728238133777884050429864779613668518471603619846395688499235449001362443638054853447546932235927720075916503797226230384892878047733110622219647336220591318655422256648665611660175062739014861019223529714604684605770742777025146285655591999088306138777298852436386940999281147904.000             184               0
   42        -196.339     982.848          -0.000       0.000              42            -260629353042953575379500536218626730091706899171805182550322883043818592244290562491010547235138986285338827554900725957607072568921319465166390498724715162147720051146947621475892399825362092032
  214         731.404    2103.904          -0.000       0.000             214              -0
  254        -990.552    -724.302        1344.162   -8012.329             254              -0
  117        -281.544     256.422           0.000      -0.000             117               0
  151         953.073     252.073          -0.000      -0.000             151               0
  112       -1410.982     530.395          -0.000      -0.000             112              -0
  238         -69.528    2133.091           0.000      -0.000             238              -0
  198         628.532     475.526          -3.415      -1.719             198               0
  129         -70.087    -407.760         -17.024      34.880             129               0
  180       -2468.139    -452.762          -0.000      -0.000             180              -0
  101       -1476.220    2671.284            -nan        -nan             101              -0
  187        2360.316      33.490            -nan        -nan             187            -nan
   19       -1350.619    1207.281            -nan        -nan              19            -nan
  127        -856.877   -1058.923           0.000       0.000             127            -nan
  128         636.220    1654.819            -nan        -nan             128               0
  104        1689.925    2125.328         -11.052     -10.143             104            -nan
  135         -69.596    1417.406          -0.000       0.000             135              -0
   35        -370.051    -420.731           0.000       0.000              35               0
   48       -1081.930     502.897            -nan        -nan              48               0
  177         220.173    -623.750          -0.000      -0.000             177            -nan
  134        -659.050     364.495          -0.000      -0.000             134               0
  167       -1390.905   -2284.388          -0.000      -0.000             167               0
   52         695.095     553.654           0.000      -0.000              52               0
    0       -2149.361   -1049.378           0.000      -0.000              -0               0
   80        1275.841    1158.838          -4.348       7.676              80               0
  202         556.694    -464.883          78.991      42.221             202               0
  129        3037.975   -2274.950            -nan        -nan             129               0
  134        -267.968     -76.477            -nan        -nan             134            -nan
  121          22.555   -2333.745            -nan        -nan             121            -nan
   24       -1773.274    -855.807            -nan        -nan              24            -nan
   63        -128.666   -1154.148            -nan        -nan              63            -nan
  164       -1669.917    -270.678            -nan        -nan             164            -nan
  238        -646.932     360.205     -384014533638081808964885154417087605632625906278399612210922018855207586824161108442559565183144901032777431404070233472236877481133597343066939446674231094927733778675150064259046903891311513476669251066305009680384.000      -0.106             238            -nan
   62        -263.114    -741.127      -28230.127   23511.013              62            -19269132100862152822652532851887494859872934004327689906945640988600063823866407547428926740966544434388635481239881018721634736115692087096577932372642297638117835700824826120735729036844997618999689630900551680
   26        -728.351    -727.813            -nan        -nan              26              -1
  133        -574.015     621.101            -nan        -nan             133            -nan
  174        -448.070    1346.155           0.000      -0.000             174            -nan
    8         -61.203     -12.456          -0.000      -0.000               8               0
   76        -289.020     940.942            -nan        -nan              76              -0
   48        -390.074    -515.229     -34561308027427378881300526991942755742070461164185917437556018424966368111319275219631562842663534515238716480511071537314504008864890007990761203055144280714925562603939467042673408694501682014515859666794782308433920.000      -0.000              48            -nan
  189        -898.409    1782.041           0.000      -0.000             189            -1734221889077593623224430568206293228508891781750739224286459929143295414581368806060585812479790973197445067219916517231714826156313441426625472142261248501530299853998909145305024310058533136933803226686426185728
  177         421.245     634.170           0.000       4.416             177               0
  235         -35.645    1010.264            -nan        -nan             235               0
  208        1752.666     -63.705            -nan        -nan             208            -nan
   49        -342.397   -2602.657            -nan        -nan              49            -nan
  108        -562.011     110.974           0.000       0.000             108            -nan
   57        1733.532    -887.907            -nan        -nan              57               0
  184        -965.039      50.565           0.000       0.000             184            -nan
  143        -126.110    1013.243          -0.000      -0.000             143               0
  105          30.121    1165.822           0.000      -0.000             105              -0
  105        -509.969   -1123.161            -nan        -nan             105               0
   22        -250.687     616.985          -0.000       0.000              22            -nan
   17       -1376.558   -2923.778          -0.000      -0.000              17              -0
  158       -1181.845     209.615        -169.578     299.347             158              -0
   23       -1649.437    -672.222            -nan        -nan              23              -0
   97        1272.905     734.370         585.000      -4.123              97            -nan
  105        1101.956   -1030.750           0.000       0.000             105               0
  152        -958.882   -1399.760           0.000       0.000             152               0
  232         -63.790    1137.721            -nan        -nan             232               0
  227       -1456.030   -1998.026           0.000       0.000             227            -nan
  177        1069.176     728.779           0.000       0.000             177               0
   39       -1297.368     814.348           0.000       0.000              39               0
  135         -83.425    1455.130           0.000       0.000             135               0
  159       -1198.260    2449.135           0.000       0.000             159               0
  101        -742.497     622.692           0.000       0.000             101               0
  161         955.348   -1788.421           0.000       0.000             161               0
   37        -157.893     152.753           0.000       0.000              37               0
   19        -173.488   -1178.070           0.000       0.000              19               0
  170        2229.760     -95.708           0.000       0.000             170               0
  113        1458.590     -35.334           0.000       0.000             113               0
   68           5.851    1328.216           0.000       0.000              68               0
  103       -1348.164     807.188           0.000       0.000             103               0
   34        -159.192     131.393           0.000       0.000              34               0
   47         222.824    -949.158           0.000       0.000              47               0
   56        -247.771    1081.206            -nan        -nan              56               0
   83         830.394   -1472.338            -nan        -nan              83            -nan
  156        -858.379    1571.056     142591054325116346836883404920403030254978792440219993879543238469923346620734140233233020604420619809742678008443093469660255281190911830183698374182578679216445215808648189135632148276331218312112898243616432979968.000 356559887356563477284523171681253162199848550570086664036241115897630830243839782489416802793978978699971958588541440098907052644998007792216345353797974522417846528641586139486802161868330602133452339295016697462784.000             156            -nan
  113         537.416      75.680            -nan        -nan             113            7373970338904477076444391886520581281061955886102097308375048985501137581739508780010954576930624170325519807236393687623803491902850355339409268486717104803829969814716142347368269159882121074405176414362927104
   12       -1387.512   -1090.631          -0.000      -0.000              12            -nan
   44        -200.325     896.689            -nan        -nan              44              -0
  219       -1917.356   -2620.730          -0.000      -0.000             219            -nan
  118       -1829.137   -1419.223            -nan        -nan             118              -0
   66         723.439    -782.763           0.000       0.000              66            -nan
  236       -2056.185    -149.305            -nan        -nan             236               0
   20         727.348   -1832.636          -0.000       0.000              20            -nan
   89        -382.592    1284.369           0.000       0.000              89               0
   78         704.711    1348.125          -0.000       0.000              78               0
  125          66.855      24.533            -nan        -nan             125               0
  242        -974.561   -1220.120          -0.000      -0.000             242            -nan
   54        -184.301    -430.190            -nan        -nan              54              -0
   96        -107.253     410.563           0.000       0.000              96            -nan
  164          87.344    -166.911            -nan        -nan             164               0
   94       -2215.173    1243.868            -nan        -nan              94            -nan
  232        1547.628     505.645            -nan        -nan             232            -nan
   67        -345.718   -2018.370       -3242.816       0.000              67            -nan
  196        -252.878    1713.911     -11889308373154092414828572459172373841933966089287750702399517009608964388139949878968892356481374537986411419599447636541677649058311008810087887067194929690190130476910436050569592595741962139694991064224307749425247424136851357155074871152799953935721365789838081628677427046134103481085530559437864960.000 1151771263234730450497671306611542838422395426244969179831034781127044630844149717329085062504875631858471648355550921734518899150521754333737096538102584345825271055659246767366366939044449164895719787835215396590614487387332461120335870227214970076333277227933255184383662992057342936439816922765197312.000             196              -0
  138       -2021.161    -154.129           0.000       0.000             138            -596583289334843281012930013723496259314752906307260236814532213593596854734505606505250206090413530712045513687333125434343446216101430400974688661853919286611785971200034549480354373971459919053794053369865706677448564275141311423115182730459108954889841510729362645620471634691600231546854607683584
  104         210.002      10.169      -11026.988      -0.000             104               0
  215        -570.256     870.615            -nan        -nan             215              -1
   52        -995.350     213.989            -nan        -nan              52            -nan
  218        -299.048     104.364            -nan        -nan             218            -nan
   28        -975.425    -994.642          -0.000      -0.000              28            -nan
  155         111.122    -242.644            -nan        -nan             155              -0
  253        -762.765   -1370.724            -nan        -nan             253            -nan
   76         731.581   -2639.302            -nan        -nan              76            -nan
  211        -572.123    1376.975          -0.000      -0.000             211            -nan
   81         354.144     661.301            -nan        -nan              81              -0
  232       -2523.053     995.073      -73037.031  258228.171             232            -nan
   69         536.724   -1087.757        -985.621    -342.517              69              13
   93        2344.509    -124.824       36586.509    3336.935              93              -0
   21        -126.603    2600.798            -nan        -nan              21               0
   32       -2288.069      27.616     -291853.475       0.000              32            -nan
  211        -156.933    -663.036     25321478250182854262719015155073422347359208803210685054229346912870377749099508548985470629478069843455877806396028118860594701146811298181632141114360313626328504283183247344968197760644533332302107949377951763529728.000 23522473334924434606428137090604589531130362108539701676351430926862660642593125467893025535185323503384815488287714280303782253942177509647760782054980348639042725679026912437086742888217537347168771047621603660660736.000             211             -15
   87         442.792      69.924           0.000      -0.000              87            1284973077539655754862050216722251911500906994661622249652998245385821051651224160601543651010067529586187529745850481257079706195684141229811865259113352241626851981810391964746023003243637302263495385667506012160
   13          89.401    1418.009          -0.000       0.000              13               0
  231       -3017.084    1594.213           0.000       0.000             231              -0
  177        -177.352     -92.367           0.000       0.000             177               0
   92        -738.869   -1081.387          -0.000       0.000              92               0
  101        4108.176   -2175.856           0.000      -0.000             101               0
  164         157.684   -1653.478         317.854    -131.659             164              -0
  147         222.983    1775.237        -468.061    -350.943             147              -0
  198         290.967   -1058.708           0.000      -0.000             198              -0
   72       -1834.153   -1146.663       -3505.772       0.000              72              -0
  241        -981.363     583.542           0.000       0.000             241              -0
  174        1513.515    -778.316           0.000       0.000             174               0
  139        -386.577   -2415.589           0.000       0.000             139               0
  181         103.057    1168.603           0.000       0.000             181               0
   56        -498.149   -1200.230           0.000       0.000              56               0
  244        2074.425     679.878           0.000       0.000             244               0
  141        -407.229     682.408           0.000       0.000             141               0
  109        2346.674   -1112.624           0.000       0.000             109               0
  206       -2450.250   -1139.587           0.000       0.000             206               0
  169        1072.544    2690.192           0.000       0.000             169               0
    8       -1707.387   -2015.982           0.000       0.000               8               0
  203        1121.595     -73.131           0.000       0.000             203               0
  245        1062.966    1105.169           0.000       0.000             245               0
  220        -422.457   -1626.199           0.000       0.000             220               0
   28        -328.769     604.046           0.000       0.000              28               0
  222        -630.464     953.418          -0.000      -0.000             222               0
   33       -1424.521     -12.780          -0.000      -0.000              33              -0
  122         845.531    1074.168           0.000       0.000             122              -0
  243         427.025     627.216           0.000       0.000             243               0
   66        -700.511     -10.642           0.000       0.000              66               0
   77        -429.739     669.634          -6.081      -2.297              77               0
   75        -660.854    -775.302           0.000      -0.000              75              -0
   80         356.679     719.392           0.000       0.000              80              -0
   52        1004.702    1129.854           0.000       0.000              52               0
  252       -1710.346    -732.075          -0.000      -0.000             252               0
  173         267.609     553.094          -0.000      -0.000             173              -0
  154        -348.194     260.674          -0.000      -0.000             154              -0
  161        -509.041    -118.449           0.000      -0.000             161              -0
   64          61.632     -18.365           0.000      -0.000              64              -0
   96        -994.056    2053.870          -0.488       1.850              96              -0
  233       -2139.843   -1023.682          37.786       9.465             233               0
   50         615.826   -2040.616           0.000      -0.000              50               0
   15         144.141    -213.698            -nan        -nan              15              -0
  117        -811.495    -521.129            -nan        -nan             117            -nan
  231         165.179    1269.779            -nan        -nan             231            -nan
   72        1621.840    -545.519           0.000       0.000              72            -nan
  106        -918.341    1239.015            -nan        -nan             106               0
  117         105.598    1135.838           6.500      -0.046             117            -nan
  181        -998.217     731.188          -0.000       0.000             181               0
   57        1050.550    1371.607          -0.000       0.000              57              -0
   31         -35.788     381.999            -nan        -nan              31              -0
  190       -1042.751    2084.139           0.000       0.000             190            -nan
    4        -258.143    -646.579           0.000       0.000               4               0
   21        1035.069     676.354           0.000       0.000              21               0
  155         216.707     615.426           0.000       0.000             155               0
   33        -321.464    -841.849           0.000       0.000              33               0
  243        -382.018    -121.335           0.000       0.957             243               0
  189         527.203     509.879         -38.988       0.000             189               0
  156        -652.369    1587.693            -nan        -nan             156              -0
  231        -987.064     590.661            -nan        -nan             231            -nan
    0        1373.000       0.008           0.000       0.000              -0               0
  233        -987.000    -591.402           0.000       0.000             233               0
   50        -651.727   -1588.089           0.000       0.000              50               0
   80         527.434    -509.666           0.000       0.000              80               0
   30        -382.072     121.220           0.000       0.000              30               0
   47        -321.653     841.541           0.000       0.000              47               0
  253         217.036    -615.646           0.000       0.000             253               0
  184        1035.226    -676.144           0.000       0.000             184               0
  208        -258.565     646.197           0.000       0.000             208               0
   62       -1042.063   -2084.733           0.000       0.000              62               0
   25         -35.517    -382.074           0.000       0.000              25               0
  186        1050.935   -1371.306           0.000       0.000             186               0
  112        -998.074    -731.485           0.000       0.000             112               0
   41         105.990   -1135.724           0.000       0.000              41               0
   48        -917.793   -1239.050           0.000       0.000              48               0
   88        1621.696     546.264           0.000       0.000              88               0
  114         165.346   -1269.503           0.000       0.000             114               0
  154        -811.801     521.184           0.000       0.000             154               0
  205         144.018     214.018           0.000       0.000             205               0
   39         614.840    2040.860           0.000       0.000              39               0
  211       -2140.388    1022.565           0.000       0.000             211               0
  236        -993.220   -2054.396           0.000       0.000             236               0
  230          61.731      18.488           0.000       0.000             230               0
  216        -509.041     118.262           0.000       0.000             216               0
    2        -348.017    -260.843           0.000       0.000               2               0
  130         267.770    -552.962           0.000       0.000             130               0
  250       -1710.451     731.436           0.000       0.000             250               0
  246        1005.290   -1129.613           0.000       0.000             246               0
   63         356.838    -719.124           0.000       0.000              63               0
  150        -661.179     775.121           0.000       0.000             150               0
  221        -429.479    -669.828           0.000       0.000             221               0
   63        -700.370      10.391           0.000       0.000              63               0
  127         427.387    -627.121           0.000       0.000             127               0
   16         845.766   -1073.778           0.000       0.000              16               0
  144       -1424.624      12.433           0.000       0.000             144               0
  157        -629.998    -953.479           0.000       0.000             157               0
   63        -328.384    -603.793           0.000       0.000              63               0
  141        -422.729    1626.199           0.000       0.000             141               0
   86        1063.534   -1104.759           0.000       0.000              86               0
   16        1121.416      73.807           0.000       0.000              16               0
  204       -1708.079    2015.330           0.000       0.000             204               0
  112        1073.476   -2689.775           0.000       0.000             112               0
  202       -2450.390    1139.143           0.000       0.000             202               0
   60        2346.599    1113.401           0.000       0.000              60               0
  153        -406.931    -682.580           0.000       0.000             153               0
  250        2074.602    -678.939           0.000       0.000             250               0
  148        -498.768    1200.227           0.000       0.000             148               0
   11         103.374   -1168.299           0.000       0.000              11               0
  149        -387.367    2415.695           0.000       0.000             149               0
   97        1513.090     778.668           0.000       0.000              97               0
   51        -981.486    -583.852           0.000       0.000              51               0
  104       -1834.444    1146.135           0.000       0.000             104               0
   78         290.879    1058.608           0.000       0.000              78               0
   26         223.748   -1775.088           0.000       0.000              26               0
   64         157.428    1653.821           0.000       0.000              64               0
   80        4107.219    2177.088           0.000       0.000              80               0
  156        -739.880    1080.687           0.000       0.000             156               0
   58        -177.880      91.759           0.000       0.000              58               0
   70       -3016.675   -1595.579           0.000       0.000              70               0
  219          90.077   -1417.966           0.000       0.000             219               0
  208         442.766     -69.645           0.000       0.000             208               0
   36        -157.388     662.924           0.000       0.000              36               0
   26       -2288.005     -28.669           0.000       0.000              26               0
   79        -125.326   -2600.806           0.000       0.000              79               0
   52        2344.489     125.952           0.000       0.000              52               0
  171         535.887    1087.958           0.000       0.000             171               0
  237       -2522.879    -995.971           0.000       0.000             237               0
  116         354.458    -661.032           0.000       0.000             116               0
   56        -571.648   -1376.675           0.000       0.000              56               0
   68         730.620    2639.935           0.000       0.000              68               0
  133        -763.367    1370.362           0.000       0.000             133               0
    5         110.913     242.551           0.000       0.000               5               0
  180        -975.879     994.137           0.000       0.000             180               0
   80        -299.083    -104.718           0.000       0.000              80               0
   65        -995.318    -214.517           0.000       0.000              65               0
   77        -569.907    -870.865           0.000       0.000              77               0
   75         209.913     -10.070           0.000       0.000              75               0
  213       -2021.192     153.362           0.000       0.000             213               0
   88        -252.072   -1713.840           0.000       0.000              88               0
  224        -346.179    2018.338           0.000       0.000             224               0
   55        1547.701    -505.355           0.000       0.000              55               0
  140       -2214.837   -1244.561           0.000       0.000             140               0
   72          87.472     167.094           0.000       0.000              72               0
  134        -107.066    -410.443           0.000       0.000             134               0
  166        -184.452     430.327           0.000       0.000             166               0
  137        -974.874    1219.769           0.000       0.000             137               0
  215          67.050     -24.719           0.000       0.000             215               0
   66         705.166   -1347.905           0.000       0.000              66               0
  195        -382.227   -1284.091           0.000       0.000             195               0
   30         726.529    1833.211           0.000       0.000              30               0
   30       -2056.334     148.737           0.000       0.000              30               0
  148         723.110     783.209           0.000       0.000             148               0
   66       -1829.780    1418.733           0.000       0.000              66               0
   57       -1918.031    2619.796           0.000       0.000              57               0
  228        -199.769    -897.092           0.000       0.000             228               0
  119       -1387.573    1089.961           0.000       0.000             119               0
  228         537.737     -75.864           0.000       0.000             228               0
  210        -857.591   -1571.393           0.000       0.000             210               0
  236         830.136    1472.556           0.000       0.000             236               0
   29        -247.295   -1081.421           0.000       0.000              29               0
   22         222.618     949.148           0.000       0.000              22               0
  113        -159.111    -131.717           0.000       0.000             113               0
   34       -1347.655    -807.830           0.000       0.000              34               0
  202           6.776   -1328.157           0.000       0.000             202               0
  193        1458.933      36.004           0.000       0.000             193               0
   99        2229.645      96.602           0.000       0.000              99               0
   23        -174.134    1178.001           0.000       0.000              23               0
   12        -157.906    -152.879           0.000       0.000              12               0
   57         954.564    1788.462           0.000       0.000              57               0
  112        -742.566    -623.492           0.000       0.000             112               0
  236       -1197.482   -2449.744           0.000       0.000             236               0
  112         -82.930   -1454.984           0.000       0.000             112               0
  253       -1296.980    -814.490           0.000       0.000             253               0
   53        1069.447    -727.974           0.000       0.000              53               0
  247       -1456.727    1997.740           0.000       0.000             247               0
  163         -63.287   -1137.613           0.000       0.000             163               0
  190        -959.140    1399.668           0.000       0.000             190               0
  206        1101.795    1031.029           0.000       0.000             206               0
  230        1272.890    -733.952           0.000       0.000             230               0
  130       -1649.944     671.775           0.000       0.000             130               0
  236       -1181.766    -209.822           0.000       0.000             236               0
    4       -1377.344    2923.227           0.000       0.000               4               0
   23        -250.226    -617.370           0.000       0.000              23               0
   47        -510.115    1122.721           0.000       0.000              47            -nan
   61          30.726   -1166.098           0.000       0.000              61               0
  251        -125.625   -1013.244           0.000       0.000             251               0
  166        -964.700     -50.704           0.000       0.000             166               0
   33        1733.427     888.554           0.000       0.000              33            -nan
  205        -561.966    -111.077           0.000       0.000             205               0
  146        -343.012    2602.372           0.000       0.000             146               0
   62        1752.725      63.762           0.000       0.000              62               0
  228         -35.438   -1010.628           0.000       0.000             228               0
    4         421.303    -634.249           0.000       0.000               4               0
   96        -897.931   -1782.323           0.000       0.000              96               0
  174        -390.225     515.159           0.000       0.000             174               0
  197        -288.674    -941.054           0.000       0.000             197               0
  196         -61.218      12.445           0.000       0.000             196               0
  198        -447.659   -1346.216           0.000       0.000             198               0
  209        -573.813    -620.953           0.000       0.000             209               0
  253        -728.538     727.867           0.000       0.000             253               0
   54        -263.312     741.129           0.000       0.000              54               0
  190        -646.823    -360.302           0.000       0.000             190               0
  109       -1669.838     270.389           0.000       0.000             109               0
   51        -128.825    1154.311           0.000       0.000              51               0
  243       -1773.219     855.361           0.000       0.000             243               0
  100          22.294    2333.669           0.000       0.000             100               0
  215        -267.400      76.236           0.000       0.000             215               0
  178        3037.494    2275.726           0.000       0.000             178               0
   51         556.419     464.552           0.000       0.000              51               0
  189        1275.933   -1158.646           0.000       0.000             189               0
   52       -2149.843    1048.519           0.000       0.000              52               0
   31         695.308    -553.529           0.000       0.000              31               0
  193       -1391.688    2283.663           0.000       0.000             193               0
   76        -658.719    -365.180           0.000       0.000              76               0
   78         220.092     623.406           0.000       0.000              78               0
  255       -1081.610    -503.700           0.000       0.000             255               0
   71        -369.874     420.093           0.000       0.000              71               0
  245         -68.737   -1417.990           0.000       0.000             245               0
   32        1690.811   -2125.010           0.000       0.000              32               0
   21         636.610   -1654.497           0.000       0.000              21               0
  136        -857.351    1058.586           0.000       0.000             136               0
   95       -1349.967   -1207.953           0.000       0.000              95               0
  249        2360.319     -32.929           0.000       0.000             249               0
  140       -1475.636   -2671.783           0.000       0.000             140               0
  192       -2468.080     452.122           0.000       0.000             192               0
  168         -69.769     407.596           0.000       0.000             168               0
   81         628.918    -475.618           0.000       0.000              81               0
  132         -68.763   -2133.186           0.000       0.000             132               0
  110       -1410.549    -530.721           0.000       0.000             110               0
   35         953.427    -251.688           0.000       0.000              35               0
  129        -281.384    -256.492           0.000       0.000             129               0
  165        -990.529     723.745           0.000       0.000             165               0
  225         732.370   -2103.867           0.000       0.000             225               0
  239        -195.889    -982.879           0.000       0.000             239               0
  217        -759.355   -1499.961           0.000       0.000             217               0
  213        1202.904   -1253.289           0.000       0.000             213               0
   84         451.858     938.263           0.000       0.000              84               0
  176       -2187.310   -1606.199           0.000       0.000             176               0
  135         389.142    -278.407           0.000       0.000             135               0
  135       -1393.573     105.901           0.000       0.000             135               0
  110       -1938.993     987.363           0.000       0.000             110               0
  188        1073.683    -226.788           0.000       0.000             188               0
  167        1996.851    -250.088           0.000       0.000             167               0
   48        1245.728    -201.581           0.000       0.000              48               0
    8         617.010    -233.263           0.000       0.000               8               0
  246        1416.478     385.058           0.000       0.000             246               0
   47        2892.345     226.930           0.000       0.000              47               0
   80        -191.294    1501.495           0.000       0.000              80               0
  235         255.305   -1767.568           0.000       0.000             235               0
   80        1697.872    1395.721           0.000       0.000              80               0
  102         693.420     744.682           0.000       0.000             102               0
  116         143.561    -791.986           0.000       0.000             116               0
  175        -680.222   -1130.869           0.000       0.000             175               0
   96         -13.766    1189.952           0.000       0.000              96               0
    1         602.510    -279.935           0.000       0.000               1               0
  111         686.492   -1346.936           0.000       0.000             111               0
    8        1118.535     786.949           0.000       0.000               8               0
   82       -2015.791    1732.893           0.000       0.000              82               0
  243       -1939.563   -1006.807           0.000       0.000             243               0
  119         317.391   -2467.952           0.000       0.000             119               0
  118        -104.871   -1810.867           0.000       0.000             118               0
  117        1142.672     177.476           0.000       0.000             117               0
   29        1339.588     -37.933           0.000       0.000              29               0
   88       -1410.231     376.459           0.000       0.000              88               0
  100         167.434   -1905.599           0.000       0.000             100               0
  246        1680.077    1882.703           0.000       0.000             246               0
   45        -859.695     676.733           0.000       0.000              45               0
  184        -542.992     744.597           0.000       0.000             184               0
  167        -799.197    -605.330           0.000       0.000             167               0
  181        -608.575    2153.495           0.000       0.000             181               0
   64        -985.171   -1581.608           0.000       0.000              64               0
   22       -1187.186     806.696           0.000       0.000              22               0
  113        1173.983   -1461.594           0.000       0.000             113               0
  231        -111.269     811.518           0.000       0.000             231               0
   70        -791.534    -584.222           0.000       0.000              70               0
  122         526.328     412.492           0.000       0.000             122               0
  221         815.579   -2228.994           0.000       0.000             221               0
  118        1026.595   -1580.429           0.000       0.000             118               0
  203         526.356    -288.653           0.000       0.000             203               0
  201         131.520    -533.613           0.000       0.000             201               0
  198        1052.310    -327.845           0.000       0.000             198               0
   49        -318.851    -386.475           0.000       0.000              49               0
   61       -2211.998    -705.464           0.000       0.000              61               0
  118         560.533    -217.841           0.000       0.000             118            -nan
  146         656.618    -528.028           0.000       0.000             146               0
   62        -459.976    1332.748           0.000       0.000              62               0
  230        -456.449     393.534           0.000       0.000             230            -nan
  154        2373.319    1630.392           0.000       0.000             154               0
  145         923.006    1110.894           0.000       0.000             145               0
  218        -855.419   -2521.540           0.000       0.000             218               0
   18        1482.047     741.407           0.000       0.000              18               0
    8         450.955     292.519           0.000       0.000               8               0
   79         166.100    -651.003           0.000       0.000              79               0
   47       -2643.535   -1142.647           0.000       0.000              47               0
   96         718.068    -765.646           0.000       0.000              96               0
  180       -1947.853     555.851           0.000       0.000             180               0
   37       -1568.592     -75.190           0.000       0.000              37               0
  142       -1339.147    -156.442           0.000       0.000             142               0
  109        1207.401     805.076           0.000       0.000             109               0
  205         509.152     327.456           0.000       0.000             205               0
   67       -1603.504   -1160.478           0.000       0.000              67               0
  173        -204.471    -194.252           0.000       0.000             173               0
  227         809.078   -1932.351           0.000       0.000             227               0
  181         542.183    -149.389           0.000       0.000             181               0
  148        1968.483    -145.951           0.000       0.000             148               0
   41         462.722    -834.950           0.000       0.000              41               0
   48       -2422.280    -325.627           0.000       0.000              48               0
  114       -1158.260     -84.881           0.000       0.000             114               0
  159       -1373.444    1403.711           0.000       0.000             159               0
  251         453.009    -704.522           0.000       0.000             251               0
   59        -167.016    1375.726           0.000       0.000              59               0
  102        1360.450   -1536.662           0.000       0.000             102               0
   44         304.354    -776.052           0.000       0.000              44               0
  121       -1277.291    1343.378           0.000       0.000             121               0
  220        -654.438   -1714.770           0.000       0.000             220               0
  190        -699.797   -1394.588           0.000       0.000             190               0
