SINAL     NFT                         FFT                         NFT INVERSA     FFT INVERSA
-----     -----------------------     -----------------------     -----------     -----------
  208       66272.000       0.000       66272.000       0.000             208             208
   83        1346.178    1649.607        1346.178    1649.607              83              83
   40        -568.101    -817.857        -568.101    -817.857              40              40
    5         709.573     824.715         709.573     824.715               5               5
   64        1650.986    1291.187        1650.986    1291.187              64              64
  178       -1859.093    -370.814       -1859.093    -370.814             178             178
  140         817.440   -1525.817         817.440   -1525.817             140             140
   98       -1054.751    2687.675       -1054.751    2687.675              98              98
  247        1103.115   -2126.117        1103.115   -2126.117             247             247
  190       -1206.523   -1034.760       -1206.523   -1034.760             190             190
  208         110.471     909.216         110.471     909.216             208             208
   88        2268.497   -1955.167        2268.497   -1955.167              88              88
  183         836.179    -758.931         836.179    -758.931             183             183
  100         419.305    1055.687         419.305    1055.687             100             100
  150        -289.854     265.660        -289.854     265.660             150             150
  237        -725.132    -271.883        -725.132    -271.883             237             237
   78          30.157    -461.034          30.157    -461.034              78              78
  142       -1351.702     610.768       -1351.702     610.768             142             142
  132        1197.386    -993.678        1197.386    -993.678             132             132
  249        -807.781    -827.305        -807.781    -827.305             249             249
  129        1386.787     248.068        1386.787     248.068             129             129
   22        -567.898    2475.531        -567.898    2475.531              22              22
   61        1462.675     403.740        1462.675     403.740              61              61
  213        -729.727    1021.019        -729.727    1021.019             213             213
  112         689.338    1720.562         689.338    1720.562             112             112
   53       -1306.761    1316.565       -1306.761    1316.565              53              53
  118       -1230.455     704.379       -1230.455     704.379             118             118
  148       -2112.442    1439.584       -2112.442    1439.584             148             148
  230        -146.381     462.655        -146.381     462.655             230             230
   35        -915.577     -48.746        -915.577     -48.746              35              35
    4       -1189.439     465.563       -1189.439     465.563               4               4
  182          45.603   -1050.127          45.603   -1050.127             182             182
  118        -730.811    -385.667        -730.811    -385.667             118             118
   45        2462.788     167.758        2462.788     167.758              45              45
  188       -1141.279    -838.992       -1141.279    -838.992             188             188
  183         638.420     682.813         638.420     682.813             183             183
  223       -1360.698     454.649       -1360.698     454.649             223             223
   73        1306.981     795.619        1306.981     795.619              73              73
   25        -140.774     741.499        -140.774     741.499              25              25
  215        1336.586    -690.787        1336.586    -690.787             215             215
    7        -659.781    3138.724        -659.781    3138.724               7               7
  234        -471.800    -123.728        -471.800    -123.728             234             234
   47       -1433.808     -95.806       -1433.808     -95.806              47              47
  191        1106.111    1831.649        1106.111    1831.649             191             191
   79        1027.609   -1111.297        1027.609   -1111.297              79              79
  198       -1766.519     244.047       -1766.519     244.047             198             198
  173         185.915     598.426         185.915     598.426             173             173
  157         333.478     369.624         333.478     369.624             157             157
   84        2021.380     120.826        2021.380     120.826              84              84
   49        -676.006     798.099        -676.006     798.099              49              49
  150        1156.805     736.676        1156.805     736.676             150             150
  214         275.595    1415.563         275.595    1415.563             214             214
   71        -769.178   -1530.362        -769.178   -1530.362              71              71
  212         910.892    2201.809         910.892    2201.809             212             212
  171        -646.782    1147.167        -646.782    1147.167             171             171
  183         719.837    3516.239         719.837    3516.239             183             183
    9        -339.968     -43.825        -339.968     -43.825               9               9
   34         868.308    2206.055         868.308    2206.055              34              34
   76        1508.772    1309.913        1508.772    1309.913              76              76
  240        1543.748    -546.622        1543.748    -546.622             240             240
   70       -1502.309   -1034.242       -1502.309   -1034.242              70              70
   80        -652.432    -213.206        -652.432    -213.206              80              80
  167        1680.129    2019.817        1680.129    2019.817             167             167
  189         240.626    -512.304         240.626    -512.304             189             189
  126         714.031   -1331.732         714.031   -1331.732             126             126
  100       -1278.752    1696.849       -1278.752    1696.849             100             100
  116        -442.763    1325.483        -442.763    1325.483             116             116
   93        -410.042    2591.519        -410.042    2591.519              93              93
  173          62.261    -496.532          62.261    -496.532             173             173
  142        -175.015    -526.713        -175.015    -526.713             142             142
   52         924.794    1062.649         924.794    1062.649              52              52
  181       -1938.340     286.557       -1938.340     286.557             181             181
  121       -1585.139    1352.101       -1585.139    1352.101             121             121
  100         171.835     -38.050         171.835     -38.050             100             100
  117       -2234.102    -140.817       -2234.102    -140.817             117             117
  200        1125.415    -555.230        1125.415    -555.230             200             200
   42         257.319    -275.140         257.319    -275.140              42              42
   34         652.956     -92.407         652.956     -92.407              34              34
  101       -1406.851    -514.522       -1406.851    -514.522             101             101
  126         829.995    -775.472         829.995    -775.472             126             126
   83         578.978    -322.414         578.978    -322.414              83              83
  252       -1644.657    -442.803       -1644.657    -442.803             252             252
   85        -480.905    -344.931        -480.905    -344.931              85              85
  155       -1096.528   -1344.096       -1096.528   -1344.096             155             155
  209        1406.787    -172.245        1406.787    -172.245             209             209
    1        1469.248     567.339        1469.248     567.339               1               1
   83         -80.892     352.518         -80.892     352.518              83              83
  219       -1408.959     258.715       -1408.959     258.715             219             219
   35        1153.827     772.765        1153.827     772.765              35              35
  160        -115.125    -572.427        -115.125    -572.427             160             160
  203        1037.868   -1077.888        1037.868   -1077.888             203             203
  106        1158.377   -2209.324        1158.377   -2209.324             106             106
  240        -874.044    1541.054        -874.044    1541.054             240             240
  115        -462.893    -679.514        -462.893    -679.514             115             115
   39        -165.282     755.008        -165.282     755.008              39              39
  111         971.586      71.710         971.586      71.710             111             111
  215         721.122    -177.849         721.122    -177.849             215             215
  155       -1047.620     375.385       -1047.620     375.385             155             155
  205         152.005     575.487         152.005     575.487             205             205
  133         131.362     155.196         131.362     155.196             133             133
   41         611.004    1589.001         611.004    1589.001              41              41
    2        -131.748   -1095.130        -131.748   -1095.130               2               2
   58         493.615    -570.189         493.615    -570.189              58              58
  162         240.364    3556.197         240.364    3556.197             162             162
  102        1530.117     859.151        1530.117     859.151             102             102
  176         247.295    -971.043         247.295    -971.043             176             176
  107        -339.579     743.776        -339.579     743.776             107             107
  144       -1466.849     201.732       -1466.849     201.732             144             144
  210        1524.332    1724.943        1524.332    1724.943             210             210
  209       -1130.999     207.178       -1130.999     207.178             209             209
   15       -2676.342    -724.170       -2676.342    -724.170              15              15
   38        2807.716     308.329        2807.716     308.329              38              38
  206        1208.653     714.116        1208.653     714.116             206             206
  101         472.009   -1002.384         472.009   -1002.384             101             101
  193        -102.290    -970.007        -102.290    -970.007             193             193
  159         783.709   -3050.792         783.709   -3050.792             159             159
  102        2102.333    -553.097        2102.333    -553.097             102             102
   21        -536.994    -577.658        -536.994    -577.658              21              21
  122       -1378.102    -734.687       -1378.102    -734.687             122             122
  137        -589.312    -854.816        -589.312    -854.816             137             137
  181       -1801.385      32.203       -1801.385      32.203             181             181
   70         618.237   -1535.581         618.237   -1535.581              70              70
  244         312.088    -366.654         312.088    -366.654             244             244
  166        1285.161     838.191        1285.161     838.191             166             166
  186        -583.201    -266.881        -583.201    -266.881             186             186
   27         480.965    -303.989         480.965    -303.989              27              27
   21       -2691.205    1498.312       -2691.205    1498.312              21              21
  145       -2125.408    2646.852       -2125.408    2646.852             145             145
  182        -875.844    -146.225        -875.844    -146.225             182             182
  226         977.144    -257.009         977.144    -257.009             226             226
   22         616.684    -969.908         616.684    -969.908              22              22
  224        2570.750   -1241.659        2570.750   -1241.659             224             224
  228        1029.425     237.665        1029.425     237.665             228             228
   81        2777.550    -690.299        2777.550    -690.299              81              81
  131        -823.164      19.832        -823.164      19.832             131             131
   75       -1351.606   -1068.113       -1351.606   -1068.113              75              75
    1         -30.708   -1898.969         -30.708   -1898.969               1               1
  238         -37.207   -1342.612         -37.207   -1342.612             238             238
  220         775.022     120.768         775.022     120.768             220             220
  212        -974.176    -866.142        -974.176    -866.142             212             212
  191       -1180.742     -66.919       -1180.742     -66.919             191             191
  236         337.526     218.689         337.526     218.689             236             236
  250         477.698    -460.708         477.698    -460.708             250             250
  141       -1254.406   -1745.954       -1254.406   -1745.954             141             141
   81         524.886     536.434         524.886     536.434              81              81
  188        1726.622     516.418        1726.622     516.418             188             188
   45       -1386.036     703.173       -1386.036     703.173              45              45
  183       -2367.178     824.393       -2367.178     824.393             183             183
  209        -983.496   -1872.043        -983.496   -1872.043             209             209
  168         342.662   -1733.098         342.662   -1733.098             168             168
   65        1144.400    -189.803        1144.400    -189.803              65              65
  135        -683.086    1207.335        -683.086    1207.335             135             135
  239       -1598.478   -1658.649       -1598.478   -1658.649             239             239
   53         -60.702   -2699.163         -60.702   -2699.163              53              53
   45        -712.396    -711.000        -712.396    -711.000              45              45
  169        1324.419    1958.466        1324.419    1958.466             169             169
   80         644.172    -918.736         644.172    -918.736              80              80
   67          -7.320    -630.948          -7.320    -630.948              67              67
   59       -1141.958    1008.610       -1141.958    1008.610              59              59
    7        2253.070    1185.244        2253.070    1185.244               7               7
   38        -527.816   -1572.249        -527.816   -1572.249              38              38
   82        -431.728    -374.752        -431.728    -374.752              82              82
  231        1313.939    -490.725        1313.939    -490.725             231             231
   10       -1043.337     966.664       -1043.337     966.664              10              10
  164        1910.355    1154.036        1910.355    1154.036             164             164
  106        1537.782     -43.353        1537.782     -43.353             106             106
   86         449.016   -1316.979         449.016   -1316.979              86              86
  166        -439.910    -740.256        -439.910    -740.256             166             166
   88        -547.693     115.417        -547.693     115.417              88              88
   50        -552.781    1009.620        -552.781    1009.620              50              50
  122        -788.280    1043.376        -788.280    1043.376             122             122
   24        2063.723      97.623        2063.723      97.623              24              24
   30         556.707     297.550         556.707     297.550              30              30
  116        -557.741   -3048.425        -557.741   -3048.425             116             116
  165         885.169     582.417         885.169     582.417             165             165
  111         926.561    -154.881         926.561    -154.881             111             111
   48         716.855    1068.505         716.855    1068.505              48              48
  211         747.840     859.643         747.840     859.643             211             211
   39        1085.722    1148.763        1085.722    1148.763              39              39
    1         643.579    -121.076         643.579    -121.076               1               1
  123         -28.951    1609.665         -28.951    1609.665             123             123
  104       -1084.735     606.434       -1084.735     606.434             104             104
  137        -459.418     334.048        -459.418     334.048             137             137
  106        2791.861     -31.024        2791.861     -31.024             106             106
  158        1326.276   -1708.982        1326.276   -1708.982             158             158
  182        -157.888    -662.790        -157.888    -662.790             182             182
   20         115.983     820.333         115.983     820.333              20              20
  238        -738.841     460.348        -738.841     460.348             238             238
  249        -486.011    1186.638        -486.011    1186.638             249             249
   79        -584.529   -1577.075        -584.529   -1577.075              79              79
  245         540.133     179.765         540.133     179.765             245             245
   32        -443.617     477.041        -443.617     477.041              32              32
  162        -884.013    -373.815        -884.013    -373.815             162             162
  220        -927.822    1980.185        -927.822    1980.185             220             220
   43        2090.025    2161.671        2090.025    2161.671              43              43
   70       -3113.716    1474.659       -3113.716    1474.659              70              70
   71        -655.222   -1127.681        -655.222   -1127.681              71              71
  129        -194.526    -354.861        -194.526    -354.861             129             129
  236        -394.094    -395.304        -394.094    -395.304             236             236
  159        1504.305     269.975        1504.305     269.975             159             159
  179        1139.897    -405.818        1139.897    -405.818             179             179
  102       -1261.631    2074.482       -1261.631    2074.482             102             102
  183        2058.022   -1274.118        2058.022   -1274.118             183             183
  210        -979.380   -3108.732        -979.380   -3108.732             210             210
  218         197.608    -340.513         197.608    -340.513             218             218
   93         165.718    1879.498         165.718    1879.498              93              93
   65           6.182   -2066.622           6.182   -2066.622              65              65
   11        -858.592    1503.307        -858.592    1503.307              11              11
   49        -355.711    -509.623        -355.711    -509.623              49              49
  104         374.753     329.919         374.753     329.919             104             104
   13         576.929     479.708         576.929     479.708              13              13
  172        -292.084   -1058.246        -292.084   -1058.246             172             172
  209        1632.255    -399.043        1632.255    -399.043             209             209
  150        -134.438     -52.144        -134.438     -52.144             150             150
   23        1703.892   -1365.000        1703.892   -1365.000              23              23
  111         686.769    -380.625         686.769    -380.625             111             111
   76         581.900   -1749.046         581.900   -1749.046              76              76
   43        -767.056    -608.167        -767.056    -608.167              43              43
   94         770.078    -378.916         770.078    -378.916              94              94
   70          46.582    -834.909          46.582    -834.909              70              70
  123       -1020.926    -840.187       -1020.926    -840.187             123             123
   83        1130.158     781.978        1130.158     781.978              83              83
  102        -711.484    1154.845        -711.484    1154.845             102             102
   29         626.379     300.596         626.379     300.596              29              29
   48          89.518     439.983          89.518     439.983              48              48
  145        -458.190    -802.470        -458.190    -802.470             145             145
   99         986.453    -761.224         986.453    -761.224              99              99
  119       -1751.418   -1360.371       -1751.418   -1360.371             119             119
   18         273.819   -1056.208         273.819   -1056.208              18              18
   80       -1069.542    -770.642       -1069.542    -770.642              80              80
   23         100.224    -396.201         100.224    -396.201              23              23
  198         408.036    -248.836         408.036    -248.836             198             198
  182       -1468.466     922.113       -1468.466     922.113             182             182
  207         786.694     778.243         786.694     778.243             207             207
  152        1122.651    2257.007        1122.651    2257.007             152             152
  145        -674.292     371.231        -674.292     371.231             145             145
   45       -1385.659      23.380       -1385.659      23.380              45              45
  218       -1204.726     115.606       -1204.726     115.606             218             218
  156        1708.370    -867.893        1708.370    -867.893             156             156
   94        1349.968    1208.696        1349.968    1208.696              94              94
   67         818.730    -331.944         818.730    -331.944              67              67
  169        -581.986   -2609.259        -581.986   -2609.259             169             169
   11        1658.061     177.522        1658.061     177.522              11              11
   21         190.102     429.455         190.102     429.455              21              21
   63        1091.806   -1210.188        1091.806   -1210.188              63              63
   34       -1394.825     808.690       -1394.825     808.690              34              34
  132         554.808     118.226         554.808     118.226             132             132
  140         974.908    -307.362         974.908    -307.362             140             140
   78        1147.298     351.713        1147.298     351.713              78              78
  227         564.462     419.951         564.462     419.951             227             227
  210        1315.648    2497.799        1315.648    2497.799             210             210
  201        1256.764    -189.518        1256.764    -189.518             201             201
   54         582.991    1102.427         582.991    1102.427              54              54
   57       -1196.089   -1167.436       -1196.089   -1167.436              57              57
  231        -423.543   -3122.682        -423.543   -3122.682             231             231
  103         969.220    -426.068         969.220    -426.068             103             103
  203       -1284.000      -0.050       -1284.000      -0.050             203             203
   75         969.141     426.769         969.141     426.769              75              75
  223        -424.658    3122.534        -424.658    3122.534             223             223
  222       -1196.258    1166.498       -1196.258    1166.498             222             222
  155         583.747   -1102.652         583.747   -1102.652             155             155
  247        1256.928     189.588        1256.928     189.588             247             247
  164        1316.513   -2497.501        1316.513   -2497.501             164             164
   82         564.586    -419.591         564.586    -419.591              82              82
  198        1147.372    -351.185        1147.372    -351.185             198             198
   61         974.625     307.769         974.625     307.769              61              61
  227         554.553    -118.042         554.553    -118.042             227             227
  244       -1394.589    -808.996       -1394.589    -808.996             244             244
   24        1091.511    1210.654        1091.511    1210.654              24              24
  128         190.272    -429.390         190.272    -429.390             128             128
   82        1658.001    -176.720        1658.001    -176.720              82              82
   91        -582.989    2609.039        -582.989    2609.039              91              91
   41         818.654     331.810         818.654     331.810              41              41
   93        1350.243   -1208.391        1350.243   -1208.391              93              93
  113        1707.591     868.394        1707.591     868.394             113             113
  105       -1205.209    -116.227       -1205.209    -116.227             105             105
  128       -1385.782     -24.070       -1385.782     -24.070             128             128
  245        -674.030    -371.764        -674.030    -371.764             245             245
  245        1123.449   -2256.697        1123.449   -2256.697             245             245
  206         786.667    -777.765         786.667    -777.765             206             206
  217       -1468.314    -922.292       -1468.314    -922.292             217             217
  200         407.949     249.331         407.949     249.331             200             200
  152          99.916     396.519          99.916     396.519             152             152
   15       -1069.869     770.513       -1069.869     770.513              15              15
    2         273.413    1056.429         273.413    1056.429               2               2
  127       -1751.770    1359.744       -1751.770    1359.744             127             127
  119         986.365     761.385         986.365     761.385             119             119
  205        -458.425     802.043        -458.425     802.043             205             205
  203          89.789    -440.220          89.789    -440.220             203             203
   87         626.484    -300.555         626.484    -300.555              87              87
  171        -711.036   -1155.095        -711.036   -1155.095             171             171
  102        1130.425    -781.334        1130.425    -781.334             102             102
   78       -1021.219     840.118       -1021.219     840.118              78              78
   80          46.491     835.015          46.491     835.015              80              80
  185         770.004     379.236         770.004     379.236             185             185
   21        -767.150     608.031        -767.150     608.031              21              21
  142         581.556    1749.196         581.556    1749.196             142             142
  157         686.823     380.712         686.823     380.712             157             157
    9        1703.407    1365.369        1703.407    1365.369               9               9
  166        -134.520      51.845        -134.520      51.845             166             166
   29        1631.998     399.436        1631.998     399.436              29              29
   92        -292.640    1057.855        -292.640    1057.855              92              92
    2         576.970    -479.835         576.970    -479.835               2               2
   71         374.636    -329.933         374.636    -329.933              71              71
  186        -356.105     509.306        -356.105     509.306             186             186
  115        -858.133   -1503.598        -858.133   -1503.598             115             115
  177           5.552    2066.522           5.552    2066.522             177             177
   58         166.361   -1879.558         166.361   -1879.558              58              58
  105         197.441     340.889         197.441     340.889             105             105
  167        -980.283    3108.307        -980.283    3108.307             167             167
    9        2057.591    1274.136        2057.591    1274.136               9               9
   66       -1260.998   -2075.310       -1260.998   -2075.310              66              66
  111        1139.870     406.082        1139.870     406.082             111             111
  161        1504.144    -269.647        1504.144    -269.647             161             161
   82        -394.585     395.005        -394.585     395.005              82              82
  114        -194.921     354.546        -194.921     354.546             114             114
   33        -655.909    1126.942        -655.909    1126.942              33              33
  202       -3113.041   -1476.305       -3113.041   -1476.305             202             202
   63        2090.944   -2161.218        2090.944   -2161.218              63              63
  236        -927.310   -1980.339        -927.310   -1980.339             236             236
   33        -884.059     373.698        -884.059     373.698              33              33
  235        -443.258    -477.142        -443.258    -477.142             235             235
   83         540.286    -179.444         540.286    -179.444              83              83
  112        -585.031    1576.750        -585.031    1576.750             112             112
   60        -485.485   -1187.032        -485.485   -1187.032              60              60
   13        -738.429    -460.608        -738.429    -460.608              13              13
  133         116.583    -820.160         116.583    -820.160             133             133
  203        -157.716     662.925        -157.716     662.925             203             203
  170        1326.099    1709.279        1326.099    1709.279             170             170
  142        2791.758      31.590        2791.758      31.590             142             142
  114        -459.623    -334.516        -459.623    -334.516             114             114
  200       -1084.486    -607.081       -1084.486    -607.081             200             200
  235         -28.145   -1609.751         -28.145   -1609.751             235             235
  116         643.792     121.262         643.792     121.262             116             116
   15        1086.236   -1148.472        1086.236   -1148.472              15              15
  165         748.161    -859.323         748.161    -859.323             165             165
  232         717.228   -1068.045         717.228   -1068.045             232             232
  192         926.466     155.449         926.466     155.449             192             192
  223         885.188    -581.755         885.188    -581.755             223             223
   82        -558.835    3048.285        -558.835    3048.285              82              82
  103         556.906    -297.687         556.906    -297.687             103             103
  232        2063.532     -97.141        2063.532     -97.141             232             232
  149        -788.280   -1043.747        -788.280   -1043.747             149             149
  215        -552.538   -1009.670        -552.538   -1009.670             215             215
  138        -547.618    -115.338        -547.618    -115.338             138             138
  232        -439.965     740.295        -439.965     740.295             232             232
   74         448.854    1317.047         448.854    1317.047              74              74
  172        1537.899      43.597        1537.899      43.597             172             172
  178        1910.487   -1153.509        1910.487   -1153.509             178             178
  138       -1043.207    -966.830       -1043.207    -966.830             138             138
  153        1313.667     491.388        1313.667     491.388             153             153
  212        -432.057     374.738        -432.057     374.738             212             212
  117        -528.262    1571.932        -528.262    1571.932             117             117
  237        2253.316   -1184.686        2253.316   -1184.686             237             237
   68       -1141.893   -1008.815       -1141.893   -1008.815              68              68
  178          -7.519     631.171          -7.519     631.171             178             178
  250         643.837     918.895         643.837     918.895             250             250
  201        1324.783   -1957.852        1324.783   -1957.852             201             201
  126        -712.989     711.289        -712.989     711.289             126             126
  164         -61.886    2699.302         -61.886    2699.302             164             164
   88       -1599.168    1657.782       -1599.168    1657.782              88              88
  240        -682.526   -1207.745        -682.526   -1207.745             240             240
  108        1144.342     190.365        1144.342     190.365             108             108
   67         341.772    1733.257         341.772    1733.257              67              67
  101        -984.461    1871.339        -984.461    1871.339             101             101
  124       -2366.900    -825.605       -2366.900    -825.605             124             124
  233       -1385.349    -703.769       -1385.349    -703.769             233             233
   78        1727.080    -515.819        1727.080    -515.819              78              78
   61         524.928    -536.038         524.928    -536.038              61              61
  200       -1254.985    1745.634       -1254.985    1745.634             200             200
  160         477.659     460.707         477.659     460.707             160             160
  165         337.497    -218.644         337.497    -218.644             165             165
  177       -1180.806      66.596       -1180.806      66.596             177             177
   54        -974.220     865.841        -974.220     865.841              54              54
  124         775.269    -120.431         775.269    -120.431             124             124
   60         -37.610    1342.727         -37.610    1342.727              60              60
   30         -31.325    1898.822         -31.325    1898.822              30              30
  199       -1351.774    1067.306       -1351.774    1067.306             199             199
  232        -822.553     -20.397        -822.553     -20.397             232             232
  209        2777.738     690.988        2777.738     690.988             209             209
   81        1029.587    -237.487        1029.587    -237.487              81              81
  129        2570.177    1242.353        2570.177    1242.353             129             129
  165         615.958     969.720         615.958     969.720             165             165
  199         976.552     256.846         976.552     256.846             199             199
  110        -876.469     145.326        -876.469     145.326             110             110
  233       -2124.816   -2647.918       -2124.816   -2647.918             233             233
  121       -2690.462   -1499.064       -2690.462   -1499.064             121             121
  105         481.229     304.323         481.229     304.323             105             105
  179        -583.015     266.672        -583.015     266.672             179             179
  248        1285.618    -837.677        1285.618    -837.677             248             248
   13         311.917     366.995         311.917     366.995              13              13
   12         617.512    1535.807         617.512    1535.807              12              12
  232       -1801.474     -32.867       -1801.474     -32.867             232             232
  122        -589.458     854.622        -589.458     854.622             122             122
   80       -1378.058     734.155       -1378.058     734.155              80              80
   77        -536.614     577.415        -536.614     577.415              77              77
  247        2102.513     553.857        2102.513     553.857             247             247
   57         782.701    3050.840         782.701    3050.840              57              57
  156        -102.534     969.417        -102.534     969.417             156             156
   52         471.866    1001.914         471.866    1001.914              52              52
    2        1209.020    -714.271        1209.020    -714.271               2               2
   61        2807.401    -307.721        2807.401    -307.721              61              61
  217       -2676.979     722.858       -2676.979     722.858             217             217
  179       -1130.679    -208.135       -1130.679    -208.135             179             179
  115        1524.970   -1724.789        1524.970   -1724.789             115             115
   86       -1466.795    -202.411       -1466.795    -202.411              86              86
  240        -339.045    -744.052        -339.045    -744.052             240             240
  145         247.297     970.801         247.297     970.801             145             145
   29        1530.533    -859.207        1530.533    -859.207              29              29
  216         241.525   -3556.148         241.525   -3556.148             216             216
   98         493.402     570.629         493.402     570.629              98              98
  111        -132.101    1094.888        -132.101    1094.888             111             111
   89         611.549   -1589.000         611.549   -1589.000              89              89
    8         131.361    -155.171         131.361    -155.171               8               8
   54         152.121    -575.476         152.121    -575.476              54              54
  200       -1047.397    -375.703       -1047.397    -375.703             200             200
  242         721.262     178.085         721.262     178.085             242             242
  175         971.571     -71.470         971.571     -71.470             175             175
   49        -165.151    -755.037        -165.151    -755.037              49              49
  166        -463.130     679.347        -463.130     679.347             166             166
  168        -873.299   -1541.178        -873.299   -1541.178             168             168
   63        1157.879    2209.886        1157.879    2209.886              63              63
  179        1037.474    1077.992        1037.474    1077.992             179             179
  144        -115.358     572.011        -115.358     572.011             144             144
  186        1153.938    -772.672        1153.938    -772.672             186             186
    3       -1408.949    -259.328       -1408.949    -259.328               3               3
  222         -80.533    -352.649         -80.533    -352.649             222             222
  177        1469.529    -566.828        1469.529    -566.828             177             177
   61        1406.422     172.840        1406.422     172.840              61              61
  122       -1097.293    1343.686       -1097.293    1343.686             122             122
  230        -481.144     344.579        -481.144     344.579             230             230
   63       -1644.688     442.078       -1644.688     442.078              63              63
  183         579.100     322.439         579.100     322.439             183             183
  192         829.657     775.530         829.657     775.530             192             192
  243       -1407.006     513.733       -1407.006     513.733             243             243
   43         653.070      92.313         653.070      92.313              43              43
   23         257.222     274.940         257.222     274.940              23              23
  227        1124.957     555.242        1124.957     555.242             227             227
  188       -2234.317     139.622       -2234.317     139.622             188             188
   53         171.829      37.589         171.829      37.589              53              53
  188       -1584.713   -1353.029       -1584.713   -1353.029             188             188
   31       -1937.869    -287.481       -1937.869    -287.481              31              31
  164         925.528   -1062.535         925.528   -1062.535             164             164
   21        -175.035     526.440        -175.035     526.440              21              21
   40          62.232     495.983          62.232     495.983              40              40
  218        -409.052   -2592.098        -409.052   -2592.098             218             218
  222        -442.156   -1325.711        -442.156   -1325.711             222             222
   26       -1277.808   -1697.112       -1277.808   -1697.112              26              26
  138         714.027    1332.044         714.027    1332.044             138             138
   15         240.794     512.014         240.794     512.014              15              15
  192        1680.912   -2019.442        1680.912   -2019.442             192             192
   50        -652.530     213.038        -652.530     213.038              50              50
   79       -1502.243    1033.514       -1502.243    1033.514              79              79
  115        1544.065     546.579        1544.065     546.579             115             115
  194        1509.355   -1310.014        1509.355   -1310.014             194             194
    9         868.992   -2206.046         868.992   -2206.046               9               9
  119        -339.960      43.370        -339.960      43.370             119             119
  161         721.059   -3516.209         721.059   -3516.209             161             161
  186        -646.299   -1147.259        -646.299   -1147.259             186             186
  181         911.729   -2201.195         911.729   -2201.195             181             181
   28        -769.576    1530.242        -769.576    1530.242              28              28
  161         276.354   -1415.589         276.354   -1415.589             161             161
  245        1157.163    -736.229        1157.163    -736.229             245             245
  211        -675.555    -798.220        -675.555    -798.220             211             211
   97        2021.542    -120.067        2021.542    -120.067              97              97
  233         333.450    -369.503         333.450    -369.503             233             233
  254         185.945    -598.315         185.945    -598.315             254             254
  120       -1766.320    -244.532       -1766.320    -244.532             120             120
  204        1027.503    1111.483        1027.503    1111.483             204             204
  187        1106.607   -1831.426        1106.607   -1831.426             187             187
  173       -1433.907      95.347       -1433.907      95.347             173             173
  137        -471.642     123.305        -471.642     123.305             137             137
  219        -658.384   -3138.907        -658.384   -3138.907             219             219
   82        1336.600     691.460        1336.600     691.460              82              82
  159        -140.402    -741.547        -140.402    -741.547             159             159
    3        1307.238    -795.078        1307.238    -795.078               3               3
   44       -1360.511    -454.955       -1360.511    -454.955              44              44
  125         638.805    -682.360         638.805    -682.360             125             125
   30       -1141.287     838.771       -1141.287     838.771              30              30
  182        2462.945    -166.887        2462.945    -166.887             182             182
  141        -731.108     385.491        -731.108     385.491             141             141
  222          45.183    1049.996          45.183    1049.996             222             222
  233       -1189.303    -466.195       -1189.303    -466.195             233             233
  220        -915.432      48.231        -915.432      48.231             220             220
   82        -146.140    -462.995        -146.140    -462.995              82              82
  172       -2111.771   -1440.467       -2111.771   -1440.467             172             172
  229       -1229.749    -704.882       -1229.749    -704.882             229             229
  202       -1305.659   -1317.088       -1305.659   -1317.088             202             202
   77         690.531   -1720.241         690.531   -1720.241              77              77
  160        -728.789   -1021.040        -728.789   -1021.040             160             160
  127        1463.321    -403.131        1463.321    -403.131             127             127
  105        -566.629   -2475.393        -566.629   -2475.393             105             105
   66        1387.262    -246.995        1387.262    -246.995              66              66
  116        -807.688     827.461        -807.688     827.461             116             116
   61        1197.397     994.210        1197.397     994.210              61              61
  163       -1351.141    -611.101       -1351.141    -611.101             163             163
   93          30.557     461.231          30.557     461.231              93              93
   60        -724.608     271.706        -724.608     271.706              60              60
   28        -288.966    -265.705        -288.966    -265.705              28              28
   42         420.520   -1055.266         420.520   -1055.266              42              42
  248         836.784     759.612         836.784     759.612             248             248
  202        2268.425    1955.953        2268.425    1955.953             202             202
  179         111.163    -909.173         111.163    -909.173             179             179
  212       -1206.104    1034.529       -1206.104    1034.529             212             212
   28        1103.285    2126.185        1103.285    2126.185              28              28
   82       -1052.855   -2688.142       -1052.855   -2688.142              82              82
  215         818.113    1526.223         818.113    1526.223             215             215
   73       -1857.618     369.945       -1857.618     369.945              73              73
  208        1653.472   -1290.764        1653.472   -1290.764             208             208
  245         712.154    -824.321         712.154    -824.321             245             245
  255        -564.762     817.697        -564.762     817.697             255             255
   93        1353.870   -1649.066        1353.870   -1649.066              93              93
