SINAL     NFT                         FFT                         NFT INVERSA     FFT INVERSA
-----     -----------------------     -----------------------     -----------     -----------
   91       63482.000       0.000       63482.000       0.000              91              91
  218         544.386    -131.225         544.386    -131.225             218             218
  127        -753.519     491.806        -753.519     491.806             127             127
   28         658.104    -189.381         658.104    -189.381              28              28
  175         726.311   -1536.923         726.311   -1536.923             175             175
  134        1783.009    -977.428        1783.009    -977.428             134             134
   94       -1028.945   -2033.899       -1028.945   -2033.899              94              94
   44       -1888.592    -150.198       -1888.592    -150.198              44              44
  220          -3.454    -431.932          -3.454    -431.932             220             220
  239        2662.045     166.308        2662.045     166.308             239             239
   60       -1212.845    -858.807       -1212.845    -858.807              60              60
  229        1549.279     510.800        1549.279     510.800             229             229
  166       -1811.841    -990.129       -1811.841    -990.129             166             166
   65       -1871.234     842.695       -1871.234     842.695              65              65
  111         192.036    -972.153         192.036    -972.153             111             111
  163       -1049.782    -684.802       -1049.782    -684.802             163             163
  180        -863.185    1188.681        -863.185    1188.681             180             180
  209        -846.961    -574.611        -846.961    -574.611             209             209
  146       -2447.514    -826.412       -2447.514    -826.412             146             146
  207        4251.869      49.561        4251.869      49.561             207             207
   99        -377.307      97.421        -377.307      97.421              99              99
  207          95.222    1143.747          95.222    1143.747             207             207
  253         -60.713   -1675.937         -60.713   -1675.937             253             253
  190        -690.352    1030.856        -690.352    1030.856             190             190
   68        1132.048   -2047.787        1132.048   -2047.787              68              68
  214       -1644.792     275.812       -1644.792     275.812             214             214
   29        -506.707    1700.003        -506.707    1700.003              29              29
   10        1738.030    -668.687        1738.030    -668.687              10              10
   80        -611.910    -835.470        -611.910    -835.470              80              80
  220         964.712      81.844         964.712      81.844             220             220
   92        -124.408    2992.949        -124.408    2992.949              92              92
  172        2141.025   -2049.068        2141.025   -2049.068             172             172
  183         712.245     506.619         712.245     506.619             183             183
  220        1032.466   -2304.024        1032.466   -2304.024             220             220
  201        -180.611    -977.935        -180.611    -977.935             201             201
  102        -764.714    -160.137        -764.714    -160.137             102             102
   99        1185.039    -549.693        1185.039    -549.693              99              99
   39       -1013.723    -621.525       -1013.723    -621.525              39              39
  147       -1124.356    2612.719       -1124.356    2612.719             147             147
   63        1627.666     724.661        1627.666     724.661              63              63
   23        -746.797    -871.217        -746.797    -871.217              23              23
  208       -1264.308     679.566       -1264.308     679.566             208             208
   37        -775.804     795.049        -775.804     795.049              37              37
  189         -72.602     788.203         -72.602     788.203             189             189
   18        2335.878     980.247        2335.878     980.247              18              18
  149        1149.271     315.728        1149.271     315.728             149             149
   96         135.456    1457.714         135.456    1457.714              96              96
  198         721.425     484.313         721.425     484.313             198             198
  102       -1285.008     111.139       -1285.008     111.139             102             102
  243        -412.678    1362.923        -412.678    1362.923             243             243
  149        1168.984    -662.635        1168.984    -662.635             149             149
  201        1441.930    -864.140        1441.930    -864.140             201             201
  194         245.359     -50.542         245.359     -50.542             194             194
  146        -914.817   -1431.205        -914.817   -1431.205             146             146
  135         584.951   -1240.201         584.951   -1240.201             135             135
    7        1734.911   -1144.413        1734.911   -1144.413               7               7
  105       -1848.992     619.791       -1848.992     619.791             105             105
  165        -547.694    -127.616        -547.694    -127.616             165             165
   17        -459.154    2332.297        -459.154    2332.297              17              17
  186        1255.703     921.029        1255.703     921.029             186             186
  129         190.120     -16.932         190.120     -16.932             129             129
  110        1113.203    -855.662        1113.203    -855.662             110             110
  102        -318.910     762.080        -318.910     762.080             102             102
   56        1139.243    -605.244        1139.243    -605.244              56              56
   75          81.764      22.043          81.764      22.043              75              75
   47       -1009.716    1244.233       -1009.716    1244.233              47              47
  159       -1004.910    -226.298       -1004.910    -226.298             159             159
  174         922.162   -3396.771         922.162   -3396.771             174             174
   87        1982.639     620.804        1982.639     620.804              87              87
   51          12.610     -33.962          12.610     -33.962              51              51
  238        1136.706   -1202.802        1136.706   -1202.802             238             238
  110       -1489.330     679.994       -1489.330     679.994             110             110
    3         451.891     911.339         451.891     911.339               3               3
   19        -650.906     586.761        -650.906     586.761              19              19
   44       -1309.475   -3248.798       -1309.475   -3248.798              44              44
   21         530.832    -104.070         530.832    -104.070              21              21
  168        -289.554     251.075        -289.554     251.075             168             168
  140        1127.938     942.956        1127.938     942.956             140             140
  220       -1734.208    -484.654       -1734.208    -484.654             220             220
   14        -424.334    -304.717        -424.334    -304.717              14              14
  128         154.694    1613.094         154.694    1613.094             128             128
  113       -1073.559   -1195.171       -1073.559   -1195.171             113             113
  216        -973.855   -1178.187        -973.855   -1178.187             216             216
   67         269.115    1521.893         269.115    1521.893              67              67
    4         130.751      24.253         130.751      24.253               4               4
   96       -1355.025     640.093       -1355.025     640.093              96              96
   74        -427.548     653.182        -427.548     653.182              74              74
  109         600.946    -712.515         600.946    -712.515             109             109
    5          20.140    -190.966          20.140    -190.966               5               5
   92        2490.389    -506.287        2490.389    -506.287              92              92
   39       -1203.504     318.063       -1203.504     318.063              39              39
  134         -16.728   -1394.886         -16.728   -1394.886             134             134
  202        -610.558     737.355        -610.558     737.355             202             202
  142        1715.030     602.671        1715.030     602.671             142             142
  191         608.033   -2016.884         608.033   -2016.884             191             191
   21        3024.724     796.668        3024.724     796.668              21              21
  189       -1091.536   -1512.531       -1091.536   -1512.531             189             189
   95        -620.802    2667.073        -620.802    2667.073              95              95
  196         166.544   -1017.479         166.544   -1017.479             196             196
   21         -32.844    -116.826         -32.844    -116.826              21              21
  147        -863.237    1725.051        -863.237    1725.051             147             147
  178        1640.528   -1842.540        1640.528   -1842.540             178             178
  131         641.958     513.428         641.958     513.428             131             131
  150       -1299.680    -734.521       -1299.680    -734.521             150             150
  198       -2314.565    -208.237       -2314.565    -208.237             198             198
  175         984.683     389.449         984.683     389.449             175             175
  172         465.957    1278.443         465.957    1278.443             172             172
  111         152.250   -1667.440         152.250   -1667.440             111             111
   60        1178.377    -654.669        1178.377    -654.669              60              60
  136        -625.455    -532.259        -625.455    -532.259             136             136
  125        1596.177   -2365.356        1596.177   -2365.356             125             125
  188        1597.086     554.551        1597.086     554.551             188             188
  250        1685.085     450.845        1685.085     450.845             250             250
   86        -459.401     559.732        -459.401     559.732              86              86
  255        -573.766     852.381        -573.766     852.381             255             255
  254        -539.514    -437.049        -539.514    -437.049             254             254
  182         813.275    1529.708         813.275    1529.708             182             182
   73         503.965    -369.577         503.965    -369.577              73              73
  107         870.237     639.128         870.237     639.128             107             107
  187         351.512     930.540         351.512     930.540             187             187
  166        -806.195    1501.746        -806.195    1501.746             166             166
  147        -353.402    -480.444        -353.402    -480.444             147             147
   66        1702.174   -1523.912        1702.174   -1523.912              66              66
  112        -153.628    -959.172        -153.628    -959.172             112             112
   33        1693.250    1279.881        1693.250    1279.881              33              33
    2        2751.031    -132.790        2751.031    -132.790               2               2
  134         792.804   -1548.954         792.804   -1548.954             134             134
  223        -227.636     347.488        -227.636     347.488             223             223
   97         332.914    -130.949         332.914    -130.949              97              97
   75        -114.791     941.467        -114.791     941.467              75              75
  244        -517.568    -349.022        -517.568    -349.022             244             244
  244        -294.721     114.116        -294.721     114.116             244             244
  254        -419.935    1455.289        -419.935    1455.289             254             254
  120         445.296   -2163.262         445.296   -2163.262             120             120
  139         940.610    -946.211         940.610    -946.211             139             139
  196         316.571     170.923         316.571     170.923             196             196
   39         668.370    3208.891         668.370    3208.891              39              39
   56        1029.757    2683.652        1029.757    2683.652              56              56
   51        -613.412    -747.262        -613.412    -747.262              51              51
  100       -1490.565    -297.695       -1490.565    -297.695             100             100
  193        -161.241   -1167.656        -161.241   -1167.656             193             193
  177       -1512.346   -1097.147       -1512.346   -1097.147             177             177
   33        -671.953     -22.890        -671.953     -22.890              33              33
  187         888.697   -1432.837         888.697   -1432.837             187             187
    7        -185.850     362.448        -185.850     362.448               7               7
   32        -779.526     142.602        -779.526     142.602              32              32
  186        1059.459   -1475.968        1059.459   -1475.968             186             186
  190        -830.511   -1620.090        -830.511   -1620.090             190             190
  106        -690.130   -1425.000        -690.130   -1425.000             106             106
   37        -621.086   -1808.878        -621.086   -1808.878              37              37
  121        -254.076     455.640        -254.076     455.640             121             121
   17       -1311.605     672.425       -1311.605     672.425              17              17
  185       -1702.147      19.452       -1702.147      19.452             185             185
  187         572.344    -291.769         572.344    -291.769             187             187
  129        -965.490     879.167        -965.490     879.167             129             129
  218        -601.115    -364.583        -601.115    -364.583             218             218
  190       -1281.931     -31.148       -1281.931     -31.148             190             190
    8         760.115    1329.370         760.115    1329.370               8               8
  185       -2004.052    1317.606       -2004.052    1317.606             185             185
   32        -981.959     906.796        -981.959     906.796              32              32
   84       -2268.545     755.542       -2268.545     755.542              84              84
  174        1447.542     145.457        1447.542     145.457             174             174
   20        -112.974    -463.517        -112.974    -463.517              20              20
   82         -53.906    -262.190         -53.906    -262.190              82              82
   38        -205.770     919.833        -205.770     919.833              38              38
  160        -463.630   -1251.422        -463.630   -1251.422             160             160
   23         -80.353    -484.200         -80.353    -484.200              23              23
   78       -1055.604     710.935       -1055.604     710.935              78              78
  217          83.091    -289.936          83.091    -289.936             217             217
   74         499.242    -225.940         499.242    -225.940              74              74
  178       -2719.823     126.051       -2719.823     126.051             178             178
  155         589.592     109.761         589.592     109.761             155             155
  252       -1167.049     519.957       -1167.049     519.957             252             252
  212        -632.944     494.601        -632.944     494.601             212             212
   87        -953.917    1469.923        -953.917    1469.923              87              87
    4         840.280    -679.141         840.280    -679.141               4               4
  245       -2356.299   -1916.412       -2356.299   -1916.412             245             245
   17        -446.930     720.819        -446.930     720.819              17              17
  194        2648.906    -806.101        2648.906    -806.101             194             194
   95        -342.854     119.369        -342.854     119.369              95              95
   55         233.666     299.255         233.666     299.255              55              55
   60        -129.634     346.402        -129.634     346.402              60              60
  112         943.358     908.225         943.358     908.225             112             112
  240        -921.042     305.462        -921.042     305.462             240             240
  248       -1444.426   -2092.904       -1444.426   -2092.904             248             248
  242        -843.754   -1213.630        -843.754   -1213.630             242             242
  202        1223.627   -1765.777        1223.627   -1765.777             202             202
  182         640.228     184.860         640.228     184.860             182             182
  251        1102.818     125.242        1102.818     125.242             251             251
  132         380.767     -16.417         380.767     -16.417             132             132
  214         363.878   -1409.879         363.878   -1409.879             214             214
   80         -68.400   -1551.337         -68.400   -1551.337              80              80
   50        1452.306   -1465.653        1452.306   -1465.653              50              50
  235        -157.871      65.662        -157.871      65.662             235             235
  162        -556.926    -216.722        -556.926    -216.722             162             162
   89       -1901.597      61.288       -1901.597      61.288              89              89
  140        -521.008    -740.697        -521.008    -740.697             140             140
  185         666.790    1400.372         666.790    1400.372             185             185
  167        1434.948    -259.336        1434.948    -259.336             167             167
  101        -476.865   -1157.309        -476.865   -1157.309             101             101
    4         336.129    -113.303         336.129    -113.303               4               4
   90         979.987     896.853         979.987     896.853              90              90
    1        1131.826   -2201.261        1131.826   -2201.261               1               1
    1        -678.495     927.048        -678.495     927.048               1               1
   46        1735.674    2110.167        1735.674    2110.167              46              46
   88       -1765.086     789.766       -1765.086     789.766              88              88
    6       -2901.737    1272.151       -2901.737    1272.151               6               6
   35         974.193    -191.081         974.193    -191.081              35              35
  105        -676.411      21.288        -676.411      21.288             105             105
  200        -155.183     140.993        -155.183     140.993             200             200
  131         420.653     998.004         420.653     998.004             131             131
  160         131.623    1548.006         131.623    1548.006             160             160
    5        -556.818    -135.957        -556.818    -135.957               5               5
  244         568.617    1452.499         568.617    1452.499             244             244
  144        -747.169    1307.943        -747.169    1307.943             144             144
  253       -1514.885     878.920       -1514.885     878.920             253             253
  231         166.462     483.754         166.462     483.754             231             231
   91       -1397.330     263.912       -1397.330     263.912              91              91
  180         798.018   -1141.747         798.018   -1141.747             180             180
  227        -851.066    -629.128        -851.066    -629.128             227             227
  223        -263.090   -1156.539        -263.090   -1156.539             223             223
  138        -511.572     825.119        -511.572     825.119             138             138
   51       -2398.836     220.450       -2398.836     220.450              51              51
   18         303.033    2170.613         303.033    2170.613              18              18
  117        1199.889     139.074        1199.889     139.074             117             117
  213        1075.140    1072.067        1075.140    1072.067             213             213
  107        -696.576     144.434        -696.576     144.434             107             107
    2         -43.785   -1357.157         -43.785   -1357.157               2               2
  143        1068.057    2358.621        1068.057    2358.621             143             143
   19        1022.417     667.124        1022.417     667.124              19              19
  104         931.020   -1204.271         931.020   -1204.271             104             104
  148       -1727.143    -301.872       -1727.143    -301.872             148             148
  109       -1291.469     847.506       -1291.469     847.506             109             109
  105       -1231.337     147.090       -1231.337     147.090             105             105
  149       -2079.337    -106.789       -2079.337    -106.789             149             149
  156         190.835    1042.601         190.835    1042.601             156             156
  193        1119.701    -204.865        1119.701    -204.865             193             193
  155       -1940.762     690.346       -1940.762     690.346             155             155
  192        -985.088   -1318.851        -985.088   -1318.851             192             192
   43        1962.161     249.194        1962.161     249.194              43              43
  100         998.590    1275.987         998.590    1275.987             100             100
   67          57.523     716.602          57.523     716.602              67              67
  203         379.138     136.523         379.138     136.523             203             203
  105        -589.159   -1190.677        -589.159   -1190.677             105             105
   56         180.051     -65.044         180.051     -65.044              56              56
   92       -1161.314     568.348       -1161.314     568.348              92              92
  103        -284.243   -1982.983        -284.243   -1982.983             103             103
   31        1593.713    2518.005        1593.713    2518.005              31              31
  184        -988.343   -1288.851        -988.343   -1288.851             184             184
   27         394.294     764.194         394.294     764.194              27              27
    3        4236.050    -988.908        4236.050    -988.908               3               3
  151         649.544    2216.331         649.544    2216.331             151             151
  166       -2378.951   -1028.222       -2378.951   -1028.222             166             166
   54        -442.519    -868.068        -442.519    -868.068              54              54
  170       -2009.009     445.975       -2009.009     445.975             170             170
   28       -1794.033    1094.911       -1794.033    1094.911              28              28
   12       -1344.000      -0.386       -1344.000      -0.386              12              12
   21       -1793.586   -1095.668       -1793.586   -1095.668              21              21
   30       -2008.535    -446.572       -2008.535    -446.572              30              30
  156        -442.448     867.923        -442.448     867.923             156             156
   40       -2378.690    1027.085       -2378.690    1027.085              40              40
  134         651.209   -2216.254         651.209   -2216.254             134             134
   48        4235.957     990.348        4235.957     990.348              48              48
  150         394.224    -764.122         394.224    -764.122             150             150
  239        -988.774    1288.325        -988.774    1288.325             239             239
  197        1594.529   -2517.474        1594.529   -2517.474             197             197
   50        -285.159    1982.972        -285.159    1982.972              50              50
  177       -1161.137    -568.906       -1161.137    -568.906             177             177
   97         180.110      65.104         180.110      65.104              97              97
  242        -589.458    1190.300        -589.458    1190.300             242             242
  220         379.320    -136.750         379.320    -136.750             220             220
  198          57.882    -716.850          57.882    -716.850             198             198
   54         999.097   -1275.696         999.097   -1275.696              54              54
  168        1961.921    -248.397        1961.921    -248.397             168             168
   48        -986.006    1318.425        -986.006    1318.425              48              48
  111       -1940.542    -691.210       -1940.542    -691.210             111             111
    4        1119.652     205.069        1119.652     205.069               4               4
  151         190.817   -1042.648         190.817   -1042.648             151             151
  143       -2079.603     106.062       -2079.603     106.062             143             143
  188       -1231.234    -147.626       -1231.234    -147.626             188             188
  179       -1291.031    -847.952       -1291.031    -847.952             179             179
  146       -1726.794     301.354       -1726.794     301.354             146             146
   84         931.114    1204.353         931.114    1204.353              84              84
   89        1022.846    -667.188        1022.846    -667.188              89              89
  201        1068.815   -2358.238        1068.815   -2358.238             201             201
  254         -44.359    1357.214         -44.359    1357.214             254             254
  117        -696.444    -144.936        -696.444    -144.936             117             117
  213        1075.597   -1071.867        1075.597   -1071.867             213             213
   20        1199.723    -138.831        1199.723    -138.831              20              20
  147         303.286   -2170.502         303.286   -2170.502             147             147
  113       -2398.979    -221.039       -2398.979    -221.039             113             113
   60        -511.194    -825.025        -511.194    -825.025              60              60
   26        -263.452    1156.657        -263.452    1156.657              26              26
  161        -851.183     628.821        -851.183     628.821             161             161
  211         797.608    1141.784         797.608    1141.784             211             211
    9       -1397.293    -264.736       -1397.293    -264.736               9               9
  103         166.627    -483.998         166.627    -483.998             103             103
    5       -1514.555    -879.682       -1514.555    -879.682               5               5
  187        -746.453   -1308.333        -746.453   -1308.333             187             187
  201         569.278   -1452.240         569.278   -1452.240             201             201
  248        -556.759     135.785        -556.759     135.785             248             248
  151         132.297   -1547.970         132.297   -1547.970             151             151
  143         421.018    -997.654         421.018    -997.654             143             143
   47        -155.189    -140.836        -155.189    -140.836              47              47
   63        -676.359     -21.410        -676.359     -21.410              63              63
  191         973.967     191.348         973.967     191.348             191             191
  158       -2901.367   -1273.169       -2901.367   -1273.169             158             158
   68       -1764.248    -790.301       -1764.248    -790.301              68              68
   87        1736.805   -2109.309        1736.805   -2109.309              87              87
   45        -677.934    -926.637        -677.934    -926.637              45              45
    1        1131.388    2201.965        1131.388    2201.965               1               1
   10         980.344    -896.415         980.344    -896.415              10              10
  192         336.048     113.742         336.048     113.742             192             192
   86        -477.145    1157.307        -477.145    1157.307              86              86
   99        1434.913     259.761        1434.913     259.761              99              99
  137         667.015   -1399.975         667.015   -1399.975             137             137
   85        -521.543     740.813        -521.543     740.813              85              85
  217       -1901.562     -61.733       -1901.562     -61.733             217             217
   94        -556.703     216.776        -556.703     216.776              94              94
  105        -157.491     -65.368        -157.491     -65.368             105             105
  109        1451.988    1466.460        1451.988    1466.460             109             109
  208         -68.890    1551.397         -68.890    1551.397             208             208
  166         363.508    1409.858         363.508    1409.858             166             166
  135         380.866      16.373         380.866      16.373             135             135
  114        1102.868    -124.879        1102.868    -124.879             114             114
  121         640.175    -184.444         640.175    -184.444             121             121
  145        1222.717    1766.331        1222.717    1766.331             145             145
  217        -844.547    1213.274        -844.547    1213.274             217             217
  127       -1445.214    2092.060       -1445.214    2092.060             127             127
   76        -920.737    -306.275        -920.737    -306.275              76              76
  163         943.786    -908.152         943.786    -908.152             163             163
  120        -129.537    -346.521        -129.537    -346.521             120             120
  228         233.768    -299.195         233.768    -299.195             228             228
   50        -342.698    -119.429        -342.698    -119.429              50              50
  167        2648.444     806.943        2648.444     806.943             167             167
   35        -447.263    -720.935        -447.263    -720.935              35              35
  241       -2357.071    1915.573       -2357.071    1915.573             241             241
   70         840.023     678.980         840.023     678.980              70              70
  104        -953.621   -1470.539        -953.621   -1470.539             104             104
   73        -632.873    -494.860        -632.873    -494.860              73              73
  116       -1166.848    -520.341       -1166.848    -520.341             116             116
  105         589.518    -109.527         589.518    -109.527             105             105
   83       -2719.734    -126.924       -2719.734    -126.924              83              83
   52         499.426     226.125         499.426     226.125              52              52
  191          82.971     289.886          82.971     289.886             191             191
  183       -1055.335    -711.277       -1055.335    -711.277             183             183
  189         -80.416     484.273         -80.416     484.273             189             189
   20        -463.982    1251.100        -463.982    1251.100              20              20
  144        -205.373    -920.078        -205.373    -920.078             144             144
   28         -53.937     262.140         -53.937     262.140              28              28
  126        -113.074     463.307        -113.074     463.307             126             126
  254        1447.321    -145.242        1447.321    -145.242             254             254
  236       -2268.588    -756.527       -2268.588    -756.527             236             236
   36        -981.655    -907.261        -981.655    -907.261              36              36
  133       -2003.394   -1318.279       -2003.394   -1318.279             133             133
   94         760.727   -1328.889         760.727   -1328.889              94              94
  158       -1281.920      31.006       -1281.920      31.006             158             158
   23        -601.098     364.486        -601.098     364.486              23              23
   56        -964.992    -879.348        -964.992    -879.348              56              56
   29         572.301     292.168         572.301     292.168              29              29
  100       -1702.134     -19.908       -1702.134     -19.908             100             100
  219       -1311.093    -672.647       -1311.093    -672.647             219             219
  149        -253.624    -455.251        -253.624    -455.251             149             149
   72        -621.456    1809.077        -621.456    1809.077              72              72
   14        -690.327    1424.907        -690.327    1424.907              14              14
   61        -830.636    1619.786        -830.636    1619.786              61              61
  107        1059.243    1476.065        1059.243    1476.065             107             107
    0        -779.316    -143.130        -779.316    -143.130              -0              -0
  131        -185.423    -362.512        -185.423    -362.512             131             131
  212         888.337    1433.085         888.337    1433.085             212             212
   73        -671.985      22.537        -671.985      22.537              73              73
  247       -1512.502    1096.531       -1512.502    1096.531             247             247
   61        -161.345    1167.278        -161.345    1167.278              61              61
  156       -1490.296     296.763       -1490.296     296.763             156             156
   44        -613.035     746.414        -613.035     746.414              44              44
  253        1031.189   -2683.848        1031.189   -2683.848             253             253
   84         669.762   -3208.492         669.762   -3208.492              84              84
  233         316.919    -170.319         316.919    -170.319             233             233
   18         940.501     946.831         940.501     946.831              18              18
  228         444.633    2163.230         444.633    2163.230             228             228
    5        -419.347   -1455.677        -419.347   -1455.677               5               5
  144        -294.476    -114.176        -294.476    -114.176             144             144
  227        -517.378     348.775        -517.378     348.775             227             227
  241        -114.072    -941.518        -114.072    -941.518             241             241
  181         333.259     131.153         333.259     131.153             181             181
  105        -227.047    -347.415        -227.047    -347.415             105             105
   80         792.893    1549.228         792.893    1549.228              80              80
   83        2751.309     133.471        2751.309     133.471              83              83
  128        1693.587   -1279.290        1693.587   -1279.290             128             128
  137        -153.960     959.276        -153.960     959.276             137             137
  112        1701.611    1524.303        1701.611    1524.303             112             112
  228        -353.732     479.865        -353.732     479.865             228             228
  100        -805.573   -1502.342        -805.573   -1502.342             100             100
    6         352.085    -930.472         352.085    -930.472               6               6
   45         870.603    -638.781         870.603    -638.781              45              45
  115         503.906     369.687         503.906     369.687             115             115
   68         813.745   -1529.416         813.745   -1529.416              68              68
  152        -539.691     436.952        -539.691     436.952             152             152
  115        -573.298    -852.555        -573.298    -852.555             115             115
  200        -458.787    -559.730        -458.787    -559.730             200             200
  109        1685.623    -450.047        1685.623    -450.047             109             109
  189        1597.367    -553.581        1597.367    -553.581             189             189
  192        1595.213    2366.135        1595.213    2366.135             192             192
  170        -625.729     531.990        -625.729     531.990             170             170
   90        1178.145     655.048        1178.145     655.048              90              90
  236         151.576    1667.216         151.576    1667.216             236             236
  168         466.294   -1278.558         466.294   -1278.558             168             168
  174         984.478    -389.077         984.478    -389.077             174             174
  213       -2314.825     207.535       -2314.825     207.535             213             213
  186       -1299.596     734.029       -1299.596     734.029             186             186
  147         642.515    -513.218         642.515    -513.218             147             147
  219        1639.923    1842.897        1639.923    1842.897             219             219
   75        -862.722   -1725.547        -862.722   -1725.547              75              75
  118         -32.755     116.899         -32.755     116.899             118             118
  205         166.283    1017.326         166.283    1017.326             205             205
    0        -619.776   -2667.238        -619.776   -2667.238              -0              -0
  223       -1091.533    1512.373       -1091.533    1512.373             223             223
   29        3025.323    -795.552        3025.323    -795.552              29              29
   83         607.319    2017.070         607.319    2017.070              83              83
   95        1715.052    -602.312        1715.052    -602.312              95              95
  166        -610.536    -737.462        -610.536    -737.462             166             166
  196         -17.253    1394.900         -17.253    1394.900             196             196
   68       -1203.181    -318.566       -1203.181    -318.566              68              68
   11        2490.313     507.077        2490.313     507.077              11              11
  203          19.859     190.879          19.859     190.879             203             203
  113         600.494     712.508         600.494     712.508             113             113
  127        -427.597    -653.556        -427.597    -653.556             127             127
   15       -1354.840    -640.606       -1354.840    -640.606              15              15
   10         130.847     -24.269         130.847     -24.269              10              10
  242         269.531   -1521.660         269.531   -1521.660             242             242
  215        -974.342    1178.070        -974.342    1178.070             215             215
  119       -1073.832    1194.606       -1073.832    1194.606             119             119
  176         155.366   -1613.147         155.366   -1613.147             176             176
  151        -424.422     304.697        -424.422     304.697             151             151
   34       -1734.089     484.009       -1734.089     484.009              34              34
   10        1128.550    -942.582        1128.550    -942.582              10              10
  131        -289.365    -250.969        -289.365    -250.969             131             131
  202         530.822     104.581         530.822     104.581             202             202
  184       -1310.495    3248.265       -1310.495    3248.265             184             184
   89        -650.396    -587.407        -650.396    -587.407              89              89
  133         452.420    -911.296         452.420    -911.296             133             133
   75       -1488.743    -680.333       -1488.743    -680.333              75              75
   52        1136.742    1203.271        1136.742    1203.271              52              52
  208          12.946      33.903          12.946      33.903             208             208
  193        1983.043    -619.917        1983.043    -619.917             193             193
    1         920.856    3397.014         920.856    3397.014               1               1
  208       -1005.077     225.420       -1005.077     225.420             208             208
  161       -1009.060   -1244.827       -1009.060   -1244.827             161             161
   31          82.159     -22.048          82.159     -22.048              31              31
   36        1139.255     605.462        1139.255     605.462              36              36
    0        -318.468    -762.307        -318.468    -762.307               0               0
  197        1113.102     855.907        1113.102     855.907             197             197
  232         190.216      16.663         190.216      16.663             232             232
   69        1255.986    -920.919        1255.986    -920.919              69              69
  209        -458.491   -2332.383        -458.491   -2332.383             209             209
  180        -547.724     127.698        -547.724     127.698             180             180
  183       -1848.403    -620.133       -1848.403    -620.133             183             183
   80        1734.932    1145.266        1734.932    1145.266              80              80
  195         584.568    1240.440         584.568    1240.440             195             195
  193        -915.119    1430.705        -915.119    1430.705             193             193
   67         245.734      50.381         245.734      50.381              67              67
  154        1441.878     864.379        1441.878     864.379             154             154
   57        1168.700     662.566        1168.700     662.566              57              57
  243        -412.326   -1363.417        -412.326   -1363.417             243             243
   50       -1284.743    -111.772       -1284.743    -111.772              50              50
   91         721.933    -484.355         721.933    -484.355              91              91
  254         136.239   -1457.807         136.239   -1457.807             254             254
  182        1149.672    -315.398        1149.672    -315.398             182             182
   38        2336.120    -979.530        2336.120    -979.530              38              38
  182         -72.657    -788.204         -72.657    -788.204             182             182
   15        -775.685    -795.222        -775.685    -795.222              15              15
  171       -1263.975    -679.795       -1263.975    -679.795             171             171
    2        -746.710     870.999        -746.710     870.999               2               2
   68        1628.069    -724.281        1628.069    -724.281              68              68
  123       -1123.458   -2612.831       -1123.458   -2612.831             123             123
  196       -1013.545     621.674       -1013.545     621.674             196             196
   69        1185.166     550.341        1185.166     550.341              69              69
   76        -764.533     160.124        -764.533     160.124              76              76
  101        -180.467     978.125        -180.467     978.125             101             101
  100        1032.130    2304.261        1032.130    2304.261             100             100
  112         712.771    -506.571         712.771    -506.571             112             112
  102        2140.456    2049.413        2140.456    2049.413             102             102
   42        -123.397   -2993.229        -123.397   -2993.229              42              42
   89         964.787     -81.263         964.787     -81.263              89              89
  171        -612.057     835.342        -612.057     835.342             171             171
  252        1737.853     669.075        1737.853     669.075             252             252
   13        -506.287   -1700.206        -506.287   -1700.206              13              13
   98       -1644.460    -276.040       -1644.460    -276.040              98              98
   77        1131.644    2048.192        1131.644    2048.192              77              77
  209        -689.833   -1031.133        -689.833   -1031.133             209             209
   36         -60.952    1675.840         -60.952    1675.840              36              36
  145          95.935   -1143.870          95.935   -1143.870             145             145
  107        -376.742     -97.469        -376.742     -97.469             107             107
   93        4251.863     -48.026        4251.863     -48.026              93              93
  133       -2448.080     825.634       -2448.080     825.634             133             133
  158        -846.922     574.172        -846.922     574.172             158             158
  185        -862.478   -1188.963        -862.478   -1188.963             185             185
  131       -1049.552     684.605       -1049.552     684.605             131             131
   84         192.117     972.126         192.117     972.126              84              84
  223       -1870.474    -843.343       -1870.474    -843.343             223             223
   58       -1811.197     989.540       -1811.197     989.540              58              58
   99        1550.370    -510.281        1550.370    -510.281              99              99
  138       -1212.195     858.429       -1212.195     858.429             138             138
   60        2662.960    -165.422        2662.960    -165.422              60              60
  167          -3.093     432.001          -3.093     432.001             167             167
    5       -1887.712     149.717       -1887.712     149.717               5               5
    1       -1028.078    2033.576       -1028.078    2033.576               1               1
  237        1784.335     977.823        1784.335     977.823             237             237
   82         727.468    1536.811         727.468    1536.811              82              82
  102         660.164     189.125         660.164     189.125             102             102
   82        -750.007    -492.383        -750.007    -492.383              82              82
  194         551.155     131.170         551.155     131.170             194             194
