SINAL     NFT                         FFT                         NFT INVERSA     FFT INVERSA
-----     -----------------------     -----------------------     -----------     -----------
    7       63471.000       0.000       63471.000       0.000               7               7
  130         205.034     290.144         205.034     290.144             130             130
  133        1060.711    -379.755        1060.711    -379.755             133             133
  142         134.348    -553.795         134.348    -553.795             142             142
  244        -530.369   -1216.319        -530.369   -1216.319             244             244
   88        -200.007    -913.340        -200.007    -913.340              88              88
  113         316.825     952.329         316.825     952.329             113             113
   26         437.659   -3688.095         437.659   -3688.095              26              26
   67        -938.704     624.649        -938.704     624.649              67              67
   78        -897.075    1569.291        -897.075    1569.291              78              78
   57       -2041.275    2528.212       -2041.275    2528.212              57              57
  132       -3673.431    2946.083       -3673.431    2946.083             132             132
   58         354.569     668.096         354.569     668.096              58              58
   52          73.497    1149.727          73.497    1149.727              52              52
  115          37.050   -1414.411          37.050   -1414.411             115             115
  177         512.943     401.430         512.943     401.430             177             177
   73         735.802     977.977         735.802     977.977              73              73
   79        -560.665     -65.219        -560.665     -65.219              79              79
  209        2199.483     971.936        2199.483     971.936             209             209
   26         670.618   -1443.344         670.618   -1443.344              26              26
   76        1367.711    -150.882        1367.711    -150.882              76              76
  238          17.297     636.130          17.297     636.130             238             238
  161          78.138       7.211          78.138       7.211             161             161
  207        1355.448   -2005.454        1355.448   -2005.454             207             207
  205         316.668     127.396         316.668     127.396             205             205
  200        -196.160    -825.160        -196.160    -825.160             200             200
  246        -456.768     309.447        -456.768     309.447             246             246
  201         -95.542     751.168         -95.542     751.168             201             201
  248        1832.642     998.116        1832.642     998.116             248             248
   71         120.550   -2607.928         120.550   -2607.928              71              71
  191        -543.891    -708.072        -543.891    -708.072             191             191
  255        1877.613      58.983        1877.613      58.983             255             255
  201         266.412    1267.598         266.412    1267.598             201             201
   68        -487.579    -398.904        -487.579    -398.904              68              68
  141       -1947.268     567.002       -1947.268     567.002             141             141
  190         809.397    -943.852         809.397    -943.852             190             190
  156       -1025.387    1506.493       -1025.387    1506.493             156             156
  255         317.674    2079.340         317.674    2079.340             255             255
  217         797.476      31.580         797.476      31.580             217             217
  224       -1308.121      72.884       -1308.121      72.884             224             224
   77         652.673    -877.929         652.673    -877.929              77              77
   19        -465.187   -2267.704        -465.187   -2267.704              19              19
  101        -676.318     353.282        -676.318     353.282             101             101
  135        2803.345    1504.636        2803.345    1504.636             135             135
   71         417.915   -1300.100         417.915   -1300.100              71              71
  216        -946.918   -1023.293        -946.918   -1023.293             216             216
   57       -1074.581     421.037       -1074.581     421.037              57              57
  144       -1583.155    -449.013       -1583.155    -449.013             144             144
   40        -830.596   -1500.623        -830.596   -1500.623              40              40
   10        -629.185    -429.046        -629.185    -429.046              10              10
  171         526.283     544.699         526.283     544.699             171             171
  117        1902.189   -1781.120        1902.189   -1781.120             117             117
  248       -2154.634     494.257       -2154.634     494.257             248             248
   76        -965.788    2030.003        -965.788    2030.003              76              76
   69       -1216.455    -275.317       -1216.455    -275.317              69              69
  198        -456.531     120.552        -456.531     120.552             198             198
   21       -2373.594    -170.694       -2373.594    -170.694              21              21
   59         129.289   -1353.669         129.289   -1353.669              59              59
  143         730.143   -1173.651         730.143   -1173.651             143             143
   14        -299.218   -1969.410        -299.218   -1969.410              14              14
  130        2234.546    -794.545        2234.546    -794.545             130             130
   79        -341.588    -465.509        -341.588    -465.509              79              79
   14       -1889.210    1488.194       -1889.210    1488.194              14              14
   76         180.960      87.630         180.960      87.630              76              76
  147        1178.328    1355.022        1178.328    1355.022             147             147
  156        -504.603     842.330        -504.603     842.330             156             156
   10       -1887.606    1090.047       -1887.606    1090.047              10              10
   47         142.123    1189.121         142.123    1189.121              47              47
  155        -991.260   -1558.689        -991.260   -1558.689             155             155
  228        1707.614    -615.444        1707.614    -615.444             228             228
   16       -1474.354    -464.913       -1474.354    -464.913              16              16
  232         484.293    -316.911         484.293    -316.911             232             232
  247         -52.078   -1333.222         -52.078   -1333.222             247             247
  117       -1054.543    -657.632       -1054.543    -657.632             117             117
  112        -526.599   -1437.196        -526.599   -1437.196             112             112
   63        -550.769     578.549        -550.769     578.549              63              63
   78       -2362.126    1565.141       -2362.126    1565.141              78              78
  169       -2378.353    1431.801       -2378.353    1431.801             169             169
  208       -1179.609   -1869.094       -1179.609   -1869.094             208             208
  118        2067.291   -1154.921        2067.291   -1154.921             118             118
  180         393.390    1215.331         393.390    1215.331             180             180
  123        1255.416   -2314.339        1255.416   -2314.339             123             123
  236       -1469.444    1075.108       -1469.444    1075.108             236             236
  172         814.102   -2035.466         814.102   -2035.466             172             172
  200          66.393     -75.044          66.393     -75.044             200             200
   49        -846.635      28.813        -846.635      28.813              49              49
  115        -963.812     -75.391        -963.812     -75.391             115             115
  221        1832.494    -946.742        1832.494    -946.742             221             221
  108         347.756    -308.171         347.756    -308.171             108             108
    3       -1088.673    1003.481       -1088.673    1003.481               3               3
  235         934.170     856.511         934.170     856.511             235             235
  238       -1720.097     152.646       -1720.097     152.646             238             238
   82        2665.177    -506.955        2665.177    -506.955              82              82
  249         779.553    1629.909         779.553    1629.909             249             249
   59        -135.872     220.321        -135.872     220.321              59              59
  229         697.852     176.260         697.852     176.260             229             229
  149        -189.041    1896.385        -189.041    1896.385             149             149
   69        1273.044    -927.725        1273.044    -927.725              69              69
   21         562.488     269.468         562.488     269.468              21              21
   48         177.977     273.795         177.977     273.795              48              48
   42         415.072    2085.449         415.072    2085.449              42              42
   37       -1020.657   -1616.107       -1020.657   -1616.107              37              37
   25         370.957    -921.861         370.957    -921.861              25              25
   33         -52.191    -498.749         -52.191    -498.749              33              33
  155        -180.572    1770.544        -180.572    1770.544             155             155
  138        -683.813   -2226.547        -683.813   -2226.547             138             138
   96         407.620    1451.974         407.620    1451.974              96              96
  233        1821.718   -1214.539        1821.718   -1214.539             233             233
   51        -856.940     335.788        -856.940     335.788              51              51
   48       -1025.897      70.093       -1025.897      70.093              48              48
   96        -392.806    1558.094        -392.806    1558.094              96              96
  231        2966.757    -541.662        2966.757    -541.662             231             231
  172          30.645     817.014          30.645     817.014             172             172
   76        1736.771     715.720        1736.771     715.720              76              76
  148        1865.442   -2054.463        1865.442   -2054.463             148             148
  116        -645.244    1119.500        -645.244    1119.500             116             116
  125       -1521.042    1890.598       -1521.042    1890.598             125             125
    8        1125.219     837.454        1125.219     837.454               8               8
   81         961.616      -9.391         961.616      -9.391              81              81
  233        1367.653     690.212        1367.653     690.212             233             233
   11         212.970    1828.917         212.970    1828.917              11              11
   61        -661.160   -1304.157        -661.160   -1304.157              61              61
  216        -463.193   -1733.011        -463.193   -1733.011             216             216
   94        -244.963     590.733        -244.963     590.733              94              94
   54        -513.647    1605.383        -513.647    1605.383              54              54
   19       -2079.504    -400.964       -2079.504    -400.964              19              19
   68          22.302    -771.056          22.302    -771.056              68              68
  204       -1037.634    -377.703       -1037.634    -377.703             204             204
   89         416.848    2556.094         416.848    2556.094              89              89
   89        2069.598    2207.770        2069.598    2207.770              89              89
  253       -1317.188   -1641.143       -1317.188   -1641.143             253             253
  131        -267.216    -961.799        -267.216    -961.799             131             131
  127        -567.203     242.522        -567.203     242.522             127             127
   23        2284.406    2297.278        2284.406    2297.278              23              23
  165          94.213     443.928          94.213     443.928             165             165
   27         892.422   -1083.447         892.422   -1083.447              27              27
  161         591.031    1491.768         591.031    1491.768             161             161
    5       -1282.015     869.439       -1282.015     869.439               5               5
    4        -173.425      28.816        -173.425      28.816               4               4
  213       -2637.918    -182.696       -2637.918    -182.696             213             213
   54        -668.451    -716.027        -668.451    -716.027              54              54
  100        1019.302     773.689        1019.302     773.689             100             100
  189         809.737     947.320         809.737     947.320             189             189
  227        1941.455   -1400.539        1941.455   -1400.539             227             227
  176        1556.928     366.990        1556.928     366.990             176             176
   81       -1190.400    1524.963       -1190.400    1524.963              81              81
   87        -403.229     276.727        -403.229     276.727              87              87
   45        1292.553     541.802        1292.553     541.802              45              45
   90        -542.114    -281.824        -542.114    -281.824              90              90
  169        1973.644   -1547.183        1973.644   -1547.183             169             169
   23          28.076    2235.681          28.076    2235.681              23              23
  102         -72.224    -379.870         -72.224    -379.870             102             102
  230        -953.934   -1118.963        -953.934   -1118.963             230             230
  240       -1985.348   -1223.194       -1985.348   -1223.194             240             240
  196        1390.167   -2337.645        1390.167   -2337.645             196             196
   29       -1523.175    1501.404       -1523.175    1501.404              29              29
    3       -1420.972     591.792       -1420.972     591.792               3               3
    8        -156.707     538.168        -156.707     538.168               8               8
  234        -137.425    1803.211        -137.425    1803.211             234             234
   93         833.098     302.483         833.098     302.483              93              93
   98        -872.114   -1292.073        -872.114   -1292.073              98              98
  231        -837.359    1449.422        -837.359    1449.422             231             231
  225        -167.575    1729.379        -167.575    1729.379             225             225
  225       -2006.085     189.323       -2006.085     189.323             225             225
  254       -1080.021    2971.688       -1080.021    2971.688             254             254
  134        -161.618    1022.514        -161.618    1022.514             134             134
  252        -262.834   -1477.701        -262.834   -1477.701             252             252
  160       -1598.615    -186.031       -1598.615    -186.031             160             160
  140        1249.721    1766.783        1249.721    1766.783             140             140
    1       -2245.606    -880.503       -2245.606    -880.503               1               1
  117         596.054    -864.891         596.054    -864.891             117             117
  195         752.979     957.708         752.979     957.708             195             195
  101        -713.766   -1236.322        -713.766   -1236.322             101             101
   50        1031.475   -1840.090        1031.475   -1840.090              50              50
  166         346.702      85.352         346.702      85.352             166             166
   22       -1778.822    2634.483       -1778.822    2634.483              22              22
  132        -798.986     631.303        -798.986     631.303             132             132
  253        1344.431   -1346.432        1344.431   -1346.432             253             253
   68        -594.275    -967.592        -594.275    -967.592              68              68
  222        -629.583     -36.611        -629.583     -36.611             222             222
  167        -696.958    -934.408        -696.958    -934.408             167             167
   92         844.779     556.168         844.779     556.168              92              92
   68        -281.810   -1741.194        -281.810   -1741.194              68              68
  142       -1222.986    -375.790       -1222.986    -375.790             142             142
   76        -464.633     170.521        -464.633     170.521              76              76
    9         626.416     456.377         626.416     456.377               9               9
  171        -180.147     289.709        -180.147     289.709             171             171
   80        -584.493   -1207.410        -584.493   -1207.410              80              80
   17         128.390    -299.389         128.390    -299.389              17              17
  150        -104.758   -1209.684        -104.758   -1209.684             150             150
  173       -2984.164    -184.852       -2984.164    -184.852             173             173
  115         294.658    1709.313         294.658    1709.313             115             115
  125        -654.569    1580.896        -654.569    1580.896             125             125
  142         222.474    1965.374         222.474    1965.374             142             142
   85         750.827    -130.331         750.827    -130.331              85              85
  124         235.891    -472.364         235.891    -472.364             124             124
   21         511.444      36.852         511.444      36.852              21              21
   82        -689.629    2071.224        -689.629    2071.224              82              82
   28        -501.788   -1627.342        -501.788   -1627.342              28              28
  161        -307.919     893.708        -307.919     893.708             161             161
   83       -3057.372    -233.921       -3057.372    -233.921              83              83
  146        -174.541    -766.641        -174.541    -766.641             146             146
  100       -1855.630    1960.474       -1855.630    1960.474             100             100
  185       -1031.770     -82.949       -1031.770     -82.949             185             185
  196        -996.447   -1858.684        -996.447   -1858.684             196             196
   10        -892.245     312.095        -892.245     312.095              10              10
  207         478.615    -664.946         478.615    -664.946             207             207
   73        -153.351   -3776.776        -153.351   -3776.776              73              73
    8       -1038.417   -1046.136       -1038.417   -1046.136               8               8
   20       -1249.671    -659.056       -1249.671    -659.056              20              20
   40         279.089    -961.228         279.089    -961.228              40              40
  175        -288.523   -1127.164        -288.523   -1127.164             175             175
  112        -737.817     134.853        -737.817     134.853             112             112
  108       -1293.048    1538.128       -1293.048    1538.128             108             108
   61        1798.726     390.081        1798.726     390.081              61              61
  188        -658.491    1291.657        -658.491    1291.657             188             188
  118         878.347    -138.531         878.347    -138.531             118             118
  233        -477.326    1489.647        -477.326    1489.647             233             233
   13       -1967.287   -1078.259       -1967.287   -1078.259              13              13
  135        -320.770     118.379        -320.770     118.379             135             135
  127          62.687     376.016          62.687     376.016             127             127
  186        1537.310     479.482        1537.310     479.482             186             186
  250       -1936.439    -371.714       -1936.439    -371.714             250             250
  253         620.262    -889.511         620.262    -889.511             253             253
   73          38.577     827.198          38.577     827.198              73              73
   80        1507.112    -934.208        1507.112    -934.208              80              80
  121        1924.040    1515.465        1924.040    1515.465             121             121
   94       -1131.659    -961.832       -1131.659    -961.832              94              94
  162       -1514.113    2054.118       -1514.113    2054.118             162             162
  150         485.410    -232.284         485.410    -232.284             150             150
  255       -1437.892   -1394.094       -1437.892   -1394.094             255             255
  245        2787.531     832.450        2787.531     832.450             245             245
   40       -1562.312    -133.565       -1562.312    -133.565              40              40
  100        1170.380     659.820        1170.380     659.820             100             100
  174       -1237.956    1058.230       -1237.956    1058.230             174             174
  237         -42.820    1389.973         -42.820    1389.973             237             237
  110        -185.064    3048.815        -185.064    3048.815             110             110
  126         983.524    -205.690         983.524    -205.690             126             126
   54        -157.836     130.189        -157.836     130.189              54              54
  119        -972.964   -1238.105        -972.964   -1238.105             119             119
  147        -632.699    -946.155        -632.699    -946.155             147             147
   94        1219.559    -863.103        1219.559    -863.103              94              94
   38       -1626.860    1042.068       -1626.860    1042.068              38              38
    3         675.728     132.733         675.728     132.733               3               3
  203         358.669     630.863         358.669     630.863             203             203
  100       -1475.547    -319.748       -1475.547    -319.748             100             100
  192       -1820.702     439.131       -1820.702     439.131             192             192
   65       -1088.062   -1115.957       -1088.062   -1115.957              65              65
   78         789.324    -242.795         789.324    -242.795              78              78
  205         186.037    -438.681         186.037    -438.681             205             205
  200         959.267      17.752         959.267      17.752             200             200
  205       -1654.164   -1265.466       -1654.164   -1265.466             205             205
  136        1941.768     937.796        1941.768     937.796             136             136
  195         -47.911    -943.174         -47.911    -943.174             195             195
  202         544.791    -534.191         544.791    -534.191             202             202
  209         641.296     463.473         641.296     463.473             209             209
   20        -209.000      -0.034        -209.000      -0.034              20              20
   68         641.488    -463.155         641.488    -463.155              68              68
   47         544.546     534.513         544.546     534.513              47              47
  182         -48.229     943.090         -48.229     943.090             182             182
  219        1941.845    -937.123        1941.845    -937.123             219             219
   47       -1654.795    1264.966       -1654.795    1264.966              47              47
  171         959.250     -17.510         959.250     -17.510             171             171
    3         185.695     438.704         185.695     438.704               3               3
  147         788.883     243.014         788.883     243.014             147             147
   90       -1088.860    1115.409       -1088.860    1115.409              90              90
  240       -1820.690    -439.968       -1820.690    -439.968             240             240
    2       -1475.456     319.070       -1475.456     319.070               2               2
  217         359.103    -630.907         359.103    -630.907             217             217
   38         675.696    -132.601         675.696    -132.601              38              38
  121       -1626.464   -1042.543       -1626.464   -1042.543             121             121
  108        1219.331     863.643        1219.331     863.643             108             108
  132        -633.152     945.864        -633.152     945.864             132             132
  159        -973.306    1237.450        -973.306    1237.450             159             159
  112        -157.583    -130.697        -157.583    -130.697             112             112
   80         983.496     205.440         983.496     205.440              80              80
    4        -184.137   -3049.227        -184.137   -3049.227               4               4
   49         -42.440   -1389.909         -42.440   -1389.909              49              49
  145       -1237.502   -1058.491       -1237.502   -1058.491             145             145
   82        1170.654    -659.212        1170.654    -659.212              82              82
  255       -1562.209     133.185       -1562.209     133.185             255             255
   90        2787.784    -831.316        2787.784    -831.316              90              90
   32       -1438.601    1393.704       -1438.601    1393.704              32              32
  135         485.235     232.199         485.235     232.199             135             135
   30       -1513.471   -2054.600       -1513.471   -2054.600              30              30
  235       -1131.603     961.547       -1131.603     961.547             235             235
   89        1924.839   -1514.730        1924.839   -1514.730              89              89
   50        1506.637     934.851        1506.637     934.851              50              50
   47          38.600    -827.093          38.600    -827.093              47              47
  137         619.650     889.831         619.650     889.831             137             137
  232       -1936.638     370.967       -1936.638     370.967             232             232
   10        1537.463    -479.047        1537.463    -479.047              10              10
  184          62.494    -375.960          62.494    -375.960             184             184
  148        -321.075    -118.390        -321.075    -118.390             148             148
   14       -1967.747    1077.481       -1967.747    1077.481              14              14
   76        -476.641   -1489.915        -476.641   -1489.915              76              76
  238         878.312     138.833         878.312     138.833             238             238
  255        -658.076   -1291.841        -658.076   -1291.841             255             255
   78        1798.643    -389.333        1798.643    -389.333              78              78
  200       -1292.894   -1538.247       -1292.894   -1538.247             200             200
   37        -737.870    -134.553        -737.870    -134.553              37              37
  199        -288.961    1127.499        -288.961    1127.499             199             199
   52         278.557     961.573         278.557     961.573              52              52
  170       -1250.107     658.881       -1250.107     658.881             170             170
  103       -1038.767    1046.121       -1038.767    1046.121             103             103
  165        -154.579    3776.634        -154.579    3776.634             165             165
  251         478.218     664.623         478.218     664.623             251             251
  107        -892.415    -312.602        -892.415    -312.602             107             107
  214        -997.248    1858.066        -997.248    1858.066             214             214
  140       -1031.948      82.054       -1031.948      82.054             140             140
  190       -1854.962   -1961.284       -1854.962   -1961.284             190             190
  213        -174.831     766.572        -174.831     766.572             213             213
  230       -3057.304     232.666       -3057.304     232.666             230             230
  222        -307.215    -893.902        -307.215    -893.902             222             222
   93        -502.066    1626.911        -502.066    1626.911              93              93
    4        -688.605   -2071.716        -688.605   -2071.716               4               4
  202         511.747     -36.639         511.747     -36.639             202             202
  182         235.894     472.310         235.894     472.310             182             182
   55         750.812     130.220         750.812     130.220              55              55
  249         222.992   -1965.552         222.992   -1965.552             249             249
   63        -654.146   -1581.050        -654.146   -1581.050              63              63
   31         295.013   -1708.860         295.013   -1708.860              31              31
    4       -2984.202     184.334       -2984.202     184.334               4               4
  247        -104.816    1209.882        -104.816    1209.882             247             247
  179         128.434     299.521         128.434     299.521             179             179
   19        -584.778    1207.165        -584.778    1207.165              19              19
   67        -179.865    -289.910        -179.865    -289.910              67              67
  162         626.606    -456.146         626.606    -456.146             162             162
   18        -464.661    -170.530        -464.661    -170.530              18              18
  146       -1223.014     375.580       -1223.014     375.580             146             146
  106        -282.139    1741.050        -282.139    1741.050             106             106
   56         845.026    -555.988         845.026    -555.988              56              56
   89        -697.314     934.149        -697.314     934.149              89              89
  159        -629.499      36.332        -629.499      36.332             159             159
  227        -594.366     967.316        -594.366     967.316             227             227
  193        1344.013    1346.510        1344.013    1346.510             193             193
   69        -798.939    -632.079        -798.939    -632.079              69              69
  222       -1777.756   -2635.110       -1777.756   -2635.110             222             222
   45         347.074     -84.864         347.074     -84.864              45              45
   27        1030.913    1840.540        1030.913    1840.540              27              27
  106        -714.156    1235.774        -714.156    1235.774             106             106
  235         753.344    -957.676         753.344    -957.676             235             235
  241         595.512     864.978         595.512     864.978             241             241
   81       -2245.925     879.334       -2245.925     879.334              81              81
  202        1250.323   -1766.639        1250.323   -1766.639             202             202
   78       -1598.780     185.477       -1598.780     185.477              78              78
   86        -263.254    1477.224        -263.254    1477.224              86              86
  148        -161.340   -1023.198        -161.340   -1023.198             148             148
    4       -1079.124   -2972.232       -1079.124   -2972.232               4               4
  141       -2005.851    -189.985       -2005.851    -189.985             141             141
  142        -166.727   -1729.453        -166.727   -1729.453             142             142
   67        -836.676   -1449.402        -836.676   -1449.402              67              67
  172        -872.200    1291.923        -872.200    1291.923             172             172
  147         833.444    -302.401         833.444    -302.401             147             147
   59        -136.779   -1803.248        -136.779   -1803.248              59              59
   96        -156.546    -538.016        -156.546    -538.016              96              96
  166       -1420.716    -592.078       -1420.716    -592.078             166             166
  127       -1522.284   -1501.420       -1522.284   -1501.420             127             127
    3        1389.586    2338.528        1389.586    2338.528               3               3
  184       -1985.646    1222.508       -1985.646    1222.508             184             184
   17        -953.840    1118.439        -953.840    1118.439              17              17
  110         -71.841     379.464         -71.841     379.464             110             110
  241          29.355   -2235.698          29.355   -2235.698             241             241
  106        1973.394    1547.932        1973.394    1547.932             106             106
   13        -542.051     281.389        -542.051     281.389              13              13
  212        1292.883    -541.586        1292.883    -541.586             212             212
   43        -403.106    -277.047        -403.106    -277.047              43              43
   83       -1189.502   -1525.381       -1189.502   -1525.381              83              83
  178        1557.512    -366.256        1557.512    -366.256             178             178
   88        1941.055    1401.139        1941.055    1401.139              88              88
  111         809.910    -947.233         809.910    -947.233             111             111
   29        1019.258    -773.268        1019.258    -773.268              29              29
   68        -669.091     715.841        -669.091     715.841              68              68
   96       -2637.956     181.668       -2637.956     181.668              96              96
  110        -173.135     -29.094        -173.135     -29.094             110             110
   14       -1281.364    -870.059       -1281.364    -870.059              14              14
  175         591.980   -1491.481         591.980   -1491.481             175             175
  197         892.300    1083.764         892.300    1083.764             197             197
  163          94.601    -444.165          94.601    -444.165             163             163
  179        2285.161   -2296.470        2285.161   -2296.470             179             179
   82        -567.328    -242.373        -567.328    -242.373              82              82
   49        -267.569     961.866        -267.569     961.866              49              49
  247       -1317.485    1640.362       -1317.485    1640.362             247             247
  255        2070.498   -2207.462        2070.498   -2207.462             255             255
  196         417.457   -2555.718         417.457   -2555.718             196             196
   51       -1037.890     377.764       -1037.890     377.764              51              51
   95          21.953     771.177          21.953     771.177              95              95
  107       -2079.576     400.131       -2079.576     400.131             107             107
  178        -512.792   -1605.553        -512.792   -1605.553             178             178
   98        -244.498    -590.472        -244.498    -590.472              98              98
   36        -463.504    1733.015        -463.504    1733.015              36              36
  195        -661.196    1303.587        -661.196    1303.587             195             195
  208         214.086   -1829.129         214.086   -1829.129             208             208
   21        1368.233    -689.719        1368.233    -689.719              21              21
   46         961.749       9.667         961.749       9.667              46              46
  222        1125.416    -837.202        1125.416    -837.202             222             222
  233       -1520.360   -1890.998       -1520.360   -1890.998             233             233
   90        -644.362   -1119.255        -644.362   -1119.255              90              90
   49        1865.196    2055.268        1865.196    2055.268              49              49
  156        1737.072    -715.254        1737.072    -715.254             156             156
  179          31.019    -816.890          31.019    -816.890             179             179
  161        2966.439     542.686        2966.439     542.686             161             161
  185        -392.704   -1558.143        -392.704   -1558.143             185             185
  247       -1025.973     -70.177       -1025.973     -70.177             247             247
    1        -856.582    -335.807        -856.582    -335.807               1               1
   40        1821.438    1215.237        1821.438    1215.237              40              40
    6         407.914   -1451.665         407.914   -1451.665               6               6
  177        -684.641    2226.375        -684.641    2226.375             177             177
  238        -179.916   -1770.622        -179.916   -1770.622             238             238
  170         -52.270     498.998         -52.270     498.998             170             170
  101         370.659     922.075         370.659     922.075             101             101
   64       -1021.080    1615.468       -1021.080    1615.468              64              64
  219         416.007   -2085.534         416.007   -2085.534             219             219
   92         178.256    -273.628         178.256    -273.628              92              92
   63         562.771    -269.183         562.771    -269.183              63              63
  160        1272.753     928.030        1272.753     928.030             160             160
  144        -188.418   -1896.519        -188.418   -1896.519             144             144
  159         697.948    -175.878         697.948    -175.878             159             159
   11        -135.727    -220.349        -135.727    -220.349              11              11
   66         780.266   -1629.455         780.266   -1629.455              66              66
    2        2664.740     508.106        2664.740     508.106               2               2
   47       -1720.326    -153.153       -1720.326    -153.153              47              47
    6         934.378    -856.067         934.378    -856.067               6               6
  211       -1088.395   -1003.495       -1088.395   -1003.495             211             211
   69         347.798     308.716         347.798     308.716              69              69
   53        1831.987     947.591        1831.987     947.591              53              53
  177        -964.151      75.200        -964.151      75.200             177             177
   46        -846.636     -28.889        -846.636     -28.889              46              46
  144          66.451      75.389          66.451      75.389             144             144
  227         813.309    2035.820         813.309    2035.820             227             227
  203       -1469.066   -1075.500       -1469.066   -1075.500             203             203
   67        1254.745    2314.799        1254.745    2314.799              67              67
  133         393.709   -1215.219         393.709   -1215.219             133             133
  133        2066.468    1155.787        2066.468    1155.787             133             133
   59       -1180.911    1868.434       -1180.911    1868.434              59              59
  134       -2378.195   -1432.918       -2378.195   -1432.918             134             134
  174       -2361.486   -1565.802       -2361.486   -1565.802             174             174
   66        -550.323    -578.303        -550.323    -578.303              66              66
   56        -526.936    1437.340        -526.936    1437.340              56              56
  156       -1054.544     657.403       -1054.544     657.403             156             156
  236         -52.250    1333.202         -52.250    1333.202             236             236
  157         484.262     316.981         484.262     316.981             157             157
  220       -1474.306     464.373       -1474.306     464.373             220             220
  199        1707.522     615.949        1707.522     615.949             199             199
  250        -991.857    1558.012        -991.857    1558.012             250             250
   28         142.490   -1189.486         142.490   -1189.486              28              28
  104       -1887.140   -1090.808       -1887.140   -1090.808             104             104
  138        -503.920    -842.515        -503.920    -842.515             138             138
  187        1178.984   -1354.475        1178.984   -1354.475             187             187
  115         180.889     -87.368         180.889     -87.368             115             115
  205       -1888.585   -1488.482       -1888.585   -1488.482             205             205
  190        -341.259     465.905        -341.259     465.905             190             190
  163        2234.443     795.709        2234.443     795.709             163             163
  212        -299.964    1969.506        -299.964    1969.506             212             212
  145         729.661    1173.859         729.661    1173.859             145             145
  232         128.510    1353.521         128.510    1353.521             232             232
    9       -2373.755     169.632       -2373.755     169.632               9               9
   67        -456.365    -120.882        -456.365    -120.882              67              67
   23       -1216.437     274.674       -1216.437     274.674              23              23
  153        -964.912   -2030.344        -964.912   -2030.344             153             153
   39       -2153.935    -494.597       -2153.935    -494.597              39              39
  226        1902.066    1781.904        1902.066    1781.904             226             226
  221         526.463    -544.503         526.463    -544.503             221             221
  172        -629.355     429.036        -629.355     429.036             172             172
  104        -831.040    1500.362        -831.040    1500.362             104             104
   24       -1583.076     448.320       -1583.076     448.320              24              24
   51       -1074.004    -421.405       -1074.004    -421.405              51              51
   22        -946.649    1023.009        -946.649    1023.009              22              22
   90         418.186    1299.961         418.186    1299.961              90              90
  107        2804.079   -1503.872        2804.079   -1503.872             107             107
  178        -676.233    -353.265        -676.233    -353.265             178             178
   70        -465.704    2267.574        -465.704    2267.574              70              70
    8         652.548     877.785         652.548     877.785               8               8
  143       -1307.837     -73.702       -1307.837     -73.702             143             143
   14         797.831     -31.728         797.831     -31.728              14              14
    2         318.485   -2079.459         318.485   -2079.459               2               2
  171       -1024.650   -1506.620       -1024.650   -1506.620             171             171
  118         809.264     944.272         809.264     944.272             118             118
  141       -1946.819    -567.643       -1946.819    -567.643             141             141
  103        -487.110     398.728        -487.110     398.728             103             103
  234         267.473   -1267.435         267.473   -1267.435             234             234
   90        1877.979     -58.057        1877.979     -58.057              90              90
   38        -543.888     708.169        -543.888     708.169              38              38
  142         120.158    2607.806         120.158    2607.806             142             142
   46        1833.248    -997.846        1833.248    -997.846              46              46
  183         -95.201    -751.209         -95.201    -751.209             183             183
  118        -456.393    -309.446        -456.393    -309.446             118             118
   56        -196.006     825.184        -196.006     825.184              56              56
  250         317.215    -127.199         317.215    -127.199             250             250
  142        1355.130    2005.823        1355.130    2005.823             142             142
  210          78.408      -7.508          78.408      -7.508             210             210
   33          17.959    -636.252          17.959    -636.252              33              33
  113        1368.078     151.350        1368.078     151.350             113             113
  175         670.478    1443.328         670.478    1443.328             175             175
  206        2199.925    -971.506        2199.925    -971.506             206             206
  217        -560.622      64.838        -560.622      64.838             217             217
  199         736.356    -977.875         736.356    -977.875             199             199
    1         513.201    -401.228         513.201    -401.228               1               1
  239          36.696    1414.185          36.696    1414.185             239             239
   34          74.010   -1150.115          74.010   -1150.115              34              34
  108         354.704    -668.338         354.704    -668.338             108             108
  162       -3672.237   -2947.477       -3672.237   -2947.477             162             162
  105       -2039.578   -2528.585       -2039.578   -2528.585             105             105
  116        -895.531   -1568.983        -895.531   -1568.983             116             116
   49        -937.323    -624.121        -937.323    -624.121              49              49
  119         437.676    3688.577         437.676    3688.577             119             119
  119         318.365    -952.207         318.365    -952.207             119             119
  221        -198.913     913.514        -198.913     913.514             221             221
  238        -528.933    1216.170        -528.933    1216.170             238             238
    4         136.654     553.735         136.654     553.735               4               4
   69        1064.051     379.963        1064.051     379.963              69              69
  217         211.841    -290.181         211.841    -290.181             217             217
