SINAL     NFT                         FFT                         NFT INVERSA     FFT INVERSA
-----     -----------------------     -----------------------     -----------     -----------
  189       66623.000       0.000       66623.000       0.000             189             189
  180        1936.204     388.385        1936.204     388.385             180             180
  176         507.269    2582.052         507.269    2582.052             176             176
  212         490.727   -1131.111         490.727   -1131.111             212             212
  107         703.639    -738.964         703.639    -738.964             107             107
    2        1472.954     539.745        1472.954     539.745               2               2
   91       -1391.832    -284.789       -1391.832    -284.789              91              91
   93       -1420.558    -483.383       -1420.558    -483.383              93              93
  111       -1350.236    2239.809       -1350.236    2239.809             111             111
  180         969.455    -744.553         969.455    -744.553             180             180
  242       -1814.841    -870.435       -1814.841    -870.435             242             242
  112         592.506    -209.775         592.506    -209.775             112             112
  141         487.899    -130.939         487.899    -130.939             141             141
  214         593.662   -1300.102         593.662   -1300.102             214             214
  224       -2519.333     680.973       -2519.333     680.973             224             224
  135       -1500.933   -3128.902       -1500.933   -3128.902             135             135
  198        -277.931     729.242        -277.931     729.242             198             198
   31        1369.488     587.899        1369.488     587.899              31              31
  197        -823.051     396.723        -823.051     396.723             197             197
  223       -1108.122    -758.462       -1108.122    -758.462             223             223
   51        -197.447    -510.061        -197.447    -510.061              51              51
   71         609.300   -1201.239         609.300   -1201.239              71              71
  173         881.158     381.225         881.158     381.225             173             173
  208       -1820.515   -1549.524       -1820.515   -1549.524             208             208
  247        2288.480    -151.505        2288.480    -151.505             247             247
  110         513.548     320.044         513.548     320.044             110             110
  181        -212.298    1046.273        -212.298    1046.273             181             181
   95         388.063     397.789         388.063     397.789              95              95
   44        -606.559    -796.394        -606.559    -796.394              44              44
   25        3833.131      86.816        3833.131      86.816              25              25
   38         357.586    2071.116         357.586    2071.116              38              38
  233         -19.816    1156.451         -19.816    1156.451             233             233
  206         758.256   -2568.120         758.256   -2568.120             206             206
  215        -803.256     -98.131        -803.256     -98.131             215             215
  190        1349.132     518.583        1349.132     518.583             190             190
   57       -1233.946     470.197       -1233.946     470.197              57              57
  217        1272.326     577.826        1272.326     577.826             217             217
   26         530.104     532.543         530.104     532.543              26              26
  151        -231.266     608.272        -231.266     608.272             151             151
   73        1029.819      16.556        1029.819      16.556              73              73
  206         445.294    -144.969         445.294    -144.969             206             206
  137         219.746    -417.443         219.746    -417.443             137             137
  185        1060.154     679.098        1060.154     679.098             185             185
   92        1022.469    -473.524        1022.469    -473.524              92              92
   96        2677.520     246.318        2677.520     246.318              96              96
  154        -742.626     755.304        -742.626     755.304             154             154
  227        1617.940    1780.016        1617.940    1780.016             227             227
   38         829.716    -633.767         829.716    -633.767              38              38
  185         966.006      88.019         966.006      88.019             185             185
  169        -277.141     930.408        -277.141     930.408             169             169
    6        -987.737   -2375.313        -987.737   -2375.313               6               6
  237        2014.068   -1207.619        2014.068   -1207.619             237             237
  240       -2584.403   -2956.935       -2584.403   -2956.935             240             240
  179       -1456.006   -1155.908       -1456.006   -1155.908             179             179
  190         755.642     273.672         755.642     273.672             190             190
  231        1136.922     872.851        1136.922     872.851             231             231
   34       -1256.561     130.288       -1256.561     130.288              34              34
  115        -742.704     123.392        -742.704     123.392             115             115
   71        1131.767     197.421        1131.767     197.421              71              71
   78        1281.947    -237.537        1281.947    -237.537              78              78
  141         165.152     178.539         165.152     178.539             141             141
  110        -645.970     245.217        -645.970     245.217             110             110
   56        -371.741   -1350.706        -371.741   -1350.706              56              56
   91        2945.466     585.249        2945.466     585.249              91              91
   69        1341.479    -171.481        1341.479    -171.481              69              69
  246         818.506    -386.487         818.506    -386.487             246             246
  148         -58.999   -1632.044         -58.999   -1632.044             148             148
   31         602.400   -1290.171         602.400   -1290.171              31              31
   16          30.520    -171.377          30.520    -171.377              16              16
   43         -63.960    -501.853         -63.960    -501.853              43              43
  104        -736.467   -1749.743        -736.467   -1749.743             104             104
  223        1291.330    -761.674        1291.330    -761.674             223             223
  181       -2230.116     257.008       -2230.116     257.008             181             181
   34        1010.613    -236.679        1010.613    -236.679              34              34
   60        -668.608    -777.270        -668.608    -777.270              60              60
   21        -556.101     785.807        -556.101     785.807              21              21
  188        2219.397     483.774        2219.397     483.774             188             188
   31        -117.562     961.323        -117.562     961.323              31              31
   60         314.010    1529.715         314.010    1529.715              60              60
  118         695.879     393.009         695.879     393.009             118             118
  200         224.019   -3007.189         224.019   -3007.189             200             200
   66        1927.753     126.997        1927.753     126.997              66              66
   99         172.889    -469.042         172.889    -469.042              99              99
  185       -2296.147    1278.537       -2296.147    1278.537             185             185
  246         341.017    1838.766         341.017    1838.766             246             246
   34        -993.534     119.635        -993.534     119.635              34              34
  161         802.467     243.015         802.467     243.015             161             161
   24        1210.685   -1383.252        1210.685   -1383.252              24              24
  149       -1595.685    1105.719       -1595.685    1105.719             149             149
  232         179.967   -2492.084         179.967   -2492.084             232             232
  103       -1223.912     764.637       -1223.912     764.637             103             103
   35       -1245.594    -421.990       -1245.594    -421.990              35              35
   86        -826.413    1078.270        -826.413    1078.270              86              86
  159         637.221     152.848         637.221     152.848             159             159
  126        1137.922     263.461        1137.922     263.461             126             126
  156         432.711      71.623         432.711      71.623             156             156
  150       -2634.668    -366.000       -2634.668    -366.000             150             150
   19         103.679    2212.374         103.679    2212.374              19              19
  187        -230.111     588.825        -230.111     588.825             187             187
  167         260.659    -406.683         260.659    -406.683             167             167
   62       -1180.838    2168.781       -1180.838    2168.781              62              62
   35       -2045.356    -242.503       -2045.356    -242.503              35              35
  135        1663.294    -302.475        1663.294    -302.475             135             135
  244         157.853    1121.545         157.853    1121.545             244             244
   70        -643.106    -523.627        -643.106    -523.627              70              70
  195        -745.485     848.826        -745.485     848.826             195             195
    9        -697.678   -1041.987        -697.678   -1041.987               9               9
    2        -283.639    3231.849        -283.639    3231.849               2               2
  227       -1780.722    2078.997       -1780.722    2078.997             227             227
   70        1044.571    1783.890        1044.571    1783.890              70              70
  121        -344.214   -2403.405        -344.214   -2403.405             121             121
  172          40.513   -1073.286          40.513   -1073.286             172             172
  136        -206.891   -1794.984        -206.891   -1794.984             136             136
  221         644.603    1601.741         644.603    1601.741             221             221
  101        -492.575     -30.210        -492.575     -30.210             101             101
  126        1487.052   -1512.505        1487.052   -1512.505             126             126
  255        1597.661    -530.352        1597.661    -530.352             255             255
    7       -1836.835   -1642.676       -1836.835   -1642.676               7               7
  151        -366.843      -2.660        -366.843      -2.660             151             151
  149         997.394   -1986.161         997.394   -1986.161             149             149
  239        -989.855    1511.194        -989.855    1511.194             239             239
  254       -1051.992   -2066.662       -1051.992   -2066.662             254             254
  185         535.559     253.666         535.559     253.666             185             185
   70         403.213    1856.747         403.213    1856.747              70              70
  158        -103.059    -893.227        -103.059    -893.227             158             158
   55       -2111.531    1213.304       -2111.531    1213.304              55              55
  226        -877.085     781.611        -877.085     781.611             226             226
   53         783.871    1285.001         783.871    1285.001              53              53
   75       -1047.000    -104.138       -1047.000    -104.138              75              75
  158         479.950     438.934         479.950     438.934             158             158
  221        -178.557     705.315        -178.557     705.315             221             221
  138       -1917.909     269.254       -1917.909     269.254             138             138
  194       -2283.386      -5.682       -2283.386      -5.682             194             194
  100        1216.914   -1892.686        1216.914   -1892.686             100             100
  126         675.690    2661.327         675.690    2661.327             126             126
    8          81.112    -407.871          81.112    -407.871               8               8
   40        -357.772    -407.225        -357.772    -407.225              40              40
  136       -1108.193    -253.427       -1108.193    -253.427             136             136
   11        1864.628    -666.851        1864.628    -666.851              11              11
   11        -964.661    -650.282        -964.661    -650.282              11              11
  206        -592.966    1280.293        -592.966    1280.293             206             206
  133        1873.526    -736.067        1873.526    -736.067             133             133
  184       -1010.133    -356.882       -1010.133    -356.882             184             184
   86         130.145     332.251         130.145     332.251              86              86
   98        -257.974    -584.866        -257.974    -584.866              98              98
   30       -1892.782    2106.128       -1892.782    2106.128              30              30
  213       -1524.860   -1130.304       -1524.860   -1130.304             213             213
   98          12.235    -144.792          12.235    -144.792              98              98
   37        1128.902   -2230.278        1128.902   -2230.278              37              37
  109          31.502     179.560          31.502     179.560             109             109
  248        3107.630    1433.148        3107.630    1433.148             248             248
   20          65.525   -1875.168          65.525   -1875.168              20              20
  108       -1062.685    -181.314       -1062.685    -181.314             108             108
  177       -1170.362    1901.050       -1170.362    1901.050             177             177
   91         406.305     571.920         406.305     571.920              91              91
   10         658.736    -442.383         658.736    -442.383              10              10
  233         -77.027    1614.221         -77.027    1614.221             233             233
   61         417.689    -159.188         417.689    -159.188              61              61
   64        -549.074   -1171.922        -549.074   -1171.922              64              64
   53        1084.892    -474.623        1084.892    -474.623              53              53
  220         618.344     514.471         618.344     514.471             220             220
   29        2960.204   -1946.069        2960.204   -1946.069              29              29
  191        -187.899   -1971.377        -187.899   -1971.377             191             191
  158        -615.963      42.867        -615.963      42.867             158             158
  129         -63.078     381.095         -63.078     381.095             129             129
   61        1985.750    -340.093        1985.750    -340.093              61              61
  166         -29.266    1426.713         -29.266    1426.713             166             166
  169        2028.160    1221.580        2028.160    1221.580             169             169
  198       -1269.170   -1616.929       -1269.170   -1616.929             198             198
  177         204.396   -1135.221         204.396   -1135.221             177             177
  181         613.204    -937.628         613.204    -937.628             181             181
  149        2946.496   -1342.953        2946.496   -1342.953             149             149
   54         986.291     205.303         986.291     205.303              54              54
  109       -1111.037    -434.156       -1111.037    -434.156             109             109
  236       -1029.627    -871.471       -1029.627    -871.471             236             236
  153       -1570.473    -191.936       -1570.473    -191.936             153             153
  140        1097.498    -490.875        1097.498    -490.875             140             140
  193        -670.224    1742.374        -670.224    1742.374             193             193
  252         434.660     874.292         434.660     874.292             252             252
  177        -275.212     523.801        -275.212     523.801             177             177
   46       -1341.769     448.420       -1341.769     448.420              46              46
  245         200.589   -2677.562         200.589   -2677.562             245             245
  198        -777.663   -1062.769        -777.663   -1062.769             198             198
  154        -351.606   -1781.179        -351.606   -1781.179             154             154
  166          39.574   -1000.238          39.574   -1000.238             166             166
   33        1196.789     851.240        1196.789     851.240              33              33
  165         915.229     745.207         915.229     745.207             165             165
  144         944.267    -627.429         944.267    -627.429             144             144
   95        1221.425     463.153        1221.425     463.153              95              95
  230        1227.437    2963.779        1227.437    2963.779             230             230
  197         680.751   -1183.073         680.751   -1183.073             197             197
   59        1833.175     242.491        1833.175     242.491              59              59
    3       -1229.594    -685.581       -1229.594    -685.581               3               3
  133       -1110.905    2396.245       -1110.905    2396.245             133             133
  218        1085.674    -168.368        1085.674    -168.368             218             218
  133        1942.390    1951.634        1942.390    1951.634             133             133
  195        -508.779   -1981.800        -508.779   -1981.800             195             195
  128        -387.108    2447.242        -387.108    2447.242             128             128
   47         470.975     405.857         470.975     405.857              47              47
  137         189.187     -69.667         189.187     -69.667             137             137
   50        -640.880    -688.371        -640.880    -688.371              50              50
  228       -1186.846     577.966       -1186.846     577.966             228             228
   30       -1283.882   -2213.880       -1283.882   -2213.880              30              30
  104         681.112     493.441         681.112     493.441             104             104
   82         258.238   -3114.659         258.238   -3114.659              82              82
   10       -1707.174   -1817.197       -1707.174   -1817.197              10              10
    2        2188.072    -556.878        2188.072    -556.878               2               2
  222        -570.790    2319.025        -570.790    2319.025             222             222
  204        -841.385    2717.852        -841.385    2717.852             204             204
  254         886.377    -714.415         886.377    -714.415             254             254
  143       -1810.330    1721.729       -1810.330    1721.729             143             143
  251        -959.326    -565.788        -959.326    -565.788             251             251
  244         126.546    1924.899         126.546    1924.899             244             244
   86          25.106     651.185          25.106     651.185              86              86
  150         808.553    -677.598         808.553    -677.598             150             150
  155        1432.286   -1269.981        1432.286   -1269.981             155             155
  119         369.174     535.321         369.174     535.321             119             119
   59       -1660.608    1237.520       -1660.608    1237.520              59              59
   43        -403.876   -2226.495        -403.876   -2226.495              43              43
  215         581.649     837.806         581.649     837.806             215             215
   34        -107.280    -455.367        -107.280    -455.367              34              34
  241        1326.921   -1311.126        1326.921   -1311.126             241             241
   19         679.651    2384.204         679.651    2384.204              19              19
   37       -2515.282    1120.880       -2515.282    1120.880              37              37
  119        -361.869    -147.942        -361.869    -147.942             119             119
  237        -888.484    -915.047        -888.484    -915.047             237             237
  170        -322.134     -37.810        -322.134     -37.810             170             170
   58         700.366    1528.947         700.366    1528.947              58              58
  109        -877.818    1004.576        -877.818    1004.576             109             109
  217       -1267.575    1283.482       -1267.575    1283.482             217             217
  196        -945.808    -451.594        -945.808    -451.594             196             196
  159       -1500.537   -1561.717       -1500.537   -1561.717             159             159
  190        1464.913   -1907.406        1464.913   -1907.406             190             190
  226       -1896.299     117.830       -1896.299     117.830             226             226
    8        -696.750   -1491.776        -696.750   -1491.776               8               8
   17        -274.262   -2522.995        -274.262   -2522.995              17              17
  237         325.914    -647.437         325.914    -647.437             237             237
   11        -203.932    -554.885        -203.932    -554.885              11              11
  239       -1034.659    -854.654       -1034.659    -854.654             239             239
  186         899.974     -12.168         899.974     -12.168             186             186
   10         520.545     213.454         520.545     213.454              10              10
  127        -635.351    1481.704        -635.351    1481.704             127             127
  181       -1042.021    1110.452       -1042.021    1110.452             181             181
  254        1656.846    -149.607        1656.846    -149.607             254             254
  213        -389.886   -1863.684        -389.886   -1863.684             213             213
   75         340.150   -2766.225         340.150   -2766.225              75              75
  153         753.566   -1348.393         753.566   -1348.393             153             153
   77        -833.534     739.147        -833.534     739.147              77              77
  135        -299.006   -1092.482        -299.006   -1092.482             135             135
  197        1555.732     765.288        1555.732     765.288             197             197
   37        1277.666      80.370        1277.666      80.370              37              37
  169       -1032.421     358.404       -1032.421     358.404             169             169
  183        2474.734    1430.289        2474.734    1430.289             183             183
   56        1057.664    -833.707        1057.664    -833.707              56              56
  207       -1245.047     821.448       -1245.047     821.448             207             207
   46        1487.880    1463.671        1487.880    1463.671              46              46
   37        2823.000       0.288        2823.000       0.288              37              37
  122        1487.967   -1463.335        1487.967   -1463.335             122             122
  104       -1244.917    -821.731       -1244.917    -821.731             104             104
  147        1057.538     834.055        1057.538     834.055             147             147
   84        2474.964   -1429.476        2474.964   -1429.476              84              84
   44       -1032.541    -358.549       -1032.541    -358.549              44              44
   51        1277.664     -79.774        1277.664     -79.774              51              51
   18        1555.643    -764.475        1555.643    -764.475              18              18
   15        -299.794    1092.633        -299.794    1092.633              15              15
   60        -833.422    -739.131        -833.422    -739.131              60              60
   36         753.039    1349.088         753.039    1349.088              36              36
  252         339.008    2766.401         339.008    2766.401             252             252
   71        -390.613    1863.166        -390.613    1863.166              71              71
   19        1656.530     149.648        1656.530     149.648              19              19
  182       -1042.011   -1111.122       -1042.011   -1111.122             182             182
   81        -634.916   -1481.881        -634.916   -1481.881              81              81
  147         520.568    -213.048         520.568    -213.048             147             147
  108         899.672      12.728         899.672      12.728             108             108
   80       -1035.229     854.517       -1035.229     854.517              80              80
  105        -204.221     554.963        -204.221     554.963             105             105
  183         325.499     647.774         325.499     647.774             183             183
  233        -275.401    2522.931        -275.401    2522.931             233             233
  183        -697.528    1491.227        -697.528    1491.227             183             183
   63       -1896.240    -118.654       -1896.240    -118.654              63              63
  174        1464.188    1907.719        1464.188    1907.719             174             174
  220       -1501.338    1560.703       -1501.338    1560.703             220             220
  233        -946.023     450.582        -946.023     450.582             233             233
  101       -1267.093   -1284.457       -1267.093   -1284.457             101             101
   21        -877.259   -1005.173        -877.259   -1005.173              21              21
  184         700.980   -1528.763         700.980   -1528.763             184             184
  147        -322.238      37.796        -322.238      37.796             147             147
   58        -888.804     914.625        -888.804     914.625              58              58
   50        -361.935     147.467        -361.935     147.467              50              50
  252       -2514.618   -1122.034       -2514.618   -1122.034             252             252
  206         680.958   -2383.821         680.958   -2383.821             206             206
  134        1326.620    1311.809        1326.620    1311.809             134             134
   40        -107.429     455.223        -107.429     455.223              40              40
    1         581.894    -837.564         581.894    -837.564               1               1
  153        -404.739    2226.212        -404.739    2226.212             153             153
   55       -1660.013   -1238.380       -1660.013   -1238.380              55              55
   61         369.742    -535.148         369.742    -535.148              61              61
  189        1432.000    1270.401        1432.000    1270.401             189             189
   52         808.202     677.492         808.202     677.492              52              52
  133          25.153    -651.612          25.153    -651.612             133             133
  209         126.986   -1924.971         126.986   -1924.971             209             209
  235        -959.696     565.381        -959.696     565.381             235             235
  215       -1809.588   -1722.414       -1809.588   -1722.414             215             215
  101         886.316     714.577         886.316     714.577             101             101
   87        -840.417   -2718.232        -840.417   -2718.232              87              87
   39        -569.708   -2318.683        -569.708   -2318.683              39              39
  206        2187.881     558.337        2187.881     558.337             206             206
   15       -1707.875    1817.095       -1707.875    1817.095              15              15
   17         257.357    3114.655         257.357    3114.655              17              17
  134         681.186    -493.408         681.186    -493.408             134             134
   79       -1284.720    2213.221       -1284.720    2213.221              79              79
  192       -1186.476    -578.714       -1186.476    -578.714             192             192
   98        -640.774     687.906        -640.774     687.906              98              98
   56         189.495      69.356         189.495      69.356              56              56
   38         471.303    -406.105         471.303    -406.105              38              38
  119        -386.106   -2447.384        -386.106   -2447.384             119             119
  240        -509.029    1981.539        -509.029    1981.539             240             240
  186        1943.330   -1951.234        1943.330   -1951.234             186             186
  178        1085.496     168.616        1085.496     168.616             178             178
   35       -1110.144   -2396.552       -1110.144   -2396.552              35              35
  182       -1229.398     685.383       -1229.398     685.383             182             182
  128        1833.667    -241.837        1833.667    -241.837             128             128
  170         680.532    1183.072         680.532    1183.072             170             170
  223        1228.571   -2963.444        1228.571   -2963.444             223             223
  130        1221.592    -462.376        1221.592    -462.376             130             130
   67         943.991     627.923         943.991     627.923              67              67
   22         915.368    -744.782         915.368    -744.782              22              22
  191        1196.815    -850.446        1196.815    -850.446             191             191
    1          38.899    1000.713          38.899    1000.713               1               1
   75        -352.456    1781.255        -352.456    1781.255              75              75
   69        -778.118    1062.551        -778.118    1062.551              69              69
  211         199.591    2677.327         199.591    2677.327             211             211
   54       -1341.639    -449.372       -1341.639    -449.372              54              54
   28        -274.862    -524.182        -274.862    -524.182              28              28
   56         435.016    -874.317         435.016    -874.317              56              56
  142        -669.556   -1742.446        -669.556   -1742.446             142             142
   68        1097.292     491.528        1097.292     491.528              68              68
    6       -1570.605     191.588       -1570.605     191.588               6               6
  157       -1029.669     871.226       -1029.669     871.226             157             157
   85       -1110.658     433.777       -1110.658     433.777              85              85
  140         986.998    -204.857         986.998    -204.857             140             140
  236        2946.222    1344.048        2946.222    1344.048             236             236
   22         612.721     937.779         612.721     937.779              22              22
  239         203.898    1135.148         203.898    1135.148             239             239
   36       -1269.504    1616.066       -1269.504    1616.066              36              36
   60        2028.780   -1221.353        2028.780   -1221.353              60              60
  103         -28.723   -1426.740         -28.723   -1426.740             103             103
   21        1985.597     340.846        1985.597     340.846              21              21
  246         -63.165    -381.043         -63.165    -381.043             246             246
   25        -615.915     -42.817        -615.915     -42.817              25              25
   57        -188.219    1971.446        -188.219    1971.446              57              57
  172        2959.639    1946.752        2959.639    1946.752             172             172
  154         618.270    -514.585         618.270    -514.585             154             154
  227        1084.446     474.857        1084.446     474.857             227             227
  139        -549.697    1171.435        -549.697    1171.435             139             139
   28         417.523     158.838         417.523     158.838              28              28
   39         -76.588   -1614.493         -76.588   -1614.493              39              39
  162         658.464     442.470         658.464     442.470             162             162
  220         406.210    -572.050         406.210    -572.050             220             220
   41       -1169.914   -1901.397       -1169.914   -1901.397              41              41
  238       -1062.596     181.245       -1062.596     181.245             238             238
   34          65.277    1875.090          65.277    1875.090              34              34
  252        3108.093   -1432.250        3108.093   -1432.250             252             252
   36          31.230    -179.311          31.230    -179.311              36              36
   62        1127.813    2230.638        1127.813    2230.638              62              62
   52          11.659     144.529          11.659     144.529              52              52
  178       -1525.624    1129.398       -1525.624    1129.398             178             178
  131       -1892.076   -2106.980       -1892.076   -2106.980             131             131
   59        -257.999     584.795        -257.999     584.795              59              59
   80         130.298    -332.275         130.298    -332.275              80              80
  217       -1010.084     356.511       -1010.084     356.511             217             217
  200        1873.301     736.479        1873.301     736.479             200             200
   61        -592.748   -1280.587        -592.748   -1280.587              61              61
  239        -964.773     650.013        -964.773     650.013             239             239
  184        1864.337     667.350        1864.337     667.350             184             184
   98       -1108.500     252.865       -1108.500     252.865              98              98
   44        -357.886     406.871        -357.886     406.871              44              44
   31          81.017     407.488          81.017     407.488              31              31
  119         676.518   -2661.147         676.518   -2661.147             119             119
   34        1215.850    1893.147        1215.850    1893.147              34              34
   57       -2283.782       4.606       -2283.782       4.606              57              57
  177       -1917.705    -270.172       -1917.705    -270.172             177             177
  207        -178.078    -705.569        -178.078    -705.569             207             207
  212         480.118    -438.881         480.118    -438.881             212             212
  149       -1047.000     103.587       -1047.000     103.587             149             149
   91         784.278   -1284.907         784.278   -1284.907              91              91
  240        -877.012    -781.917        -877.012    -781.917             240             240
  189       -2110.979   -1213.858       -2110.979   -1213.858             189             189
  254        -103.003     893.230        -103.003     893.230             254             254
  205         404.031   -1856.537         404.031   -1856.537             205             205
  230         535.620    -253.068         535.620    -253.068             230             230
  236       -1052.698    2066.400       -1052.698    2066.400             236             236
  239        -989.086   -1511.419        -989.086   -1511.419             239             239
  227         996.906    1986.674         996.906    1986.674             227             227
   17        -366.867       2.552        -366.867       2.552              17              17
   46       -1837.043    1642.039       -1837.043    1642.039              46              46
   24        1597.905     530.733        1597.905     530.733              24              24
  196        1486.511    1512.719        1486.511    1512.719             196             196
  177        -492.654      29.610        -492.654      29.610             177             177
   84         645.122   -1601.576         645.122   -1601.576              84              84
   21        -207.565    1794.948        -207.565    1794.948              21              21
  139          40.113    1073.024          40.113    1073.024             139             139
   29        -345.011    2402.566        -345.011    2402.566              29              29
   82        1044.992   -1784.413        1044.992   -1784.413              82              82
  123       -1780.177   -2080.057       -1780.177   -2080.057             123             123
  213        -282.495   -3231.841        -282.495   -3231.841             213             213
  180        -697.989    1041.930        -697.989    1041.930             180             180
  167        -745.081    -849.121        -745.081    -849.121             167             167
  245        -643.055     523.317        -643.055     523.317             245             245
   44         158.485   -1121.587         158.485   -1121.587              44              44
  202        1663.062     302.992        1663.062     302.992             202             202
   47       -2045.610     241.531       -2045.610     241.531              47              47
  221       -1179.865   -2169.275       -1179.865   -2169.275             221             221
  153         260.751     406.794         260.751     406.794             153             153
    3        -229.814    -589.091        -229.814    -589.091               3               3
  115         104.386   -2212.235         104.386   -2212.235             115             115
  245       -2634.543     365.361       -2634.543     365.361             245             245
  244         433.264     -71.426         433.264     -71.426             244             244
   48        1138.226    -263.046        1138.226    -263.046              48              48
  243         637.193    -152.628         637.193    -152.628             243             243
  193        -826.159   -1078.411        -826.159   -1078.411             193             193
   23       -1245.647     421.751       -1245.647     421.751              23              23
  224       -1223.342    -764.784       -1223.342    -764.784             224             224
  176         179.421    2492.173         179.421    2492.173             176             176
  250       -1594.897   -1106.363       -1594.897   -1106.363             250             250
  242        1210.680    1383.595        1210.680    1383.595             242             242
  222         802.636    -243.000         802.636    -243.000             222             222
   19        -993.365    -120.225        -993.365    -120.225              19              19
  182         341.778   -1838.742         341.778   -1838.742             182             182
  144       -2295.353   -1279.023       -2295.353   -1279.023             144             144
  103         173.448     469.406         173.448     469.406             103             103
  203        1928.197    -126.046        1928.197    -126.046             203             203
   27         223.205    3007.194         223.205    3007.194              27              27
  132         696.220    -393.241         696.220    -393.241             132             132
   29         314.685   -1529.776         314.685   -1529.776              29              29
  150        -116.943    -961.262        -116.943    -961.262             150             150
   90        2219.631    -482.859        2219.631    -482.859              90              90
  210        -555.961    -785.696        -555.961    -785.696             210             210
   62        -668.708     777.325        -668.708     777.325              62              62
   79        1010.577     237.151        1010.577     237.151              79              79
  254       -2229.814    -257.516       -2229.814    -257.516             254             254
    8        1291.416     762.421        1291.416     762.421               8               8
  126        -736.854    1749.584        -736.854    1749.584             126             126
  220         -63.775     501.765         -63.775     501.765             220             220
  161          30.848     171.456          30.848     171.456             161             161
  130         602.315    1290.443         602.315    1290.443             130             130
   79         -59.165    1631.846         -59.165    1631.846              79              79
  151         818.830     386.464         818.830     386.464             151             151
  118        1341.805     171.686        1341.805     171.686             118             118
  127        2945.616    -584.327        2945.616    -584.327             127             127
  139        -372.439    1350.466        -372.439    1350.466             139             139
   55        -645.797    -245.678        -645.797    -245.678              55              55
  151         165.485    -178.595         165.485    -178.595             151             151
  107        1282.027     237.856        1282.027     237.856             107             107
  232        1131.703    -197.157        1131.703    -197.157             232             232
  146        -742.800    -123.706        -742.800    -123.706             146             146
   93       -1256.289    -130.767       -1256.289    -130.767              93              93
  199        1137.464    -872.383        1137.464    -872.383             199             199
  165         755.625    -273.084         755.625    -273.084             165             165
   20       -1456.475    1155.806       -1456.475    1155.806              20              20
   87       -2584.878    2956.081       -2584.878    2956.081              87              87
   12        2014.157    1208.015        2014.157    1208.015              12              12
  223        -988.267    2374.435        -988.267    2374.435             223             223
  115        -276.275    -931.092        -276.275    -931.092             115             115
  145         966.569     -88.007         966.569     -88.007             145             145
  253         829.933     633.587         829.933     633.587             253             253
   10        1618.777   -1779.836        1618.777   -1779.836              10              10
  235        -741.988    -755.605        -741.988    -755.605             235             235
  207        2677.975    -245.425        2677.975    -245.425             207             207
   72        1022.367     473.750        1022.367     473.750              72              72
   59        1060.404    -678.851        1060.404    -678.851              59              59
  206         219.655     417.447         219.655     417.447             206             206
   80         445.395     144.935         445.395     144.935              80              80
  186        1029.890     -16.446        1029.890     -16.446             186             186
  170        -230.971    -608.550        -230.971    -608.550             170             170
  242         530.492    -532.481         530.492    -532.481             242             242
   60        1272.531    -577.456        1272.531    -577.456              60              60
  249       -1233.653    -470.607       -1233.653    -470.607             249             249
  138        1349.512    -518.036        1349.512    -518.036             138             138
  179        -803.098      98.061        -803.098      98.061             179             179
  121         757.711    2568.147         757.711    2568.147             121             121
   21         -19.114   -1156.954         -19.114   -1156.954              21              21
  235         358.808   -2071.017         358.808   -2071.017             235             235
   16        3833.247     -85.315        3833.247     -85.315              16              16
  129        -607.015     796.189        -607.015     796.189             129             129
  212         388.267    -397.793         388.267    -397.793             212             212
  162        -211.786   -1046.295        -211.786   -1046.295             162             162
  223         513.942    -319.652         513.942    -319.652             223             223
  155        2288.362     152.538        2288.362     152.538             155             155
   71       -1821.049    1548.970       -1821.049    1548.970              71              71
  243         881.541    -380.928         881.541    -380.928             243             243
  243         608.929    1201.472         608.929    1201.472             243             243
   84        -197.640     509.880        -197.640     509.880              84              84
  211       -1108.225     757.888       -1108.225     757.888             211             211
  103        -822.483    -397.205        -822.483    -397.205             103             103
  230        1369.978    -587.464        1369.978    -587.464             230             230
  209        -277.657    -729.045        -277.657    -729.045             209             209
  113       -1501.796    3128.399       -1501.796    3128.399             113             113
  210       -2518.420    -682.046       -2518.420    -682.046             210             210
  161         594.102    1300.173         594.102    1300.173             161             161
  186         488.504     130.857         488.504     130.857             186             186
   13         592.906     209.815         592.906     209.815              13              13
  111       -1814.437     869.598       -1814.437     869.598             111             111
   11         970.008     744.396         970.008     744.396              11              11
  200       -1348.708   -2240.492       -1348.708   -2240.492             200             200
   25       -1419.526     482.939       -1419.526     482.939              25              25
  253       -1390.224     284.163       -1390.224     284.163             253             253
    5        1475.033    -539.345        1475.033    -539.345               5               5
   19         705.362     739.117         705.362     739.117              19              19
  136         492.891    1130.833         492.891    1130.833             136             136
  185         511.915   -2582.146         511.915   -2582.146             185             185
  140        1943.480    -387.591        1943.480    -387.591             140             140
