SINAL     NFT                         FFT                         NFT INVERSA     FFT INVERSA
-----     -----------------------     -----------------------     -----------     -----------
  179       66386.000       0.000       66386.000       0.000             179             179
  174         624.093     310.296         624.093     310.296             174             174
  122        -595.737     954.878        -595.737     954.878             122             122
  237         337.809    -469.432         337.809    -469.432             237             237
   35       -1633.063    -996.832       -1633.063    -996.832              35              35
  106         231.883    -330.864         231.883    -330.864             106             106
  176        -648.771     266.726        -648.771     266.726             176             176
  178        1685.353     142.540        1685.353     142.540             178             178
  244       -1687.562   -2073.486       -1687.562   -2073.486             244             244
  143        1398.142   -2188.597        1398.142   -2188.597             143             143
  137       -1153.782   -2071.738       -1153.782   -2071.738             137             137
  172        2169.296    2453.657        2169.296    2453.657             172             172
   41         573.575    -870.133         573.575    -870.133              41              41
  190        1556.072   -1081.497        1556.072   -1081.497             190             190
  237        1460.927    -552.233        1460.927    -552.233             237             237
   32        -343.704    -196.521        -343.704    -196.521              32              32
   33        -226.319     663.089        -226.319     663.089              33              33
  172        1572.071     727.153        1572.071     727.153             172             172
   73        -756.983     921.621        -756.983     921.621              73              73
  190         252.207    -145.706         252.207    -145.706             190             190
  163        1256.851    1108.283        1256.851    1108.283             163             163
  148       -1332.379    -596.639       -1332.379    -596.639             148             148
   66       -1427.744     370.768       -1427.744     370.768              66              66
  215         275.978   -2200.576         275.978   -2200.576             215             215
   78         729.459     286.256         729.459     286.256              78              78
  135        -809.063    -210.184        -809.063    -210.184             135             135
  200         -41.886    -145.634         -41.886    -145.634             200             200
   43        2223.332     689.172        2223.332     689.172              43              43
  227        -331.381    1299.496        -331.381    1299.496             227             227
   20       -1787.120    2895.297       -1787.120    2895.297              20              20
   57       -3529.158   -2548.973       -3529.158   -2548.973              57              57
  151        -872.414     -13.080        -872.414     -13.080             151             151
  194          24.712   -2197.444          24.712   -2197.444             194             194
  180       -1051.509    -777.487       -1051.509    -777.487             180             180
  133        1192.417     299.792        1192.417     299.792             133             133
  230       -1827.423   -1718.190       -1827.423   -1718.190             230             230
   30         706.729     488.864         706.729     488.864              30              30
   53        -934.958    -230.856        -934.958    -230.856              53              53
  152        1009.899    -696.123        1009.899    -696.123             152             152
   19          53.023     376.245          53.023     376.245              19              19
  196        -390.239   -2617.388        -390.239   -2617.388             196             196
   34        -241.739       9.804        -241.739       9.804              34              34
  191        1371.973     984.142        1371.973     984.142             191             191
  237       -2235.387    -972.390       -2235.387    -972.390             237             237
  225        2033.791    1632.830        2033.791    1632.830             225             225
  173          93.659    -216.764          93.659    -216.764             173             173
   14        -222.204     618.026        -222.204     618.026              14              14
    2        2275.452     383.832        2275.452     383.832               2               2
   89        1034.694   -1971.221        1034.694   -1971.221              89              89
   87        1191.746    -911.284        1191.746    -911.284              87              87
  193        -283.906     769.979        -283.906     769.979             193             193
  252        2506.929    -251.956        2506.929    -251.956             252             252
  235         377.088    -470.615         377.088    -470.615             235             235
    3       -1552.800    -368.257       -1552.800    -368.257               3               3
  211         767.316   -1251.464         767.316   -1251.464             211             211
   57        -558.053     877.897        -558.053     877.897              57              57
  139        -333.187    -152.137        -333.187    -152.137             139             139
  156       -1266.674    -151.486       -1266.674    -151.486             156             156
  101        1055.405    1548.070        1055.405    1548.070             101             101
  111        1283.149     625.745        1283.149     625.745             111             111
  177        3897.447    -689.218        3897.447    -689.218             177             177
  159        2530.424    -521.620        2530.424    -521.620             159             159
    6        1596.289    -976.384        1596.289    -976.384               6               6
  115        -519.722    -111.637        -519.722    -111.637             115             115
   83         -18.244     386.008         -18.244     386.008              83              83
  139         513.177    1403.758         513.177    1403.758             139             139
   90       -2049.524     619.853       -2049.524     619.853              90              90
  113        -124.288     106.968        -124.288     106.968             113             113
  192        -858.893    2057.732        -858.893    2057.732             192             192
  242        1241.116     -21.246        1241.116     -21.246             242             242
  132       -1150.443    -503.488       -1150.443    -503.488             132             132
  132        1539.240    -319.523        1539.240    -319.523             132             132
   21         243.193     100.283         243.193     100.283              21              21
   68        -196.440    1957.877        -196.440    1957.877              68              68
  114         103.615    -545.476         103.615    -545.476             114             114
  246         614.271   -1231.377         614.271   -1231.377             246             246
  241       -1176.935    -879.152       -1176.935    -879.152             241             241
  128        1378.739     266.328        1378.739     266.328             128             128
  249         549.452    -924.808         549.452    -924.808             249             249
   74        -545.393     498.027        -545.393     498.027              74              74
  216        2485.118     211.289        2485.118     211.289             216             216
  186         986.796     547.282         986.796     547.282             186             186
   71        2336.690   -2246.661        2336.690   -2246.661              71              71
  195        2724.367    -405.210        2724.367    -405.210             195             195
  190       -2397.749    1937.898       -2397.749    1937.898             190             190
   27       -1732.110    -852.409       -1732.110    -852.409              27              27
  253         -13.065   -1908.577         -13.065   -1908.577             253             253
   74        -972.618    1662.238        -972.618    1662.238              74              74
  184       -1363.099    1301.409       -1363.099    1301.409             184             184
   98       -1607.662   -1028.280       -1607.662   -1028.280              98              98
  185         839.023   -2111.727         839.023   -2111.727             185             185
  105       -1334.832    1146.552       -1334.832    1146.552             105             105
    1        1717.940     609.853        1717.940     609.853               1               1
  191       -2376.335    -150.029       -2376.335    -150.029             191             191
  221        -849.944   -1382.931        -849.944   -1382.931             221             221
   84        1212.098    -749.255        1212.098    -749.255              84              84
   74        -343.368   -1736.791        -343.368   -1736.791              74              74
   55        -167.685    -906.735        -167.685    -906.735              55              55
  198         -18.180    -352.434         -18.180    -352.434             198             198
   10        -860.996    1369.203        -860.996    1369.203              10              10
   42         801.524    -301.006         801.524    -301.006              42              42
   75       -2529.436    1048.867       -2529.436    1048.867              75              75
  143          81.738     103.038          81.738     103.038             143             143
   63        2374.602     106.250        2374.602     106.250              63              63
  143        -170.232     284.137        -170.232     284.137             143             143
    2        -772.082    -181.647        -772.082    -181.647               2               2
   53        2048.847     270.840        2048.847     270.840              53              53
  129       -1953.641     955.646       -1953.641     955.646             129             129
  131        -769.602    1663.004        -769.602    1663.004             131             131
   46         379.105     470.401         379.105     470.401              46              46
  203         731.395     -90.225         731.395     -90.225             203             203
   91         120.487    -686.200         120.487    -686.200              91              91
  233       -1522.592     -87.475       -1522.592     -87.475             233             233
   19         341.780     264.556         341.780     264.556              19              19
   30       -1531.308    -823.362       -1531.308    -823.362              30              30
  168        1003.830    -294.488        1003.830    -294.488             168             168
   46          -4.094    -694.354          -4.094    -694.354              46              46
   27        1178.057   -1658.815        1178.057   -1658.815              27              27
  242         150.978     870.169         150.978     870.169             242             242
  230         383.924    2001.007         383.924    2001.007             230             230
  126        1004.319   -1894.423        1004.319   -1894.423             126             126
  171       -2081.425     -69.609       -2081.425     -69.609             171             171
   80         532.836   -1671.235         532.836   -1671.235              80              80
  127       -1687.816   -2237.635       -1687.816   -2237.635             127             127
  106         769.326     968.343         769.326     968.343             106             106
   45         492.426     950.832         492.426     950.832              45              45
  212        2235.892    -545.949        2235.892    -545.949             212             212
  181       -1281.699     382.482       -1281.699     382.482             181             181
  100         184.891    1713.042         184.891    1713.042             100             100
  154        1442.776     508.119        1442.776     508.119             154             154
  192         866.290     852.054         866.290     852.054             192             192
  142       -1581.451    -874.923       -1581.451    -874.923             142             142
  230         514.918      93.134         514.918      93.134             230             230
   80       -1005.127     347.974       -1005.127     347.974              80              80
  205         836.773    -728.030         836.773    -728.030             205             205
  117        -193.206     639.706        -193.206     639.706             117             117
   83         108.736     205.556         108.736     205.556              83              83
    3         253.498     388.124         253.498     388.124               3               3
  247         686.452     191.879         686.452     191.879             247             247
  214         482.103      86.371         482.103      86.371             214             214
   50       -2871.179    2603.502       -2871.179    2603.502              50              50
  194         850.689    1721.490         850.689    1721.490             194             194
   49         948.277    -128.127         948.277    -128.127              49              49
   27        -510.949    -170.496        -510.949    -170.496              27              27
  213         136.478    1102.406         136.478    1102.406             213             213
   80       -1343.072   -1361.971       -1343.072   -1361.971              80              80
  196         384.477     808.177         384.477     808.177             196             196
    4        1546.483     363.720        1546.483     363.720               4               4
  108        1120.114    -702.824        1120.114    -702.824             108             108
  182         355.256    -248.842         355.256    -248.842             182             182
  235         754.407     703.081         754.407     703.081             235             235
  234        -354.149    -521.363        -354.149    -521.363             234             234
   98        3927.060     596.381        3927.060     596.381              98              98
   59          34.438    -973.088          34.438    -973.088              59              59
  105         -67.839    1764.289         -67.839    1764.289             105             105
  205       -2001.211   -1618.816       -2001.211   -1618.816             205             205
  104         703.001    -881.241         703.001    -881.241             104             104
   62        1440.663    1245.784        1440.663    1245.784              62              62
  130       -1267.261     515.420       -1267.261     515.420             130             130
  204        1815.863    -246.898        1815.863    -246.898             204             204
  216        3077.539     525.094        3077.539     525.094             216             216
   67       -1032.712    1051.996       -1032.712    1051.996              67              67
   91        -536.598     509.283        -536.598     509.283              91              91
  190        -135.919    -652.524        -135.919    -652.524             190             190
  147         -13.517    -645.109         -13.517    -645.109             147             147
   41       -1310.798    -497.696       -1310.798    -497.696              41              41
   52         -61.180    -543.891         -61.180    -543.891              52              52
  230       -1125.939    -859.504       -1125.939    -859.504             230             230
   44       -1325.294    -686.247       -1325.294    -686.247              44              44
   43         559.709      40.206         559.709      40.206              43              43
  188        1789.036     897.857        1789.036     897.857             188             188
   94        -622.618    1334.439        -622.618    1334.439              94              94
  238         -58.803     651.392         -58.803     651.392             238             238
  238        -258.214    -388.912        -258.214    -388.912             238             238
  122         116.026     838.230         116.026     838.230             122             122
  196        -518.521     944.033        -518.521     944.033             196             196
   62          64.107     686.595          64.107     686.595              62              62
   62         889.323    4134.847         889.323    4134.847              62              62
  200        3971.293    1822.150        3971.293    1822.150             200             200
  170       -1032.868     577.571       -1032.868     577.571             170             170
  245       -1481.690    -208.235       -1481.690    -208.235             245             245
  179         505.984    -582.004         505.984    -582.004             179             179
  149        2942.015    -756.909        2942.015    -756.909             149             149
   87         582.702      41.980         582.702      41.980              87              87
  239        -791.032     575.228        -791.032     575.228             239             239
  255         253.036    1010.723         253.036    1010.723             255             255
   36       -1998.941     810.574       -1998.941     810.574              36              36
   87        1126.289   -2163.102        1126.289   -2163.102              87              87
   61        -487.037    -124.240        -487.037    -124.240              61              61
  167        -271.508     429.624        -271.508     429.624             167             167
   36        1989.103      70.217        1989.103      70.217              36              36
   21         427.845     583.654         427.845     583.654              21              21
  234         115.982     265.799         115.982     265.799             234             234
  127       -1609.320   -2174.377       -1609.320   -2174.377             127             127
  212        -839.781   -1030.004        -839.781   -1030.004             212             212
  125         182.576    1433.507         182.576    1433.507             125             125
  168        -109.973     -14.679        -109.973     -14.679             168             168
    9          79.175   -1127.775          79.175   -1127.775               9               9
  100       -1351.126   -2005.398       -1351.126   -2005.398             100             100
  213        1589.799     113.364        1589.799     113.364             213             213
   53        -526.723   -2224.022        -526.723   -2224.022              53              53
   33         606.961    1845.667         606.961    1845.667              33              33
   51        -375.282    -281.937        -375.282    -281.937              51              51
   36        2792.635    -611.502        2792.635    -611.502              36              36
   15         466.943   -1181.261         466.943   -1181.261              15              15
  174         431.651   -1084.812         431.651   -1084.812             174             174
  232        -442.393    -980.661        -442.393    -980.661             232             232
   78        -248.392     344.152        -248.392     344.152              78              78
  237       -1004.251   -1198.597       -1004.251   -1198.597             237             237
  177        1808.761   -1766.746        1808.761   -1766.746             177             177
  249         816.410    1258.208         816.410    1258.208             249             249
  226        -278.584    -744.701        -278.584    -744.701             226             226
  101       -2246.690   -1308.197       -2246.690   -1308.197             101             101
  142       -1420.977    3141.621       -1420.977    3141.621             142             142
   57        1393.853    1255.080        1393.853    1255.080              57              57
   84        -582.596     -35.542        -582.596     -35.542              84              84
  142         925.006     997.396         925.006     997.396             142             142
   94        2194.515    -448.748        2194.515    -448.748              94              94
  171        2134.884    1770.945        2134.884    1770.945             171             171
  203         506.925    1044.279         506.925    1044.279             203             203
    5         -14.207    -383.887         -14.207    -383.887               5               5
  208         -28.729     274.508         -28.729     274.508             208             208
  225        -320.272   -2302.222        -320.272   -2302.222             225             225
  239       -1265.169     714.675       -1265.169     714.675             239             239
   79        -611.170     864.004        -611.170     864.004              79              79
  182        -481.538    -294.843        -481.538    -294.843             182             182
  109       -1502.954    -632.174       -1502.954    -632.174             109             109
  248         769.735     668.029         769.735     668.029             248             248
  192        -113.736     970.830        -113.736     970.830             192             192
  210       -1219.553     121.418       -1219.553     121.418             210             210
  205         419.101     160.506         419.101     160.506             205             205
  245       -2316.822     565.727       -2316.822     565.727             245             245
  243        1781.347     417.546        1781.347     417.546             243             243
    1       -2134.219    1645.411       -2134.219    1645.411               1               1
   26       -1265.995    -509.396       -1265.995    -509.396              26              26
    3         116.874    1911.241         116.874    1911.241               3               3
  175       -1837.970    2388.513       -1837.970    2388.513             175             175
    2        -275.018   -1620.153        -275.018   -1620.153               2               2
   82        -108.149    -549.350        -108.149    -549.350              82              82
  156        -231.215   -2174.919        -231.215   -2174.919             156             156
  180        -311.153     254.416        -311.153     254.416             180             180
   76         780.710    1008.925         780.710    1008.925              76              76
  127        -614.508    1005.859        -614.508    1005.859             127             127
   25       -1272.003    1337.443       -1272.003    1337.443              25              25
  219        -321.873    -712.593        -321.873    -712.593             219             219
  185         153.591     672.665         153.591     672.665             185             185
  109         622.294   -2580.838         622.294   -2580.838             109             109
  105       -2034.074     375.350       -2034.074     375.350             105             105
   23        -883.629   -1839.932        -883.629   -1839.932              23              23
   25       -1667.513     -29.561       -1667.513     -29.561              25              25
   52        -415.689   -1185.884        -415.689   -1185.884              52              52
   29         504.036     417.228         504.036     417.228              29              29
  233        -804.120    -413.325        -804.120    -413.325             233             233
   21       -1156.918   -1331.329       -1156.918   -1331.329              21              21
   13       -1263.275     606.429       -1263.275     606.429              13              13
   57          45.065     100.827          45.065     100.827              57              57
  204        4112.000       0.689        4112.000       0.689             204             204
  122          44.510    -100.801          44.510    -100.801             122             122
   50       -1263.426    -606.684       -1263.426    -606.684              50              50
  140       -1157.458    1331.055       -1157.458    1331.055             140             140
   77        -804.197     412.956        -804.197     412.956              77              77
    0         504.124    -417.020         504.124    -417.020              -0              -0
  130        -416.340    1185.777        -416.340    1185.777             130             130
   65       -1667.639      29.004       -1667.639      29.004              65              65
    1        -884.224    1839.515        -884.224    1839.515               1               1
  156       -2033.698    -376.166       -2033.698    -376.166             156             156
   69         621.731    2580.742         621.731    2580.742              69              69
  177         153.841    -673.101         153.841    -673.101             177             177
  159        -322.174     712.050        -322.174     712.050             159             159
  151       -1271.492   -1338.284       -1271.492   -1338.284             151             151
   78        -613.915   -1006.217        -613.915   -1006.217              78              78
   83         781.167   -1008.626         781.167   -1008.626              83              83
  228        -311.099    -254.294        -311.099    -254.294             228             228
  206        -231.943    2174.813        -231.943    2174.813             206             206
  108        -108.380     548.975        -108.380     548.975             108             108
  191        -275.711    1619.419        -275.711    1619.419             191             191
  135       -1837.150   -2389.743       -1837.150   -2389.743             135             135
  218         117.587   -1911.263         117.587   -1911.263             218             218
   40       -1266.186     508.871       -1266.186     508.871              40              40
  159       -2133.313   -1646.266       -2133.313   -1646.266             159             159
  244        1781.662    -416.926        1781.662    -416.926             244             244
   93       -2316.553    -566.494       -2316.553    -566.494              93              93
  188         419.401    -160.366         419.401    -160.366             188             188
  222       -1219.316    -121.912       -1219.316    -121.912             222             222
  115        -113.092    -970.899        -113.092    -970.899             115             115
  201         770.027    -667.620         770.027    -667.620             201             201
   24       -1503.103     631.761       -1503.103     631.761              24              24
   63        -481.394     294.566        -481.394     294.566              63              63
   68        -610.667    -864.264        -610.667    -864.264              68              68
   75       -1264.574    -714.868       -1264.574    -714.868              75              75
  203        -320.554    2302.101        -320.554    2302.101             203             203
  146         -28.167    -274.819         -28.167    -274.819             146             146
   75         -13.831     383.577         -13.831     383.577              75              75
   77         507.853   -1044.431         507.853   -1044.431              77              77
  211        2135.881   -1770.228        2135.881   -1770.228             211             211
   77        2194.360     449.510        2194.360     449.510              77              77
  233         925.089    -997.142         925.089    -997.142             233             233
   24        -582.710      35.279        -582.710      35.279              24              24
  254        1394.080   -1254.746        1394.080   -1254.746             254             254
  136       -1420.213   -3141.694       -1420.213   -3141.694             136             136
  176       -2246.923    1308.008       -2246.923    1308.008             176             176
   77        -278.332     744.737        -278.332     744.737              77              77
  220         817.231   -1257.628         817.231   -1257.628             220             220
  149        1808.184    1767.707        1808.184    1767.707             149             149
   27       -1004.708    1198.253       -1004.708    1198.253              27              27
   73        -248.099    -344.178        -248.099    -344.178              73              73
   84        -442.436     980.670        -442.436     980.670              84              84
  163         431.632    1084.980         431.632    1084.980             163             163
   36         466.914    1181.296         466.914    1181.296              36              36
  124        2792.452     612.214        2792.452     612.214             124             124
   66        -375.555     281.540        -375.555     281.540              66              66
   24         607.519   -1845.360         607.519   -1845.360              24              24
  218        -527.442    2223.993        -527.442    2223.993             218             218
  255        1589.728    -112.860        1589.728    -112.860             255             255
  247       -1351.936    2004.873       -1351.936    2004.873             247             247
   77          78.870    1127.414          78.870    1127.414              77              77
  201        -109.953      14.211        -109.953      14.211             201             201
   15         183.010   -1433.536         183.010   -1433.536              15              15
  140        -840.176    1029.824        -840.176    1029.824             140             140
   13       -1609.796    2173.520       -1609.796    2173.520              13              13
   90         116.497    -266.271         116.497    -266.271              90              90
   88         428.411    -583.806         428.411    -583.806              88              88
  160        1989.195     -69.757        1989.195     -69.757             160             160
  166        -271.488    -429.849        -271.488    -429.849             166             166
  166        -486.982     124.060        -486.982     124.060             166             166
  115        1125.519    2163.129        1125.519    2163.129             115             115
  243       -1998.614    -811.802       -1998.614    -811.802             243             243
  143         253.672   -1010.920         253.672   -1010.920             143             143
  140        -790.483    -575.610        -790.483    -575.610             140             140
  242         583.247     -41.855         583.247     -41.855             242             242
   24        2941.883     757.705        2941.883     757.705              24              24
   61         505.499     581.780         505.499     581.780              61              61
   63       -1481.766     207.185       -1481.766     207.185              63              63
  245       -1032.109    -578.577       -1032.109    -578.577             245             245
  210        3972.154   -1821.447        3972.154   -1821.447             210             210
   91         890.373   -4134.624         890.373   -4134.624              91              91
   62          64.067    -686.304          64.067    -686.304              62              62
   39        -518.314    -944.067        -518.314    -944.067              39              39
  254         116.276    -837.990         116.276    -837.990             254             254
   98        -258.361     388.905        -258.361     388.905              98              98
  163         -58.561    -651.478         -58.561    -651.478             163             163
   65        -621.991   -1334.562        -621.991   -1334.562              65              65
  123        1789.388    -896.969        1789.388    -896.969             123             123
  126         559.399     -39.668         559.399     -39.668             126             126
   64       -1325.746     686.056       -1325.746     686.056              64              64
  114       -1126.150     859.213       -1126.150     859.213             114             114
  203         -61.270     543.852         -61.270     543.852             203             203
    9       -1310.790     497.201       -1310.790     497.201               9               9
  130         -13.443     644.975         -13.443     644.975             130             130
   87        -135.920     652.196        -135.920     652.196              87              87
   23        -536.151    -509.781        -536.151    -509.781              23              23
  221       -1031.742   -1052.474       -1031.742   -1052.474             221             221
  176        3078.166    -524.037        3078.166    -524.037             176             176
  184        1815.603     247.468        1815.603     247.468             184             184
  131       -1267.104    -515.943       -1267.104    -515.943             131             131
   86        1441.201   -1245.156        1441.201   -1245.156              86              86
   43         702.499     881.687         702.499     881.687              43              43
  118       -2001.703    1617.929       -2001.703    1617.929             118             118
  230         -66.833   -1764.455         -66.833   -1764.455             230             230
  184          34.673     973.097          34.673     973.097             184             184
  105        3927.384    -595.162        3927.384    -595.162             105             105
  255        -354.522     521.155        -354.522     521.155             255             255
  246         754.658    -702.908         754.658    -702.908             246             246
  169         355.204     248.972         355.204     248.972             169             169
  244        1119.900     703.042        1119.900     703.042             244             244
  200        1546.389    -363.431        1546.389    -363.431             200             200
    4         384.343    -808.075         384.343    -808.075               4               4
   50       -1343.708    1361.353       -1343.708    1361.353              50              50
  239         136.852   -1102.621         136.852   -1102.621             239             239
    3        -510.950     170.170        -510.950     170.170               3               3
  149         948.254     128.073         948.254     128.073             149             149
  147         850.937   -1721.556         850.937   -1721.556             147             147
   68       -2870.331   -2604.362       -2870.331   -2604.362              68              68
   16         482.469     -85.936         482.469     -85.936              16              16
   18         686.619    -191.543         686.619    -191.543              18              18
  133         253.628    -387.957         253.628    -387.957             133             133
  131         108.795    -205.445         108.795    -205.445             131             131
  221        -192.940    -639.621        -192.940    -639.621             221             221
  143         836.482     728.395         836.482     728.395             143             143
    5       -1005.027    -348.323       -1005.027    -348.323               5               5
   53         514.978     -92.893         514.978     -92.893              53              53
  167       -1581.563     874.291       -1581.563     874.291             167             167
  227         866.932    -851.940         866.932    -851.940             227             227
  229        1442.988    -507.722        1442.988    -507.722             229             229
   95         185.328   -1712.875         185.328   -1712.875              95              95
  102       -1281.383    -382.600       -1281.383    -382.600             102             102
   59        2235.858     546.848        2235.858     546.848              59              59
  139         492.562    -950.527         492.562    -950.527             139             139
  221         769.350    -967.585         769.350    -967.585             221             221
   33       -1688.700    2237.476       -1688.700    2237.476              33              33
   68         532.246    1671.350         532.246    1671.350              68              68
   70       -2081.307      68.822       -2081.307      68.822              70              70
   32        1003.988    1894.467        1003.988    1894.467              32              32
   58         384.673   -2001.127         384.673   -2001.127              58              58
  239         151.374    -869.836         151.374    -869.836             239             239
   21        1177.490    1659.392        1177.490    1659.392              21              21
    3          -4.425     694.252          -4.425     694.252               3               3
  244        1003.509     294.725        1003.509     294.725             244             244
   71       -1531.731     822.675       -1531.731     822.675              71              71
  243         341.840    -264.631         341.840    -264.631             243             243
  247       -1522.563      86.877       -1522.563      86.877             247             247
  221         120.506     686.056         120.506     686.056             221             221
  135         731.442      90.151         731.442      90.151             135             135
   60         379.144    -470.615         379.144    -470.615              60              60
  237        -769.164   -1663.409        -769.164   -1663.409             237             237
  153       -1953.022    -956.195       -1953.022    -956.195             153             153
  194        2049.164    -270.007        2049.164    -270.007             194             194
  112        -772.144     181.447        -772.144     181.447             112             112
  118        -169.861    -284.182        -169.861    -284.182             118             118
   82        2374.615    -105.432        2374.615    -105.432              82              82
  118          81.343    -103.038          81.343    -103.038             118             118
  171       -2529.109   -1049.625       -2529.109   -1049.625             171             171
  249         801.576     301.385         801.576     301.385             249             249
   89        -860.501   -1369.271        -860.501   -1369.271              89              89
  145         -18.173     352.843         -18.173     352.843             145             145
   89        -167.905     906.997        -167.905     906.997              89              89
  192        -343.797    1736.765        -343.797    1736.765             192             192
  205        1211.809     749.596        1211.809     749.596             205             205
  229        -850.621    1382.455        -850.621    1382.455             229             229
  157       -2376.140     148.918       -2376.140     148.918             157             157
  239        1718.352    -609.464        1718.352    -609.464             239             239
   41       -1334.414   -1146.830       -1334.414   -1146.830              41              41
  228         838.332    2112.094         838.332    2112.094             228             228
   16       -1608.061    1027.356       -1608.061    1027.356              16              16
  100       -1362.436   -1302.176       -1362.436   -1302.176             100             100
  212        -971.687   -1662.364        -971.687   -1662.364             212             212
   37         -13.411    1908.735         -13.411    1908.735              37              37
  103       -1732.048     851.526       -1732.048     851.526             103             103
  200       -2396.140   -1938.758       -2396.140   -1938.758             200             200
  109        2725.210     406.403        2725.210     406.403             109             109
   90        2336.305    2247.333        2336.305    2247.333              90              90
  191         987.205    -547.252         987.205    -547.252             191             191
   74        2485.172    -210.566        2485.172    -210.566              74              74
  225        -545.305    -498.178        -545.305    -498.178             225             225
  252         549.294     924.983         549.294     924.983             252             252
   55        1378.762    -265.907        1378.762    -265.907              55              55
  123       -1177.224     878.751       -1177.224     878.751             123             123
  191         614.035    1231.343         614.035    1231.343             191             191
  168         103.517     545.025         103.517     545.025             168             168
  241        -195.619   -1958.199        -195.619   -1958.199             241             241
   17         243.480    -100.165         243.480    -100.165              17              17
   31        1539.152     319.977        1539.152     319.977              31              31
  157       -1150.564     502.888       -1150.564     502.888             157             157
   11        1241.188      21.276        1241.188      21.276              11              11
  121        -858.217   -2058.186        -858.217   -2058.186             121             121
   47        -124.175    -106.989        -124.175    -106.989              47              47
  101       -2048.975    -620.618       -2048.975    -620.618             101             101
   57         514.181   -1403.496         514.181   -1403.496              57              57
  252         -17.692    -385.755         -17.692    -385.755             252             252
   74        -519.113     111.717        -519.113     111.717              74              74
  215        1596.705     977.029        1596.705     977.029             215             215
  235        2530.756     522.413        2530.756     522.413             235             235
  115        3897.190     690.322        3897.190     690.322             115             115
  187        1282.973    -625.562        1282.973    -625.562             187             187
  251        1055.483   -1547.669        1055.483   -1547.669             251             251
  215       -1266.992     151.252       -1266.992     151.252             215             215
  143        -333.215     152.082        -333.215     152.082             143             143
   33        -557.608    -877.888        -557.608    -877.888              33              33
   63         766.983    1251.907         766.983    1251.907              63              63
   88       -1552.693     367.733       -1552.693     367.733              88              88
  142         377.481     470.712         377.481     470.712             142             142
  153        2507.053     252.709        2507.053     252.709             153             153
   24        -283.568    -769.991        -283.568    -769.991              24              24
  216        1191.659     911.871        1191.659     911.871             216             216
  123        1034.171    1971.387        1034.171    1971.387             123             123
   20        2275.449    -383.414        2275.449    -383.414              20              20
   16        -222.229    -618.224        -222.229    -618.224              16              16
  247          93.607     216.670          93.607     216.670             247             247
  212        2034.086   -1632.090        2034.086   -1632.090             212             212
  184       -2235.837     971.757       -2235.837     971.757             184             184
  232        1372.383    -983.597        1372.383    -983.597             232             232
  229        -241.858      -9.521        -241.858      -9.521             229             229
  216        -391.094    2617.297        -391.094    2617.297             216             216
  134          53.252    -376.390          53.252    -376.390             134             134
  240        1009.594     696.420        1009.594     696.420             240             240
   81        -935.104     230.439        -935.104     230.439              81              81
  182         706.815    -488.550         706.815    -488.550             182             182
   85       -1827.951    1717.576       -1827.951    1717.576              85              85
  139        1192.588    -299.476        1192.588    -299.476             139             139
  178       -1051.842     777.213       -1051.842     777.213             178             178
  160          23.941    2197.244          23.941    2197.244             160             160
   98        -872.611      12.471        -872.611      12.471              98              98
  158       -3529.821    2547.162       -3529.821    2547.162             158             158
   20       -1785.419   -2896.510       -1785.419   -2896.510              20              20
   30        -330.071   -1299.639        -330.071   -1299.639              30              30
  154        2224.068    -688.320        2224.068    -688.320             154             154
  236         -41.770     145.723         -41.770     145.723             236             236
  174        -808.759     209.936        -808.759     209.936             174             174
  187         729.950    -285.887         729.950    -285.887             187             187
   43         275.419    2200.571         275.419    2200.571              43              43
    6       -1427.323    -371.544       -1427.323    -371.544               6               6
   73       -1331.876     595.917       -1331.876     595.917              73              73
  197        1257.900   -1108.079        1257.900   -1108.079             197             197
   30         252.596     145.660         252.596     145.660              30              30
   34        -756.036    -921.999        -756.036    -921.999              34              34
   65        1572.915    -726.594        1572.915    -726.594              65              65
   51        -225.621    -662.995        -225.621    -662.995              51              51
   50        -343.012     196.631        -343.012     196.631              50              50
   56        1461.531     552.886        1461.531     552.886              56              56
    7        1556.266    1082.035        1556.266    1082.035               7               7
  234         573.835     870.091         573.835     870.091             234             234
   33        2170.490   -2452.768        2170.490   -2452.768              33              33
  237       -1154.022    2071.774       -1154.022    2071.774             237             237
  195        1397.994    2189.035        1397.994    2189.035             195             195
  168       -1687.473    2072.510       -1687.473    2072.510             168             168
  222        1686.351    -142.456        1686.351    -142.456             222             222
   20        -647.742    -267.187        -647.742    -267.187              20              20
   94         232.990     330.795         232.990     330.795              94              94
   52       -1631.667     996.018       -1631.667     996.018              52              52
  159         340.107     469.096         340.107     469.096             159             159
   16        -591.800    -955.420        -591.800    -955.420              16              16
  212         631.348    -310.237         631.348    -310.237             212             212
