SINAL     NFT                         FFT                         NFT INVERSA     FFT INVERSA
-----     -----------------------     -----------------------     -----------     -----------
  104       66872.000       0.000       66872.000       0.000             104             104
   59         785.607     576.142         785.607     576.142              59              59
   63       -1175.695   -1705.496       -1175.695   -1705.496              63              63
  166         654.865     565.012         654.865     565.012             166             166
   73         529.341    2385.983         529.341    2385.983              73              73
  154       -2387.296     410.470       -2387.296     410.470             154             154
    1        -705.272    -644.947        -705.272    -644.947               1               1
   19        1056.214    -513.860        1056.214    -513.860              19              19
   54       -1874.058   -1513.594       -1874.058   -1513.594              54              54
  108       -1186.907     127.044       -1186.907     127.044             108             108
  152         184.254    1019.285         184.254    1019.285             152             152
   23       -1619.604    2299.017       -1619.604    2299.017              23              23
  108         681.784    -389.010         681.784    -389.010             108             108
  254       -1890.949   -2773.398       -1890.949   -2773.398             254             254
  241        -889.302    -953.150        -889.302    -953.150             241             241
  169       -1893.378    -323.318       -1893.378    -323.318             169             169
  114        -580.400     965.091        -580.400     965.091             114             114
  142        -452.469    -934.919        -452.469    -934.919             142             142
  195         533.645    1529.029         533.645    1529.029             195             195
  196        -344.992    1810.161        -344.992    1810.161             196             196
  233         423.088    -575.281         423.088    -575.281             233             233
  228       -1129.884     636.280       -1129.884     636.280             228             228
   25         913.628    -340.731         913.628    -340.731              25              25
  191         861.704    1152.998         861.704    1152.998             191             191
   71       -1426.069    1165.893       -1426.069    1165.893              71              71
   57        -146.926     854.841        -146.926     854.841              57              57
  142        -616.023    -925.913        -616.023    -925.913             142             142
  225        1544.596     162.761        1544.596     162.761             225             225
  158        1362.113     350.948        1362.113     350.948             158             158
   77        1567.539    -444.676        1567.539    -444.676              77              77
   23        1167.751    1174.981        1167.751    1174.981              23              23
    7        3232.623     197.552        3232.623     197.552               7               7
  137        1772.798   -1159.450        1772.798   -1159.450             137             137
   86         363.806     -49.691         363.806     -49.691              86              86
  173         -64.242     546.042         -64.242     546.042             173             173
  210        1546.174    -317.922        1546.174    -317.922             210             210
  241       -2223.767     401.504       -2223.767     401.504             241             241
  175       -1156.389    1492.555       -1156.389    1492.555             175             175
  230         541.888     811.112         541.888     811.112             230             230
   39       -2300.568    1422.066       -2300.568    1422.066              39              39
   27        1325.126    2094.029        1325.126    2094.029              27              27
  127        1175.832    -911.856        1175.832    -911.856             127             127
   62        1524.788    -850.422        1524.788    -850.422              62              62
  135        -409.911   -1630.603        -409.911   -1630.603             135             135
  125         202.554   -2589.896         202.554   -2589.896             125             125
   48       -1327.883      -1.197       -1327.883      -1.197              48              48
   48         726.702    -475.688         726.702    -475.688              48              48
  240        2411.921     177.583        2411.921     177.583             240             240
  191         341.747     436.127         341.747     436.127             191             191
  244       -1323.905    -125.055       -1323.905    -125.055             244             244
  180       -1264.560    -568.112       -1264.560    -568.112             180             180
  168         278.555    1430.100         278.555    1430.100             168             168
  216        -207.921     698.815        -207.921     698.815             216             216
  206        1554.670     737.507        1554.670     737.507             206             206
  104         621.654    -225.309         621.654    -225.309             104             104
   32        -416.072    1984.890        -416.072    1984.890              32              32
    7        -770.116    1048.125        -770.116    1048.125               7               7
  246         638.714    -945.938         638.714    -945.938             246             246
    1       -1332.827   -1398.572       -1332.827   -1398.572               1               1
  165        1166.753    1116.973        1166.753    1116.973             165             165
   68         764.423     563.592         764.423     563.592              68              68
   25         322.906   -1157.390         322.906   -1157.390              25              25
  172        -811.052    1770.027        -811.052    1770.027             172             172
  206       -2870.686   -1453.075       -2870.686   -1453.075             206             206
  111       -1363.434      36.835       -1363.434      36.835             111             111
   90       -1791.223    -246.437       -1791.223    -246.437              90              90
  160         505.927    1568.391         505.927    1568.391             160             160
   97       -2331.070     271.287       -2331.070     271.287              97              97
    9       -1219.528      47.656       -1219.528      47.656               9               9
  135        -162.588     698.377        -162.588     698.377             135             135
  137        -172.637    1951.084        -172.637    1951.084             137             137
   36        1011.669    1652.179        1011.669    1652.179              36              36
    6          99.408    2196.688          99.408    2196.688               6               6
  200       -1302.527    -645.680       -1302.527    -645.680             200             200
  172        -470.737   -1376.018        -470.737   -1376.018             172             172
  132        -338.637    1068.078        -338.637    1068.078             132             132
  248         115.529   -1292.727         115.529   -1292.727             248             248
  221         386.990   -2226.071         386.990   -2226.071             221             221
  116         115.544     671.061         115.544     671.061             116             116
  183       -1342.272     -18.617       -1342.272     -18.617             183             183
  209        1293.143     374.661        1293.143     374.661             209             209
   41        -314.883    -635.078        -314.883    -635.078              41              41
   95       -2938.274    -332.009       -2938.274    -332.009              95              95
  170         482.487   -1266.643         482.487   -1266.643             170             170
  247         190.756   -1149.496         190.756   -1149.496             247             247
  200        -385.361      -9.027        -385.361      -9.027             200             200
  203       -1187.518     525.374       -1187.518     525.374             203             203
  255        -465.247    -362.327        -465.247    -362.327             255             255
  190        -832.144    -522.680        -832.144    -522.680             190             190
  205         224.685     624.250         224.685     624.250             205             205
  164         -25.963   -1276.109         -25.963   -1276.109             164             164
    3       -3004.055   -1207.600       -3004.055   -1207.600               3               3
  230         288.162    2774.414         288.162    2774.414             230             230
   81       -2085.059   -1105.348       -2085.059   -1105.348              81              81
  209         962.619   -1482.949         962.619   -1482.949             209             209
   86          -0.635     941.520          -0.635     941.520              86              86
  172         -57.808    1530.569         -57.808    1530.569             172             172
  114        1802.240     446.440        1802.240     446.440             114             114
  183         320.678     359.768         320.678     359.768             183             183
  181        -909.149   -3390.371        -909.149   -3390.371             181             181
  249        -575.139    -845.665        -575.139    -845.665             249             249
   64         817.375     526.427         817.375     526.427              64              64
  218        -417.389      75.825        -417.389      75.825             218             218
    0        -130.849    1711.322        -130.849    1711.322              -0              -0
    8         222.635     443.264         222.635     443.264               8               8
  135         357.496       6.598         357.496       6.598             135             135
  132        1579.327    1075.628        1579.327    1075.628             132             132
    1         707.138    1307.234         707.138    1307.234               1               1
  100        1046.388    -136.381        1046.388    -136.381             100             100
  249         595.432    -851.963         595.432    -851.963             249             249
  184        3807.505     925.201        3807.505     925.201             184             184
   54        -290.577     639.308        -290.577     639.308              54              54
   34        -319.712     411.966        -319.712     411.966              34              34
   24         660.625    -550.517         660.625    -550.517              24              24
  225        1576.181    1401.161        1576.181    1401.161             225             225
   26       -1335.477    1739.253       -1335.477    1739.253              26              26
  224        -373.315    -480.319        -373.315    -480.319             224             224
  172        1044.963    -558.980        1044.963    -558.980             172             172
   25        1000.160   -3135.840        1000.160   -3135.840              25              25
  159        -356.337    -193.458        -356.337    -193.458             159             159
  121         -67.083     495.459         -67.083     495.459             121             121
  190          92.460    1181.756          92.460    1181.756             190             190
  162        -462.351    -178.221        -462.351    -178.221             162             162
   96         187.852   -1541.066         187.852   -1541.066              96              96
   16       -1211.086    1686.698       -1211.086    1686.698              16              16
  115         252.734    -317.898         252.734    -317.898             115             115
  182        -201.598     161.029        -201.598     161.029             182             182
  188        -195.849    -895.072        -195.849    -895.072             188             188
  230         708.104   -1207.935         708.104   -1207.935             230             230
  109          66.539    -297.547          66.539    -297.547             109             109
  113       -1107.815     516.631       -1107.815     516.631             113             113
  223        2075.484    -904.604        2075.484    -904.604             223             223
  174         242.673     679.590         242.673     679.590             174             174
   76       -1290.699    -168.290       -1290.699    -168.290              76              76
  224          20.099    -751.556          20.099    -751.556             224             224
  183         -45.421   -1418.481         -45.421   -1418.481             183             183
  211        1169.862      29.132        1169.862      29.132             211             211
  101         -76.874    1350.821         -76.874    1350.821             101             101
  184       -2516.934    -504.175       -2516.934    -504.175             184             184
   56        -976.889   -1245.309        -976.889   -1245.309              56              56
   94        3336.672    1198.884        3336.672    1198.884              94              94
  112        -355.698   -2186.928        -355.698   -2186.928             112             112
  111        1681.427     342.148        1681.427     342.148             111             111
  129       -1875.914     932.265       -1875.914     932.265             129             129
  137         881.355    2248.344         881.355    2248.344             137             137
   80       -1212.907    2558.384       -1212.907    2558.384              80              80
  156         469.055    -668.499         469.055    -668.499             156             156
  105        1063.792     542.500        1063.792     542.500             105             105
  253          74.467    1418.078          74.467    1418.078             253             253
  181        -111.830   -1008.547        -111.830   -1008.547             181             181
    8         457.533    -589.809         457.533    -589.809               8               8
  119         730.322     597.138         730.322     597.138             119             119
  116       -1029.769    1847.087       -1029.769    1847.087             116             116
  171        1265.335     816.747        1265.335     816.747             171             171
  215        1069.749     730.861        1069.749     730.861             215             215
  132         -91.226     523.652         -91.226     523.652             132             132
   31         449.087   -2718.272         449.087   -2718.272              31              31
  141       -1332.453    -946.237       -1332.453    -946.237             141             141
   65       -1942.089    -697.012       -1942.089    -697.012              65              65
    5         117.129    1214.247         117.129    1214.247               5               5
  251        2954.654    -289.812        2954.654    -289.812             251             251
  179        -954.258    1547.197        -954.258    1547.197             179             179
  229         198.308   -1259.645         198.308   -1259.645             229             229
  169        2415.234    -848.231        2415.234    -848.231             169             169
  255        -154.642     514.550        -154.642     514.550             255             255
  197        -600.258     -59.359        -600.258     -59.359             197             197
   97         859.797      96.484         859.797      96.484              97              97
  210        -964.965    -330.806        -964.965    -330.806             210             210
   43         547.804     275.638         547.804     275.638              43              43
   25         308.743    2283.817         308.743    2283.817              25              25
   11       -1835.036    1502.819       -1835.036    1502.819              11              11
  137       -1082.076    1463.694       -1082.076    1463.694             137             137
  138        1434.511   -1199.523        1434.511   -1199.523             138             138
  122          63.937     503.364          63.937     503.364             122             122
   11         255.109    1290.175         255.109    1290.175              11              11
   19         454.591     292.608         454.591     292.608              19              19
  203         533.864    -416.042         533.864    -416.042             203             203
  167         -73.827   -1311.689         -73.827   -1311.689             167             167
  125       -1045.242      78.218       -1045.242      78.218             125             125
  201         693.075    1100.334         693.075    1100.334             201             201
   93         975.417   -1321.656         975.417   -1321.656              93              93
  133       -1186.550    -801.157       -1186.550    -801.157             133             133
   64         579.673    1021.814         579.673    1021.814              64              64
  209       -2940.940    -258.046       -2940.940    -258.046             209             209
   49         384.489     523.300         384.489     523.300              49              49
   24       -1320.117   -1274.675       -1320.117   -1274.675              24              24
   86         902.515     769.610         902.515     769.610              86              86
   80        -273.313     215.304        -273.313     215.304              80              80
  165         322.305    2077.310         322.305    2077.310             165             165
  151         593.713     566.771         593.713     566.771             151             151
   85         313.812    -850.074         313.812    -850.074              85              85
  160       -1387.523   -1642.098       -1387.523   -1642.098             160             160
   74        -404.591     972.844        -404.591     972.844              74              74
   59        1092.808    -932.635        1092.808    -932.635              59              59
   74        -779.568    1180.418        -779.568    1180.418              74              74
   74        1009.870    -523.194        1009.870    -523.194              74              74
    0        1800.654     879.760        1800.654     879.760              -0              -0
  171         -55.406     585.711         -55.406     585.711             171             171
   29         184.800     882.029         184.800     882.029              29              29
   43         781.573   -1861.054         781.573   -1861.054              43              43
  197        2801.290    1108.949        2801.290    1108.949             197             197
   40         458.435    -834.930         458.435    -834.930              40              40
  181         415.251    1188.500         415.251    1188.500             181             181
   80          -3.754    -657.157          -3.754    -657.157              80              80
  163       -1038.893    1483.072       -1038.893    1483.072             163             163
  193        -544.336    -372.591        -544.336    -372.591             193             193
   99        1821.952    1015.875        1821.952    1015.875              99              99
  110        1216.135    -992.690        1216.135    -992.690             110             110
  105         829.340     211.389         829.340     211.389             105             105
  225       -2307.661      96.878       -2307.661      96.878             225             225
   56         -89.650     367.428         -89.650     367.428              56              56
  198         285.596     560.339         285.596     560.339             198             198
  103        -540.793    -144.649        -540.793    -144.649             103             103
  120       -1675.705    -608.663       -1675.705    -608.663             120             120
  152       -1071.550     295.860       -1071.550     295.860             152             152
  152        2237.225     935.491        2237.225     935.491             152             152
  144        -382.810     244.039        -382.810     244.039             144             144
  239       -1258.418     583.882       -1258.418     583.882             239             239
  232        -774.565   -1564.827        -774.565   -1564.827             232             232
   54       -1091.495   -3090.240       -1091.495   -3090.240              54              54
  135         264.662    -564.276         264.662    -564.276             135             135
   62        2608.838    -814.729        2608.838    -814.729              62              62
  215        -961.393     659.144        -961.393     659.144             215             215
  210         241.806    2130.131         241.806    2130.131             210             210
  121        1514.604   -1788.044        1514.604   -1788.044             121             121
   34        1401.294    1451.938        1401.294    1451.938              34              34
   28        -253.368   -2088.341        -253.368   -2088.341              28              28
  122         -46.033    1695.951         -46.033    1695.951             122             122
  206        -871.042    -674.614        -871.042    -674.614             206             206
   57        -491.298    -556.227        -491.298    -556.227              57              57
  165         561.850    -611.138         561.850    -611.138             165             165
  147       -1020.114    -557.685       -1020.114    -557.685             147             147
   97        -994.975    -579.831        -994.975    -579.831              97              97
   91        -143.999    1901.461        -143.999    1901.461              91              91
  228       -1116.482   -1704.130       -1116.482   -1704.130             228             228
    5        -214.799    -269.074        -214.799    -269.074               5               5
   28        -357.750     -28.269        -357.750     -28.269              28              28
   71        -736.363    1298.531        -736.363    1298.531              71              71
  116        -237.488     139.228        -237.488     139.228             116             116
  134       -1156.277     877.516       -1156.277     877.516             134             134
   41        -660.093    1318.734        -660.093    1318.734              41              41
  172         367.521   -2236.267         367.521   -2236.267             172             172
   76         508.092     152.030         508.092     152.030              76              76
  144        -621.190   -1314.206        -621.190   -1314.206             144             144
   37          11.683    -378.317          11.683    -378.317              37              37
  229        1236.434   -1102.821        1236.434   -1102.821             229             229
   40         685.699   -1261.719         685.699   -1261.719              40              40
  182         318.641    -928.240         318.641    -928.240             182             182
  213       -1078.570     708.114       -1078.570     708.114             213             213
   17        1157.511    1490.829        1157.511    1490.829              17              17
  236         -79.103    1640.645         -79.103    1640.645             236             236
   92         185.161    1604.829         185.161    1604.829              92              92
   79         209.220   -1328.147         209.220   -1328.147              79              79
  196        -891.981    -834.345        -891.981    -834.345             196             196
   46       -1930.402     639.577       -1930.402     639.577              46              46
  201        -350.924    1448.190        -350.924    1448.190             201             201
  230       -1536.000      -0.449       -1536.000      -0.449             230             230
   74        -350.410   -1448.475        -350.410   -1448.475              74              74
   67       -1930.063    -640.095       -1930.063    -640.095              67              67
  181        -891.878     834.117        -891.878     834.117             181             181
  132         209.114    1327.885         209.114    1327.885             132             132
  233         185.906   -1605.148         185.906   -1605.148             233             233
   72         -78.341   -1640.699         -78.341   -1640.699              72              72
  230        1158.051   -1490.194        1158.051   -1490.194             230             230
   69       -1078.282    -708.007       -1078.282    -708.007              69              69
   44         318.565     928.774         318.565     928.774              44              44
  235         685.415    1262.139         685.415    1262.139             235             235
   97        1235.987    1103.233        1235.987    1103.233              97              97
  116          11.345     378.299          11.345     378.299             116             116
   95        -621.686    1313.886        -621.686    1313.886              95              95
  231         508.112    -151.965         508.112    -151.965             231             231
  158         366.561    2236.061         366.561    2236.061             158             158
   11        -659.890   -1319.412        -659.890   -1319.412              11              11
   52       -1156.038    -878.015       -1156.038    -878.015              52              52
   46        -237.430    -139.392        -237.430    -139.392              46              46
   48        -735.920   -1298.735        -735.920   -1298.735              48              48
   26        -357.710      28.345        -357.710      28.345              26              26
   86        -214.909     269.161        -214.909     269.161              86              86
  231       -1117.003    1703.602       -1117.003    1703.602             231             231
  239        -143.278   -1901.589        -143.278   -1901.589             239             239
  103        -995.088     579.694        -995.088     579.694             103             103
  212       -1020.022     557.391       -1020.022     557.391             212             212
   76         561.867     611.295         561.867     611.295              76              76
  183        -491.391     555.960        -491.391     555.960             183             183
  152        -871.020     674.070        -871.020     674.070             152             152
  122         -45.131   -1695.969         -45.131   -1695.969             122             122
  128        -253.660    2088.208        -253.660    2088.208             128             128
  127        1402.120   -1451.587        1402.120   -1451.587             127             127
  197        1514.017    1788.386        1514.017    1788.386             197             197
  196         242.388   -2130.223         242.388   -2130.223             196             196
   52        -961.007    -659.173        -961.007    -659.173              52              52
   73        2608.582     815.884        2608.582     815.884              73              73
  173         264.068     564.622         264.068     564.622             173             173
  125       -1092.776    3089.829       -1092.776    3089.829             125             125
   47        -775.145    1564.014        -775.145    1564.014              47              47
  242       -1258.093    -584.818       -1258.093    -584.818             242             242
  170        -382.385    -244.503        -382.385    -244.503             170             170
   27        2237.514    -934.935        2237.514    -934.935              27              27
   84       -1071.744    -296.245       -1071.744    -296.245              84              84
   31       -1675.837     607.995       -1675.837     607.995              31              31
  122        -540.555     144.218        -540.555     144.218             122             122
   60         285.976    -560.447         285.976    -560.447              60              60
  189         -89.503    -367.555         -89.503    -367.555             189             189
  134       -2307.278     -97.727       -2307.278     -97.727             134             134
  113         830.000    -211.150         830.000    -211.150             113             113
  235        1216.131     992.901        1216.131     992.901             235             235
  183        1822.260   -1015.482        1822.260   -1015.482             183             183
  139        -544.609     372.231        -544.609     372.231             139             139
   66       -1038.234   -1483.502       -1038.234   -1483.502              66              66
  158          -3.629     657.115          -3.629     657.115             158             158
  123         415.990   -1188.390         415.990   -1188.390             123             123
  169         458.562     835.061         458.562     835.061             169             169
  114        2801.792   -1107.996        2801.792   -1107.996             114             114
  199         780.755    1861.207         780.755    1861.207             199             199
   97         184.991    -882.282         184.991    -882.282              97              97
   11         -55.124    -585.853         -55.124    -585.853              11              11
   66        1800.943    -879.137        1800.943    -879.137              66              66
  225        1009.382     523.504        1009.382     523.504             225             225
  138        -779.357   -1180.653        -779.357   -1180.653             138             138
    7        1092.334     933.032        1092.334     933.032               7               7
  166        -404.565    -972.925        -404.565    -972.925             166             166
  190       -1388.086    1641.658       -1388.086    1641.658             190             190
   81         313.668     849.819         313.668     849.819              81              81
   83         593.891    -567.009         593.891    -567.009              83              83
   60         322.875   -2077.309         322.875   -2077.309              60              60
  129        -273.325    -215.289        -273.325    -215.289             129             129
   70         902.563    -769.147         902.563    -769.147              70              70
  230       -1320.738    1274.267       -1320.738    1274.267             230             230
  156         384.470    -523.274         384.470    -523.274             156             156
  154       -2940.979     256.994       -2940.979     256.994             154             154
    5         580.280   -1021.570         580.280   -1021.570               5               5
   23       -1186.584     800.891       -1186.584     800.891              23              23
  215         975.234    1321.779         975.234    1321.779             215             215
  195         693.400   -1100.294         693.400   -1100.294             195             195
  157       -1045.187     -78.499       -1045.187     -78.499             157             157
   72         -74.040    1311.564         -74.040    1311.564              72              72
  174         533.887     415.874         533.887     415.874             174             174
   85         454.747    -292.837         454.747    -292.837              85              85
  211         255.555   -1290.294         255.555   -1290.294             211             211
  240          64.161    -503.342          64.161    -503.342             240             240
  243        1433.945    1199.740        1433.945    1199.740             243             243
   79       -1081.862   -1464.459       -1081.862   -1464.459              79              79
  154       -1834.390   -1503.599       -1834.390   -1503.599             154             154
  102         309.807   -2283.550         309.807   -2283.550             102             102
   22         547.972    -275.103         547.972    -275.103              22              22
  251        -964.923     330.666        -964.923     330.666             251             251
  113         860.002     -96.111         860.002     -96.111             113             113
   89        -600.142      59.218        -600.142      59.218              89              89
  221        -154.089    -514.461        -154.089    -514.461             221             221
  252        2415.080     849.174        2415.080     849.174             252             252
   97         197.713    1259.504         197.713    1259.504              97              97
  131        -953.570   -1547.657        -953.570   -1547.657             131             131
  187        2954.531     290.826        2954.531     290.826             187             187
  178         117.038   -1214.080         117.038   -1214.080             178             178
  215       -1942.525     696.623       -1942.525     696.623             215             215
  247       -1332.527     945.924       -1332.527     945.924             247             247
   52         448.465    2718.115         448.465    2718.115              52              52
   29         -90.811    -524.248         -90.811    -524.248              29              29
  222        1070.184    -730.859        1070.184    -730.859             222             222
  209        1265.505    -816.598        1265.505    -816.598             209             209
  184       -1029.177   -1847.471       -1029.177   -1847.471             184             184
  228         730.641    -596.692         730.641    -596.692             228             228
  232         457.309     590.066         457.309     590.066             232             232
  143        -112.172    1008.273        -112.172    1008.273             143             143
  167          75.039   -1418.296          75.039   -1418.296             167             167
  134        1063.969    -542.160        1063.969    -542.160             134             134
  215         468.620     668.385         468.620     668.385             215             215
   86       -1212.086   -2559.037       -1212.086   -2559.037              86              86
  220         882.092   -2247.805         882.092   -2247.805             220             220
  171       -1875.453    -932.429       -1875.453    -932.429             171             171
   71        1681.770    -341.043        1681.770    -341.043              71              71
  208        -356.287    2187.001        -356.287    2187.001             208             208
  250        3336.872   -1197.680        3336.872   -1197.680             250             250
  225        -977.885    1245.159        -977.885    1245.159             225             225
   54       -2517.112     503.220       -2517.112     503.220              54              54
   17         -76.086   -1350.790         -76.086   -1350.790              17              17
  221        1169.965     -28.409        1169.965     -28.409             221             221
  168         -45.972    1418.633         -45.972    1418.633             168             168
  106          19.771     751.484          19.771     751.484             106             106
  187       -1290.644     167.729       -1290.644     167.729             187             187
  164         243.224    -679.475         243.224    -679.475             164             164
  203        2075.140     905.329        2075.140     905.329             203             203
   63       -1107.780    -516.992       -1107.780    -516.992              63              63
   95          66.550     297.723          66.550     297.723              95              95
  126         707.687    1208.195         707.687    1208.195             126             126
   22        -196.230     894.809        -196.230     894.809              22              22
   87        -201.549    -161.304        -201.549    -161.304              87              87
  178         252.561     317.765         252.561     317.765             178             178
   52       -1210.485   -1687.078       -1210.485   -1687.078              52              52
   53         187.478    1541.192         187.478    1541.192              53              53
  131        -462.286     177.814        -462.286     177.814             131             131
  236          93.019   -1181.809          93.019   -1181.809             236             236
   25         -66.775    -495.298         -66.775    -495.298              25              25
  108        -356.146     193.669        -356.146     193.669             108             108
  123         999.345    3136.122         999.345    3136.122             123             123
  193        1044.753     558.858        1044.753     558.858             193             193
  243        -373.552     479.654        -373.552     479.654             243             243
   82       -1334.610   -1740.099       -1334.610   -1740.099              82              82
   23        1576.969   -1400.627        1576.969   -1400.627              23              23
  207         660.479     550.729         660.479     550.729             207             207
  254        -319.438    -412.236        -319.438    -412.236             254             254
   94        -289.876    -639.501        -289.876    -639.501              94              94
  159        3807.996    -923.853        3807.996    -923.853             159             159
  248         594.933     852.171         594.933     852.171             248             248
   64        1046.223     136.474        1046.223     136.474              64              64
  214         707.459   -1307.176         707.459   -1307.176             214             214
    9        1579.447   -1075.034        1579.447   -1075.034               9               9
   29         357.141      -6.415         357.141      -6.415              29              29
  126         222.475    -443.242         222.475    -443.242             126             126
  116        -130.540   -1711.213        -130.540   -1711.213             116             116
  217        -417.491     -75.651        -417.491     -75.651             217             217
   35         817.362    -525.790         817.362    -525.790              35              35
   64        -575.676     845.920        -575.676     845.920              64              64
   24        -910.290    3389.970        -910.290    3389.970              24              24
  131         320.930    -360.109         320.930    -360.109             131             131
  190        1802.234    -446.103        1802.234    -446.103             190             190
   47         -57.646   -1530.627         -57.646   -1530.627              47              47
  218          -0.569    -941.213          -0.569    -941.213             218             218
  113         961.663    1483.470         961.663    1483.470             113             113
   99       -2085.798    1104.385       -2085.798    1104.385              99              99
   15         288.804   -2774.267         288.804   -2774.267              15              15
  244       -3004.557    1206.949       -3004.557    1206.949             244             244
   79         -26.190    1276.048         -26.190    1276.048              79              79
   41         224.840    -624.233         224.840    -624.233              41              41
   97        -832.419     522.447        -832.419     522.447              97              97
  203        -465.422     362.102        -465.422     362.102             203             203
  234       -1187.306    -525.760       -1187.306    -525.760             234             234
   84        -385.217       9.082        -385.217       9.082              84              84
   30         190.426    1149.681         190.426    1149.681              30              30
    2         481.834    1266.692         481.834    1266.692               2               2
   36       -2938.376     330.834       -2938.376     330.834              36              36
   28        -314.683     634.749        -314.683     634.749              28              28
   96        1293.347    -374.421        1293.347    -374.421              96              96
  195       -1342.259      18.075       -1342.259      18.075             195             195
   21         115.963    -670.914         115.963    -670.914              21              21
  161         386.303    2226.200         386.303    2226.200             161             161
  154         115.039    1292.309         115.039    1292.309             154             154
   31        -338.357   -1068.515        -338.357   -1068.515              31              31
  191        -471.255    1375.575        -471.255    1375.575             191             191
   24       -1302.625     644.557       -1302.625     644.557              24              24
  147         100.385   -2197.232         100.385   -2197.232             147             147
  152        1012.220   -1652.067        1012.220   -1652.067             152             152
   59        -172.164   -1951.121        -172.164   -1951.121              59              59
  211        -162.581    -698.258        -162.581    -698.258             211             211
  177       -1219.739     -47.992       -1219.739     -47.992             177             177
  190       -2330.868    -272.129       -2330.868    -272.129             190             190
  145         506.543   -1568.113         506.543   -1568.113             145             145
  224       -1791.349     246.058       -1791.349     246.058             224             224
  153       -1363.312     -37.147       -1363.312     -37.147             153             153
    2       -2870.754    1451.998       -2870.754    1451.998               2               2
   67        -809.729   -1770.357        -809.729   -1770.357              67              67
  169         323.152    1157.525         323.152    1157.525             169             169
  247         765.051    -563.492         765.051    -563.492             247             247
  147        1167.257   -1116.455        1167.257   -1116.455             147             147
  211       -1333.110    1398.210       -1333.110    1398.210             211             211
   89         638.676     945.821         638.676     945.821              89              89
   94        -769.530   -1048.768        -769.530   -1048.768              94              94
  189        -414.974   -1985.041        -414.974   -1985.041             189             189
  174         622.026     225.597         622.026     225.597             174             174
  124        1555.079    -737.022        1555.079    -737.022             124             124
  192        -207.659    -698.857        -207.659    -698.857             192             192
  210         279.067   -1429.774         279.067   -1429.774             210             210
  153       -1264.637     567.959       -1264.637     567.959             153             153
   33       -1323.468     124.695       -1323.468     124.695              33              33
  150         342.555    -435.893         342.555    -435.893             150             150
  174        2412.287    -176.545        2412.287    -176.545             174             174
  194         726.445     476.156         726.445     476.156             194             194
   48       -1327.772       1.066       -1327.772       1.066              48              48
  205         202.010    2590.101         202.010    2590.101             205             205
  129        -410.047    1630.181        -410.047    1630.181             129             129
   73        1524.868     850.506        1524.868     850.506              73              73
   97        1175.618     911.612        1175.618     911.612              97              97
   25        1325.609   -2094.108        1325.609   -2094.108              25              25
  132       -2300.107   -1422.968       -2300.107   -1422.968             132             132
   52         542.367    -810.984         542.367    -810.984              52              52
  202       -1155.764   -1492.860       -1155.764   -1492.860             202             202
   67       -2223.020    -402.027       -2223.020    -402.027              67              67
  198        1546.745     318.537        1546.745     318.537             198             198
  171         -63.577    -545.990         -63.577    -545.990             171             171
  221         364.455      49.973         364.455      49.973             221             221
  201        1773.067    1160.001        1773.067    1160.001             201             201
  238        3232.940    -196.693        3232.940    -196.693             238             238
  134        1168.145   -1174.604        1168.145   -1174.604             134             134
  193        1567.401     445.241        1567.401     445.241             193             193
  130        1362.134    -350.535        1362.134    -350.535             130             130
   89        1544.348    -162.214        1544.348    -162.214              89              89
   26        -616.619     925.555        -616.619     925.555              26              26
  225        -146.757    -855.153        -146.757    -855.153             225             225
   23       -1425.540   -1166.442       -1425.540   -1166.442              23              23
  201         862.342   -1152.569         862.342   -1152.569             201             201
   94         913.467     341.148         913.467     341.148              94              94
  215       -1129.642    -636.612       -1129.642    -636.612             215             215
  155         423.047     575.345         423.047     575.345             155             155
  247        -344.267   -1810.333        -344.267   -1810.333             247             247
  248         534.226   -1528.495         534.226   -1528.495             248             248
   50        -452.798     935.061        -452.798     935.061              50              50
  165        -580.071    -965.054        -580.071    -965.054             165             165
  187       -1893.291     323.077       -1893.291     323.077             187             187
   98        -889.241     953.180        -889.241     953.180              98              98
  115       -1891.278    2772.663       -1891.278    2772.663             115             115
   60         682.236     388.706         682.236     388.706              60              60
  171       -1618.264   -2299.773       -1618.264   -2299.773             171             171
  212         185.267   -1018.990         185.267   -1018.990             212             212
   86       -1186.208    -127.090       -1186.208    -127.090              86              86
   48       -1873.490    1513.116       -1873.490    1513.116              48              48
    9        1057.171     514.122        1057.171     514.122               9               9
   33        -704.479     644.498        -704.479     644.498              33              33
  116       -2385.550    -411.585       -2385.550    -411.585             116             116
  207         532.270   -2385.777         532.270   -2385.777             207             207
  204         657.448    -564.369         657.448    -564.369             204             204
   81       -1172.620    1705.254       -1172.620    1705.254              81              81
  153         793.058    -575.912         793.058    -575.912             153             153
