SINAL     NFT                         FFT                         NFT INVERSA     FFT INVERSA
-----     -----------------------     -----------------------     -----------     -----------
  201       64957.000       0.000       64957.000       0.000             201             201
   56        1618.179    1406.486        1618.179    1406.486              56              56
   71        -219.678   -1653.899        -219.678   -1653.899              71              71
   35        -634.974    1550.435        -634.974    1550.435              35              35
  207        -745.192     109.732        -745.192     109.732             207             207
  206       -2704.040   -1386.836       -2704.040   -1386.836             206             206
   59         743.394     512.287         743.394     512.287              59              59
  181         -37.280    -361.242         -37.280    -361.242             181             181
  124       -1004.288   -1671.202       -1004.288   -1671.202             124             124
  197        -361.206    -754.417        -361.206    -754.417             197             197
  182          63.868     153.789          63.868     153.789             182             182
  221        1565.697     313.261        1565.697     313.261             221             221
   84        1235.816    -974.347        1235.816    -974.347              84              84
  204         168.910   -1504.589         168.910   -1504.589             204             204
  228       -1020.872    -281.300       -1020.872    -281.300             228             228
  180        1693.439     640.546        1693.439     640.546             180             180
   44        -525.292    -398.703        -525.292    -398.703              44              44
  157        2421.415   -1328.139        2421.415   -1328.139             157             157
    5          88.608    -820.970          88.608    -820.970               5               5
  216       -1887.716    -554.494       -1887.716    -554.494             216             216
   49        -170.501   -1353.189        -170.501   -1353.189              49              49
   14       -1297.653    -194.189       -1297.653    -194.189              14              14
   37        -913.632   -1225.376        -913.632   -1225.376              37              37
  125        -567.441    1469.335        -567.441    1469.335             125             125
   57       -1525.092    -922.236       -1525.092    -922.236              57              57
  164       -2326.913     766.816       -2326.913     766.816             164             164
   21        1383.015   -1597.055        1383.015   -1597.055              21              21
   66       -2287.521     934.512       -2287.521     934.512              66              66
  195        -577.465     -73.680        -577.465     -73.680             195             195
  180        -943.329    2014.338        -943.329    2014.338             180             180
  147        1377.330     942.956        1377.330     942.956             147             147
  140         533.961    1654.275         533.961    1654.275             140             140
  237        2761.068    -819.941        2761.068    -819.941             237             237
  219        2752.026   -1526.856        2752.026   -1526.856             219             219
  176        -522.019    1266.294        -522.019    1266.294             176             176
  188         -21.638   -1542.991         -21.638   -1542.991             188             188
  170        -152.924    1179.340        -152.924    1179.340             170             170
  235       -1304.343     285.938       -1304.343     285.938             235             235
  114         452.422    -150.924         452.422    -150.924             114             114
   38       -1218.872     845.151       -1218.872     845.151              38              38
  177        1093.915     382.922        1093.915     382.922             177             177
   40         382.267    2061.522         382.267    2061.522              40              40
    4        1332.322     655.510        1332.322     655.510               4               4
    5        -214.233    -595.410        -214.233    -595.410               5               5
  244        -744.524    1892.287        -744.524    1892.287             244             244
  232         200.483   -2627.294         200.483   -2627.294             232             232
  185        1228.819     517.153        1228.819     517.153             185             185
   33       -1195.819     619.820       -1195.819     619.820              33              33
  133        -203.563     -20.640        -203.563     -20.640             133             133
  191         698.467    1417.943         698.467    1417.943             191             191
  249       -1669.724    -478.009       -1669.724    -478.009             249             249
  183        -788.577    1427.071        -788.577    1427.071             183             183
  205         518.448     659.813         518.448     659.813             205             205
   31        -644.224   -2721.888        -644.224   -2721.888              31              31
   53        -861.022     773.315        -861.022     773.315              53              53
    7       -1555.010     902.215       -1555.010     902.215               7               7
  195        -168.549      93.881        -168.549      93.881             195             195
   74        1443.090    -960.033        1443.090    -960.033              74              74
   73         184.122     -34.095         184.122     -34.095              73              73
  135       -2555.862    -925.204       -2555.862    -925.204             135             135
  255        1200.376    -919.306        1200.376    -919.306             255             255
  221        2441.039     186.314        2441.039     186.314             221             221
   20         575.849     -51.537         575.849     -51.537              20              20
  236         991.699    1357.384         991.699    1357.384             236             236
  184       -1655.103    1249.748       -1655.103    1249.748             184             184
  196        -581.102    1146.380        -581.102    1146.380             196             196
  168       -2136.092    -164.647       -2136.092    -164.647             168             168
   99        -985.728     460.628        -985.728     460.628              99              99
  175        2037.919    -578.622        2037.919    -578.622             175             175
   27         622.309     228.696         622.309     228.696              27              27
  137        -572.628    1807.372        -572.628    1807.372             137             137
   96        1839.827     333.529        1839.827     333.529              96              96
   67       -1468.371   -1408.479       -1468.371   -1408.479              67              67
  142        -251.069   -1111.045        -251.069   -1111.045             142             142
  102        -114.634   -1186.439        -114.634   -1186.439             102             102
   56        -115.260    2717.470        -115.260    2717.470              56              56
  118       -3589.892     229.269       -3589.892     229.269             118             118
   32         615.367    -120.821         615.367    -120.821              32              32
   90         502.112    -245.084         502.112    -245.084              90              90
  252           8.867    -835.671           8.867    -835.671             252             252
  224        1989.830    1727.872        1989.830    1727.872             224             224
   83         199.614   -2224.015         199.614   -2224.015              83              83
  180         835.128    -257.789         835.128    -257.789             180             180
  173        2080.781    1086.596        2080.781    1086.596             173             173
  115       -1635.294     968.571       -1635.294     968.571             115             115
  233         481.928    1020.269         481.928    1020.269             233             233
  180         -37.028   -2853.570         -37.028   -2853.570             180             180
   55       -1411.391    1075.772       -1411.391    1075.772              55              55
   52        -714.242    1528.867        -714.242    1528.867              52              52
  254        -181.830     264.711        -181.830     264.711             254             254
  190        1486.155     888.597        1486.155     888.597             190             190
   51        1289.422    -811.621        1289.422    -811.621              51              51
  219        -368.615     618.348        -368.615     618.348             219             219
  210         685.368     161.150         685.368     161.150             210             210
   32        -438.445    -882.297        -438.445    -882.297              32              32
  148        -964.342     621.152        -964.342     621.152             148             148
  151         122.998    -178.579         122.998    -178.579             151             151
  201        -115.551     291.617        -115.551     291.617             201             201
  247       -1642.251    1395.226       -1642.251    1395.226             247             247
   70        -890.071     782.509        -890.071     782.509              70              70
  228           6.151     985.453           6.151     985.453             228             228
  129         404.166    2529.006         404.166    2529.006             129             129
  167        -289.083     193.400        -289.083     193.400             167             167
   39         394.769      38.958         394.769      38.958              39              39
   15        1587.946   -1648.612        1587.946   -1648.612              15              15
   14         558.975    -319.670         558.975    -319.670              14              14
   96         124.126    -917.830         124.126    -917.830              96              96
  134        -181.841    1263.032        -181.841    1263.032             134             134
   47        -621.410     570.243        -621.410     570.243              47              47
  186         270.054   -1287.053         270.054   -1287.053             186             186
  130        2449.207    -240.711        2449.207    -240.711             130             130
   15         787.907    -521.403         787.907    -521.403              15              15
   14        2808.105    -957.901        2808.105    -957.901              14              14
   54        1481.347    -596.559        1481.347    -596.559              54              54
  188        -108.280     869.434        -108.280     869.434             188             188
  129        -280.772     542.306        -280.772     542.306             129             129
   32         103.934    -953.686         103.934    -953.686              32              32
  113       -1250.615    -983.843       -1250.615    -983.843             113             113
  184         544.973   -2301.151         544.973   -2301.151             184             184
   84       -1102.021    -905.334       -1102.021    -905.334              84              84
  111        1473.887    1306.506        1473.887    1306.506             111             111
  119        -279.742     369.488        -279.742     369.488             119             119
  135        1167.473    -544.511        1167.473    -544.511             135             135
   75       -1207.027    -311.341       -1207.027    -311.341              75              75
   74         -82.801    2125.890         -82.801    2125.890              74              74
  167          25.053     707.456          25.053     707.456             167             167
  223         631.376     621.401         631.376     621.401             223             223
  225        2283.806      46.547        2283.806      46.547             225             225
  112        1466.007   -1538.940        1466.007   -1538.940             112             112
  214       -1930.508    -294.173       -1930.508    -294.173             214             214
   39         913.576     -23.054         913.576     -23.054              39              39
   84          92.331    -760.751          92.331    -760.751              84              84
   88        -634.587   -2750.951        -634.587   -2750.951              88              88
  207        -851.706    1886.269        -851.706    1886.269             207             207
  124        -813.433    1140.955        -813.433    1140.955             124             124
  103         399.084     362.754         399.084     362.754             103             103
  222        1395.022     373.869        1395.022     373.869             222             222
  221        -982.134    1594.209        -982.134    1594.209             221             221
  237        2100.480   -1035.573        2100.480   -1035.573             237             237
   13         448.320     649.529         448.320     649.529              13              13
  152       -1420.651   -2332.911       -1420.651   -2332.911             152             152
  112       -1724.959    -404.457       -1724.959    -404.457             112             112
   29        1947.870    -355.088        1947.870    -355.088              29              29
  166        -291.291     569.502        -291.291     569.502             166             166
  166        2357.258   -2186.718        2357.258   -2186.718             166             166
  218        -334.815     192.069        -334.815     192.069             218             218
   40        1371.423   -1038.664        1371.423   -1038.664              40              40
  198        -340.767     614.933        -340.767     614.933             198             198
   75         133.977    -411.368         133.977    -411.368              75              75
  225        2153.940     821.581        2153.940     821.581             225             225
   26        -216.115    -491.119        -216.115    -491.119              26              26
  186        -688.362      56.921        -688.362      56.921             186             186
   89       -1343.001     134.557       -1343.001     134.557              89              89
  162        -603.993    -337.398        -603.993    -337.398             162             162
    5        1359.917   -1487.159        1359.917   -1487.159               5               5
  163        2879.063    -235.645        2879.063    -235.645             163             163
   74         108.620    -267.023         108.620    -267.023              74              74
  229         346.964     136.296         346.964     136.296             229             229
  132       -1506.705    -653.931       -1506.705    -653.931             132             132
  187        -553.828    1085.431        -553.828    1085.431             187             187
  188        1992.666     301.317        1992.666     301.317             188             188
  172         445.282    1540.051         445.282    1540.051             172             172
   15          40.808    -767.002          40.808    -767.002              15              15
   20         397.990    -840.401         397.990    -840.401              20              20
  124        -752.709     190.513        -752.709     190.513             124             124
  140       -1827.192     336.485       -1827.192     336.485             140             140
  124         728.573     -34.283         728.573     -34.283             124             124
   90       -1401.076    -693.172       -1401.076    -693.172              90              90
  106        1156.568     243.882        1156.568     243.882             106             106
  105       -2296.889   -2513.659       -2296.889   -2513.659             105             105
  104         177.027    -224.606         177.027    -224.606             104             104
    2        -865.937     -91.334        -865.937     -91.334               2               2
  217        -338.969     909.121        -338.969     909.121             217             217
  133       -1028.202    1356.340       -1028.202    1356.340             133             133
  169        -906.577    -529.130        -906.577    -529.130             169             169
  128        -300.013     -92.093        -300.013     -92.093             128             128
   95        -575.141      14.382        -575.141      14.382              95              95
  209        -602.911    1221.788        -602.911    1221.788             209             209
   71         154.508     -33.469         154.508     -33.469              71              71
  171        2160.762     177.575        2160.762     177.575             171             171
  179        -467.711    -271.910        -467.711    -271.910             179             179
   98         -82.091    1319.907         -82.091    1319.907              98              98
  102        1598.798     865.283        1598.798     865.283             102             102
   12       -1491.961    -251.052       -1491.961    -251.052              12              12
    4         388.359   -1050.397         388.359   -1050.397               4               4
  108        -272.600     -43.832        -272.600     -43.832             108             108
  175          30.407     179.469          30.407     179.469             175             175
   79         784.046    1723.929         784.046    1723.929              79              79
   81        -403.751    -548.446        -403.751    -548.446              81              81
   51         555.485    -650.519         555.485    -650.519              51              51
   10         192.513   -1947.177         192.513   -1947.177              10              10
   13        -411.096    1399.952        -411.096    1399.952              13              13
  224        -838.895    -708.336        -838.895    -708.336             224             224
   25        -829.651     235.545        -829.651     235.545              25              25
   34         972.442   -1000.986         972.442   -1000.986              34              34
   92         100.734   -1959.298         100.734   -1959.298              92              92
  166        1797.269    1032.565        1797.269    1032.565             166             166
  158        -617.467      74.557        -617.467      74.557             158             158
  182       -1582.532     238.284       -1582.532     238.284             182             182
   16        -396.343     497.287        -396.343     497.287              16              16
    8         780.940      54.156         780.940      54.156               8               8
   31       -1401.753    1342.840       -1401.753    1342.840              31              31
   19         446.202   -1824.790         446.202   -1824.790              19              19
  226        1730.785    1470.557        1730.785    1470.557             226             226
  164        -468.971      81.276        -468.971      81.276             164             164
  188        2135.159     332.546        2135.159     332.546             188             188
   98         468.468    -624.394         468.468    -624.394              98              98
    4         114.798     285.236         114.798     285.236               4               4
  142         786.896    1750.407         786.896    1750.407             142             142
  170        -586.768    1202.083        -586.768    1202.083             170             170
  176          84.960     -85.696          84.960     -85.696             176             176
   65        2746.130    -347.591        2746.130    -347.591              65              65
   12        -787.279      83.499        -787.279      83.499              12              12
   22        -867.156   -2122.049        -867.156   -2122.049              22              22
   77         635.235    2549.360         635.235    2549.360              77              77
   17        -907.540     269.637        -907.540     269.637              17              17
  130        -101.662     385.635        -101.662     385.635             130             130
  253        -140.451     162.318        -140.451     162.318             253             253
   96        1380.887    -169.007        1380.887    -169.007              96              96
  212         877.786    1745.732         877.786    1745.732             212             212
   49         968.498   -1445.045         968.498   -1445.045              49              49
  106        -431.321   -1070.221        -431.321   -1070.221             106             106
  225         813.046     -44.048         813.046     -44.048             225             225
   17        -278.904   -2325.164        -278.904   -2325.164              17              17
  132        1207.149    1068.008        1207.149    1068.008             132             132
    4         150.118    -652.233         150.118    -652.233               4               4
  109        2657.731    2460.468        2657.731    2460.468             109             109
   42         104.069    -762.056         104.069    -762.056              42              42
  162       -1736.553     306.101       -1736.553     306.101             162             162
   36         544.500     441.498         544.500     441.498              36              36
   59        -108.868    -536.529        -108.868    -536.529              59              59
  170        1178.900    -292.522        1178.900    -292.522             170             170
   68       -1226.176   -1206.280       -1226.176   -1206.280              68              68
   78        1570.970    1280.447        1570.970    1280.447              78              78
  141        1569.514    2675.200        1569.514    2675.200             141             141
  233         354.111      61.075         354.111      61.075             233             233
   10         325.186    -944.815         325.186    -944.815              10              10
  240        1609.266    2331.165        1609.266    2331.165             240             240
  237         463.919    -842.623         463.919    -842.623             237             237
  152       -1759.982     857.385       -1759.982     857.385             152             152
  154         401.814     680.756         401.814     680.756             154             154
  157        1111.535    1034.345        1111.535    1034.345             157             157
  218        -594.161    -355.138        -594.161    -355.138             218             218
  166         213.030     420.960         213.030     420.960             166             166
  180         148.433     378.013         148.433     378.013             180             180
   40        1219.969   -1787.375        1219.969   -1787.375              40              40
  184          82.494     134.182          82.494     134.182             184             184
   55         408.339    -573.032         408.339    -573.032              55              55
   37         235.363   -2372.977         235.363   -2372.977              37              37
   24       -1157.436   -2106.203       -1157.436   -2106.203              24              24
   11          -2.037      44.304          -2.037      44.304              11              11
   86        1404.226   -1999.594        1404.226   -1999.594              86              86
  130         810.563     205.259         810.563     205.259             130             130
  237       -1737.112    3473.928       -1737.112    3473.928             237             237
  103        -717.442    1824.830        -717.442    1824.830             103             103
    6       -1961.479      35.139       -1961.479      35.139               6               6
  241       -1245.000      -0.386       -1245.000      -0.386             241             241
  213       -1961.300     -36.235       -1961.300     -36.235             213             213
   49        -716.551   -1825.444        -716.551   -1825.444              49              49
  148       -1735.487   -3474.261       -1735.487   -3474.261             148             148
  250         811.170    -204.297         811.170    -204.297             250             250
  109        1403.712    2000.409        1403.712    2000.409             109             109
   62          -2.074     -44.091          -2.074     -44.091              62              62
   62       -1157.981    2106.012       -1157.981    2106.012              62              62
  187         234.877    2372.820         234.877    2372.820             187             187
  204         408.359     572.745         408.359     572.745             204             204
   39          82.765    -134.385          82.765    -134.385              39              39
  198        1219.489    1787.428        1219.489    1787.428             198             198
  188         148.554    -378.471         148.554    -378.471             188             188
   21         213.186    -421.209         213.186    -421.209              21              21
   95        -594.129     354.571        -594.129     354.571              95              95
   86        1112.013   -1034.330        1112.013   -1034.330              86              86
  179         401.932    -680.825         401.932    -680.825             179             179
   57       -1759.536    -858.055       -1759.536    -858.055              57              57
  253         464.085     842.529         464.085     842.529             253             253
  103        1610.243   -2330.753        1610.243   -2330.753             103             103
   97         324.926     944.912         324.926     944.912              97              97
  181         354.310     -61.335         354.310     -61.335             181             181
  158        1570.505   -2674.796        1570.505   -2674.796             158             158
  135        1571.158   -1279.558        1571.158   -1279.558             135             135
  205       -1226.687    1206.112       -1226.687    1206.112             205             205
  170        1178.826     292.898        1178.826     292.898             170             170
  221        -109.134     536.369        -109.134     536.369             221             221
   80         544.526    -441.458         544.526    -441.458              80              80
  151       -1736.357    -306.713       -1736.357    -306.713             151             151
   69         104.285     761.880         104.285     761.880              69              69
   87        2658.695   -2459.592        2658.695   -2459.592              87              87
  136         149.803     652.482         149.803     652.482             136             136
   27        1207.410   -1067.351        1207.410   -1067.351              27              27
  136        -279.769    2325.205        -279.769    2325.205             136             136
   28         812.988      44.200         812.988      44.200              28              28
   21        -431.661    1069.976        -431.661    1069.976              21              21
  245         968.106    1444.931         968.106    1444.931             245             245
   91         878.338   -1745.781         878.338   -1745.781              91              91
   84        1380.607     169.369        1380.607     169.369              84              84
  177        -140.695    -162.560        -140.695    -162.560             177             177
   39        -101.737    -385.853        -101.737    -385.853              39              39
  124        -907.480    -270.166        -907.480    -270.166             124             124
  119         636.072   -2548.989         636.072   -2548.989             119             119
  228        -867.879    2121.929        -867.879    2121.929             228             228
  145        -786.907     -83.955        -786.907     -83.955             145             145
  215        2746.125     348.319        2746.125     348.319             215             215
   58          84.687      85.398          84.687      85.398              58              58
   69        -586.365   -1202.563        -586.365   -1202.563              69              69
   17         787.543   -1750.112         787.543   -1750.112              17              17
   56         114.917    -284.987         114.917    -284.987              56              56
  172         468.383     624.585         468.383     624.585             172             172
  115        2135.145    -331.905        2135.145    -331.905             115             115
  238        -469.120     -81.515        -469.120     -81.515             238             238
   75        1731.098   -1469.845        1731.098   -1469.845              75              75
  250         445.134    1824.943         445.134    1824.943             250             250
  188       -1401.525   -1343.454       -1401.525   -1343.454             188             188
  245         780.826     -53.852         780.826     -53.852             245             245
  215        -396.470    -497.384        -396.470    -497.384             215             215
   12       -1582.496    -238.721       -1582.496    -238.721              12              12
  141        -617.157     -74.684        -617.157     -74.684             141             141
   29        1797.705   -1031.673        1797.705   -1031.673              29              29
   99          99.940    1959.561          99.940    1959.561              99              99
   21         971.871    1001.158         971.871    1001.158              21              21
   56        -829.844    -235.948        -829.844    -235.948              56              56
  236        -839.174     707.915        -839.174     707.915             236             236
   49        -410.535   -1400.032        -410.535   -1400.032              49              49
   77         191.960    1947.314         191.960    1947.314              77              77
  226         555.244     650.442         555.244     650.442             226             226
  141        -403.936     547.915        -403.936     547.915             141             141
  162         784.606   -1723.879         784.606   -1723.879             162             162
  147          30.337    -179.402          30.337    -179.402             147             147
  181        -272.671      43.790        -272.671      43.790             181             181
   30         387.902    1050.418         387.902    1050.418              30              30
   11       -1491.953     250.227       -1491.953     250.227              11              11
  153        1599.187    -865.027        1599.187    -865.027             153             153
  175         -81.778   -1319.945         -81.778   -1319.945             175             175
  226        -467.707     271.802        -467.707     271.802             226             226
  212        2160.732    -176.911        2160.732    -176.911             212             212
  244         154.087      33.399         154.087      33.399             244             244
  243        -602.808   -1222.002        -602.808   -1222.002             243             243
   12        -575.320     -14.458        -575.320     -14.458              12              12
  161        -300.222      92.035        -300.222      92.035             161             161
  103        -906.906     528.701        -906.906     528.701             103             103
  250       -1027.759   -1356.761       -1027.759   -1356.761             250             250
  237        -338.646    -909.016        -338.646    -909.016             237             237
   97        -865.923      91.340        -865.923      91.340              97              97
  182         176.910     224.991         176.910     224.991             182             182
  227       -2297.575    2512.901       -2297.575    2512.901             227             227
   56        1156.833    -243.692        1156.833    -243.692              56              56
  195       -1401.224     692.584       -1401.224     692.584             195             195
  112         728.631      34.341         728.631      34.341             112             112
   86       -1826.995    -337.195       -1826.995    -337.195              86              86
   38        -752.242    -190.742        -752.242    -190.742              38              38
  134         398.076     840.492         398.076     840.492             134             134
  142          40.849     766.705          40.849     766.705             142             142
   19         446.126   -1540.112         446.126   -1540.112              19              19
  184        1992.786    -300.648        1992.786    -300.648             184             184
  220        -553.638   -1085.484        -553.638   -1085.484             220             220
  245       -1506.719     653.583       -1506.719     653.583             245             245
   69         347.407    -136.113         347.407    -136.113              69              69
  126         108.974     267.165         108.974     267.165             126             126
  136        2879.159     236.739        2879.159     236.739             136             136
  250        1359.093    1487.589        1359.093    1487.589             250             250
  156        -604.430     336.987        -604.430     336.987             156             156
  147       -1342.964    -135.148       -1342.964    -135.148             147             147
  147        -688.083     -57.206        -688.083     -57.206             147             147
   76        -215.852     490.928        -215.852     490.928              76              76
  118        2154.408    -820.909        2154.408    -820.909             118             118
  103         133.779     411.436         133.779     411.436             103             103
   65        -340.405    -614.960        -340.405    -614.960              65              65
  106        1371.188    1039.209        1371.188    1039.209             106             106
  116        -334.618    -192.095        -334.618    -192.095             116             116
  227        2356.524    2187.415        2356.524    2187.415             227             227
  209        -291.241    -569.817        -291.241    -569.817             209             209
  111        1947.468     355.721        1947.468     355.721             111             111
  208       -1725.416     403.902       -1725.416     403.902             208             208
   50       -1421.234    2332.161       -1421.234    2332.161              50              50
   37         448.902    -649.776         448.902    -649.776              37              37
  180        2100.118    1035.879        2100.118    1035.879             180             180
  107        -981.661   -1594.892        -981.661   -1594.892             107             107
  232        1395.155    -373.513        1395.155    -373.513             232             232
   37         398.951    -362.771         398.951    -362.771              37              37
  193        -813.233   -1141.291        -813.233   -1141.291             193             193
   15        -851.050   -1886.158        -851.050   -1886.158              15              15
  171        -635.322    2751.019        -635.322    2751.019             171             171
   79          92.317     760.578          92.317     760.578              79              79
   34         913.605      23.208         913.605      23.208              34              34
   99       -1930.347     293.475       -1930.347     293.475              99              99
   43        1465.978    1539.181        1465.978    1539.181              43              43
   23        2283.853     -46.222        2283.853     -46.222              23              23
  169         631.355    -621.531         631.355    -621.531             169             169
  170          25.115    -707.715          25.115    -707.715             170             170
  160         -82.217   -2125.871         -82.217   -2125.871             160             160
  163       -1207.016     311.167       -1207.016     311.167             163             163
   70        1167.433     544.900        1167.433     544.900              70              70
   51        -279.557    -369.652        -279.557    -369.652              51              51
   55        1474.257   -1305.788        1474.257   -1305.788              55              55
  147       -1102.408     905.359       -1102.408     905.359             147             147
  170         544.212    2301.374         544.212    2301.374             170             170
  159       -1250.864     983.177       -1250.864     983.177             159             159
  212         103.864     953.359         103.864     953.359             212             212
   20        -280.319    -542.736        -280.319    -542.736              20              20
   20        -107.536    -869.514        -107.536    -869.514              20              20
  183        1481.621     597.112        1481.621     597.112             183             183
  230        2807.876     958.734        2807.876     958.734             230             230
  131         787.649     521.453         787.649     521.453             131             131
  136        2448.879     241.346        2448.879     241.346             136             136
   24         269.163    1286.802         269.163    1286.802              24              24
  168        -621.460    -570.884        -621.460    -570.884             168             168
   61        -181.459   -1263.188        -181.459   -1263.188              61              61
  132         123.853     917.844         123.853     917.844             132             132
  145         558.923     319.703         558.923     319.703             145             145
   98        1587.251    1648.772        1587.251    1648.772              98              98
   70         394.451     -39.415         394.451     -39.415              70              70
  161        -289.252    -194.130        -289.252    -194.130             161             161
   14         404.798   -2529.261         404.798   -2529.261              14              14
  150           6.160    -985.529           6.160    -985.529             150             150
  195        -890.090    -782.904        -890.090    -782.904             195             195
  113       -1641.786   -1395.748       -1641.786   -1395.748             113             113
  194        -115.310    -291.524        -115.310    -291.524             194             194
  219         122.939     178.634         122.939     178.634             219             219
   27        -964.083    -621.435        -964.083    -621.435              27              27
  108        -438.502     882.120        -438.502     882.120             108             108
  123         685.589    -161.108         685.589    -161.108             123             123
  190        -368.230    -618.533        -368.230    -618.533             190             190
  179        1289.314     811.898        1289.314     811.898             179             179
  175        1486.273    -888.326        1486.273    -888.326             175             175
  246        -182.055    -264.932        -182.055    -264.932             246             246
   70        -713.919   -1529.139        -713.919   -1529.139              70              70
   89       -1410.958   -1075.904       -1410.958   -1075.904              89              89
  150         -37.754    2853.538         -37.754    2853.538             150             150
   26         482.337   -1020.476         482.337   -1020.476              26              26
  109       -1634.671    -969.202       -1634.671    -969.202             109             109
  170        2081.473   -1085.749        2081.473   -1085.749             170             170
  210         835.017     258.341         835.017     258.341             210             210
   83         198.917    2223.932         198.917    2223.932              83              83
   45        1990.286   -1727.383        1990.286   -1727.383              45              45
   91           8.292     835.702           8.292     835.702              91              91
  108         501.769     245.091         501.769     245.091             108             108
  214         614.797     120.809         614.797     120.809             214             214
  152       -3589.988    -230.772       -3589.988    -230.772             152             152
  241        -114.086   -2717.398        -114.086   -2717.398             241             241
  104        -114.930    1186.735        -114.930    1186.735             104             104
  251        -251.400    1110.953        -251.400    1110.953             251             251
   55       -1468.551    1407.670       -1468.551    1407.670              55              55
    9        1840.148    -333.393        1840.148    -333.393               9               9
    9        -571.991   -1807.739        -571.991   -1807.739               9               9
  205         622.548    -228.421         622.548    -228.421             205             205
  205        2037.494     579.205        2037.494     579.205             205             205
  123        -986.014    -461.135        -986.014    -461.135             123             123
  143       -2136.178     163.709       -2136.178     163.709             143             143
  168        -580.527   -1146.802        -580.527   -1146.802             168             168
  150       -1654.283   -1250.339       -1654.283   -1250.339             150             150
  251         992.633   -1356.862         992.633   -1356.862             251             251
   35         576.160      51.985         576.160      51.985              35              35
   85        2441.139    -185.267        2441.139    -185.267              85              85
  174        1199.614     919.873        1199.614     919.873             174             174
  210       -2556.325     924.297       -2556.325     924.297             210             210
   76         184.371      34.074         184.371      34.074              76              76
  244        1442.714     960.358        1442.714     960.358             244             244
   43        -168.826     -94.220        -168.826     -94.220              43              43
  226       -1554.820    -902.864       -1554.820    -902.864             226             226
   15        -860.639    -773.421        -860.639    -773.421              15              15
  153        -644.921    2721.539        -644.921    2721.539             153             153
  141         518.764    -660.128         518.764    -660.128             141             141
  226        -788.111   -1427.479        -788.111   -1427.479             226             226
  237       -1669.597     477.328       -1669.597     477.328             237             237
  187         699.268   -1417.812         699.268   -1417.812             187             187
   61        -203.440      20.587        -203.440      20.587              61              61
   90       -1195.264    -620.221       -1195.264    -620.221              90              90
  146        1229.324    -516.550        1229.324    -516.550             146             146
  214         199.684    2627.171         199.684    2627.171             214             214
   75        -743.694   -1892.856        -743.694   -1892.856              75              75
  250        -214.033     595.197        -214.033     595.197             250             250
  210        1332.820    -655.391        1332.820    -655.391             210             210
  130         383.070   -2061.456         383.070   -2061.456             130             130
    3        1094.001    -382.438        1094.001    -382.438               3               3
  220       -1218.569    -845.434       -1218.569    -845.434             220             220
   79         452.489     151.184         452.489     151.184              79              79
  208       -1304.064    -286.368       -1304.064    -286.368             208             208
   87        -152.144   -1179.185        -152.144   -1179.185              87              87
  223         -21.765    1543.072         -21.765    1543.072             223             223
  121        -520.976   -1266.418        -520.976   -1266.418             121             121
  238        2752.041    1527.849        2752.041    1527.849             238             238
  218        2760.732     820.508        2760.732     820.508             218             218
  156         534.274   -1654.386         534.274   -1654.386             156             156
   68        1377.307    -942.552        1377.307    -942.552              68              68
  137        -943.016   -2014.460        -943.016   -2014.460             137             137
  111        -577.696      73.798        -577.696      73.798             111             111
  144       -2287.090    -934.926       -2287.090    -934.926             144             144
  126        1382.521    1597.731        1382.521    1597.731             126             126
  155       -2326.732    -767.499       -2326.732    -767.499             155             155
  115       -1525.077     921.818       -1525.077     921.818             115             115
  142        -566.581   -1469.314        -566.581   -1469.314             142             142
   52        -913.700    1225.396        -913.700    1225.396              52              52
    1       -1297.228     193.959       -1297.228     193.959               1               1
  112        -170.447    1353.274        -170.447    1353.274             112             112
   34       -1887.211     553.894       -1887.211     553.894              34              34
  188          89.316     821.046          89.316     821.046             188             188
  174        2421.578    1328.847        2421.578    1328.847             174             174
  124        -524.960     398.299        -524.960     398.299             124             124
   78        1694.087    -640.032        1694.087    -640.032              78              78
  133       -1020.536     281.104       -1020.536     281.104             133             133
  199         169.139    1504.649         169.139    1504.649             199             199
   72        1236.162     974.517        1236.162     974.517              72              72
   87        1566.214    -312.940        1566.214    -312.940              87              87
   74          64.242    -153.763          64.242    -153.763              74              74
   76        -360.986     754.350        -360.986     754.350              76              76
   51       -1004.108    1670.685       -1004.108    1670.685              51              51
  154         -36.441     360.871         -36.441     360.871             154             154
   29         744.409    -512.211         744.409    -512.211              29              29
  138       -2703.280    1385.699       -2703.280    1385.699             138             138
  121        -743.207    -110.413        -743.207    -110.413             121             121
  150        -631.898   -1550.754        -631.898   -1550.754             150             150
  121        -216.421    1653.664        -216.421    1653.664             121             121
   84        1625.718   -1406.186        1625.718   -1406.186              84              84
