SINAL     NFT                         FFT                         NFT INVERSA     FFT INVERSA
-----     -----------------------     -----------------------     -----------     -----------
   80       65031.000       0.000       65031.000       0.000              80              80
   81         354.016     392.414         354.016     392.414              81              81
  237         -66.311     177.890         -66.311     177.890             237             237
   14        -834.467     729.976        -834.467     729.976              14              14
  149        -300.345    1159.504        -300.345    1159.504             149             149
   21         110.906   -1378.425         110.906   -1378.425              21              21
  190       -1142.531    -462.099       -1142.531    -462.099             190             190
   92        1464.842   -1784.009        1464.842   -1784.009              92              92
   55        -781.146     -44.085        -781.146     -44.085              55              55
   68        -455.292     549.361        -455.292     549.361              68              68
   79        -723.473   -1265.215        -723.473   -1265.215              79              79
   53        -436.103    -254.712        -436.103    -254.712              53              53
  170        -835.043    1538.909        -835.043    1538.909             170             170
   65       -1916.148     985.300       -1916.148     985.300              65              65
  218        -120.171    1391.197        -120.171    1391.197             218             218
  107        -404.895    1737.235        -404.895    1737.235             107             107
  179        -969.792     -28.235        -969.792     -28.235             179             179
  110        -455.681     -74.475        -455.681     -74.475             110             110
  188       -2906.436     195.003       -2906.436     195.003             188             188
  144        -120.271      98.130        -120.271      98.130             144             144
  163         307.399   -1013.624         307.399   -1013.624             163             163
  212         383.305    -115.713         383.305    -115.713             212             212
  246         978.959   -1176.827         978.959   -1176.827             246             246
  201         954.510   -1203.510         954.510   -1203.510             201             201
  212        2218.060    1558.418        2218.060    1558.418             212             212
  166        1322.639     722.945        1322.639     722.945             166             166
  120        -786.006    1925.854        -786.006    1925.854             120             120
  111         261.931    1143.187         261.931    1143.187             111             111
   22        -598.003   -1921.646        -598.003   -1921.646              22              22
   69        2264.171    -881.767        2264.171    -881.767              69              69
  183         962.955   -4915.153         962.955   -4915.153             183             183
  103         769.959     672.528         769.959     672.528             103             103
  150         437.969     386.667         437.969     386.667             150             150
  164        -527.406    -708.635        -527.406    -708.635             164             164
  117       -1171.267    -680.746       -1171.267    -680.746             117             117
   44        2663.020     186.610        2663.020     186.610              44              44
  186       -1959.306    1429.744       -1959.306    1429.744             186             186
   52        2241.412     425.709        2241.412     425.709              52              52
  137        -553.431    -195.712        -553.431    -195.712             137             137
  241        1903.111   -1133.083        1903.111   -1133.083             241             241
  120       -1066.746    2897.826       -1066.746    2897.826             120             120
  216        -652.729    1397.490        -652.729    1397.490             216             216
   39        -661.996    -187.985        -661.996    -187.985              39              39
   34        1303.929    -991.365        1303.929    -991.365              34              34
   26        -615.400    -648.304        -615.400    -648.304              26              26
    1       -1580.346    -684.104       -1580.346    -684.104               1               1
  142        1667.222     642.462        1667.222     642.462             142             142
  206        2432.750     462.483        2432.750     462.483             206             206
  111        -320.173   -1357.589        -320.173   -1357.589             111             111
   75        1198.567     522.150        1198.567     522.150              75              75
   94         199.887   -1680.754         199.887   -1680.754              94              94
   19       -1623.806    1288.521       -1623.806    1288.521              19              19
   31        -778.750     632.122        -778.750     632.122              31              31
   84         722.009    -135.875         722.009    -135.875              84              84
  221        -712.603    1185.105        -712.603    1185.105             221             221
  244        1361.219    -375.238        1361.219    -375.238             244             244
  251        -129.907   -1263.346        -129.907   -1263.346             251             251
   85         692.467     -40.989         692.467     -40.989              85              85
  100       -3283.674    1005.811       -3283.674    1005.811             100             100
   18       -2065.317    -590.408       -2065.317    -590.408              18              18
  155       -1796.871     501.135       -1796.871     501.135             155             155
   27        -749.947    1453.027        -749.947    1453.027              27              27
  121         959.812    1099.812         959.812    1099.812             121             121
   49        -380.090      -0.966        -380.090      -0.966              49              49
  191        1104.300    -141.323        1104.300    -141.323             191             191
  238        1561.293    1078.664        1561.293    1078.664             238             238
   94        1785.015   -1231.595        1785.015   -1231.595              94              94
  122        1812.638   -1865.685        1812.638   -1865.685             122             122
   34         726.514    -615.389         726.514    -615.389              34              34
  231       -1301.838     158.655       -1301.838     158.655             231             231
  108       -1675.919     630.440       -1675.919     630.440             108             108
  154        -988.591     123.359        -988.591     123.359             154             154
  192         203.015    -604.860         203.015    -604.860             192             192
  147        1412.490    1279.868        1412.490    1279.868             147             147
  189         829.746      38.246         829.746      38.246             189             189
  218       -1383.045    -319.271       -1383.045    -319.271             218             218
  149         449.619   -1085.683         449.619   -1085.683             149             149
   75        3515.239    2175.804        3515.239    2175.804              75              75
  168         586.771   -1394.294         586.771   -1394.294             168             168
    5       -2154.155     428.515       -2154.155     428.515               5               5
  150         674.280    1490.675         674.280    1490.675             150             150
    7       -1216.681   -1063.174       -1216.681   -1063.174               7               7
   25        -495.620   -1489.040        -495.620   -1489.040              25              25
  182         777.800    -294.755         777.800    -294.755             182             182
   91         216.973    1138.986         216.973    1138.986              91              91
  246        2085.530     -24.282        2085.530     -24.282             246             246
  171        1748.535   -1002.907        1748.535   -1002.907             171             171
   86        -446.895    1795.050        -446.895    1795.050              86              86
   76        -475.687     661.321        -475.687     661.321              76              76
   15         262.002    -970.722         262.002    -970.722              15              15
  104        -929.205     359.508        -929.205     359.508             104             104
  231         636.608     408.708         636.608     408.708             231             231
   42         248.727    -216.660         248.727    -216.660              42              42
  226       -1193.827    -395.037       -1193.827    -395.037             226             226
   25         -96.716    -203.051         -96.716    -203.051              25              25
  234         283.758    1095.411         283.758    1095.411             234             234
  208        1545.832    -323.161        1545.832    -323.161             208             208
  119        1420.849    -699.621        1420.849    -699.621             119             119
  101       -2315.020     808.588       -2315.020     808.588             101             101
  243         440.792     318.567         440.792     318.567             243             243
   95       -1179.810    1871.821       -1179.810    1871.821              95              95
  209         149.824      57.231         149.824      57.231             209             209
  142         751.660    -267.287         751.660    -267.287             142             142
   32        2183.693     211.635        2183.693     211.635              32              32
  100        -741.124     425.046        -741.124     425.046             100             100
   75       -1994.315     790.413       -1994.315     790.413              75              75
  250       -1075.810    1165.369       -1075.810    1165.369             250             250
  250       -3679.297   -1253.640       -3679.297   -1253.640             250             250
  151         315.949     764.600         315.949     764.600             151             151
  163        -826.232   -1836.936        -826.232   -1836.936             163             163
  255        -351.574     529.989        -351.574     529.989             255             255
   45        1448.443    1285.753        1448.443    1285.753              45              45
  170       -1342.945   -1313.865       -1342.945   -1313.865             170             170
   24         956.632     926.527         956.632     926.527              24              24
  228       -3145.418   -1253.864       -3145.418   -1253.864             228             228
    6       -1455.822   -1718.277       -1455.822   -1718.277               6               6
   15         355.815      83.479         355.815      83.479              15              15
  143         913.392    -267.327         913.392    -267.327             143             143
   93         780.194    -998.392         780.194    -998.392              93              93
   91         258.584    1290.112         258.584    1290.112              91              91
  159        1016.199     339.974        1016.199     339.974             159             159
  198        -119.798    -110.683        -119.798    -110.683             198             198
   66        -631.594    -861.194        -631.594    -861.194              66              66
  201         755.150    1736.405         755.150    1736.405             201             201
  168       -1747.571    -244.131       -1747.571    -244.131             168             168
   91         777.411     414.823         777.411     414.823              91              91
  180       -1937.132     898.314       -1937.132     898.314             180             180
  120        -591.935     859.708        -591.935     859.708             120             120
  211       -2339.951    -611.235       -2339.951    -611.235             211             211
   25        -178.014     922.488        -178.014     922.488              25              25
  108        -415.076   -1188.765        -415.076   -1188.765             108             108
   50        -750.582    1423.042        -750.582    1423.042              50              50
  234       -1741.898     -25.617       -1741.898     -25.617             234             234
  250        -447.712   -1074.800        -447.712   -1074.800             250             250
   82       -2571.034     792.341       -2571.034     792.341              82              82
   79         778.375    -833.404         778.375    -833.404              79              79
   69          40.805   -1875.258          40.805   -1875.258              69              69
   77        -547.745   -1205.837        -547.745   -1205.837              77              77
   73        -658.154     574.937        -658.154     574.937              73              73
  221        -776.911     877.064        -776.911     877.064             221             221
  241        1721.839   -1197.686        1721.839   -1197.686             241             241
   72         233.877   -1552.355         233.877   -1552.355              72              72
   10         332.406    1615.338         332.406    1615.338              10              10
  156         224.627   -1772.289         224.627   -1772.289             156             156
   97        2047.112    -438.644        2047.112    -438.644              97              97
  239         449.582    -163.954         449.582    -163.954             239             239
  163         693.878     102.757         693.878     102.757             163             163
  112        -868.377    1366.843        -868.377    1366.843             112             112
  127       -1089.430     983.189       -1089.430     983.189             127             127
    0         224.766     538.007         224.766     538.007              -0              -0
  203         244.427    -165.142         244.427    -165.142             203             203
   30         610.610    1583.186         610.610    1583.186              30              30
  198       -3132.195    1280.722       -3132.195    1280.722             198             198
   13        -314.897    -500.153        -314.897    -500.153              13              13
  232         209.615    -207.010         209.615    -207.010             232             232
  111         760.806    -935.418         760.806    -935.418             111             111
  105       -1484.414    1862.375       -1484.414    1862.375             105             105
  156        -586.463   -1833.244        -586.463   -1833.244             156             156
  232         660.428    -585.574         660.428    -585.574             232             232
   60         310.724   -2212.654         310.724   -2212.654              60              60
  181          12.543    1797.868          12.543    1797.868             181             181
   84         509.635     828.396         509.635     828.396              84              84
  110       -1830.412     442.684       -1830.412     442.684             110             110
  160        -762.596     -18.113        -762.596     -18.113             160             160
   78        -938.027   -2012.204        -938.027   -2012.204              78              78
  193        -123.821     706.044        -123.821     706.044             193             193
  239        2213.358    -644.568        2213.358    -644.568             239             239
  148         187.114   -1764.775         187.114   -1764.775             148             148
   14        -247.545    1305.653        -247.545    1305.653              14              14
   57         618.645    1432.834         618.645    1432.834              57              57
  113         699.579    -765.395         699.579    -765.395             113             113
    0         527.846    1883.906         527.846    1883.906              -0              -0
  129        1229.220    -329.869        1229.220    -329.869             129             129
  124        -698.782     140.613        -698.782     140.613             124             124
  156        1034.146   -1348.501        1034.146   -1348.501             156             156
  227        -851.217     983.146        -851.217     983.146             227             227
  108         914.624   -1771.796         914.624   -1771.796             108             108
   63        -367.075    -271.767        -367.075    -271.767              63              63
   83         528.136      83.825         528.136      83.825              83              83
  235          73.540    -779.596          73.540    -779.596             235             235
   64          50.620    1578.691          50.620    1578.691              64              64
   30       -1860.815    1033.522       -1860.815    1033.522              30              30
    9       -1580.637    1508.938       -1580.637    1508.938               9               9
    6          69.841   -1534.784          69.841   -1534.784               6               6
   44        -799.368     740.357        -799.368     740.357              44              44
  242         842.847     195.293         842.847     195.293             242             242
  118         548.196    -105.376         548.196    -105.376             118             118
  149        2796.042    -160.756        2796.042    -160.756             149             149
  142        -139.561     443.279        -139.561     443.279             142             142
   94       -1989.318    -382.312       -1989.318    -382.312              94              94
  210        -969.709    -152.040        -969.709    -152.040             210             210
   68         279.285    1681.856         279.285    1681.856              68              68
  178         675.620     210.624         675.620     210.624             178             178
   64        -923.130   -1034.830        -923.130   -1034.830              64              64
  228       -2884.259    -303.521       -2884.259    -303.521             228             228
    0       -1604.645    -836.049       -1604.645    -836.049              -0              -0
    2        -541.035    2263.438        -541.035    2263.438               2               2
  212        -717.880    1020.291        -717.880    1020.291             212             212
  149        1322.022   -2143.579        1322.022   -2143.579             149             149
   17          47.482    -251.356          47.482    -251.356              17              17
   13       -1163.822    -838.325       -1163.822    -838.325              13              13
    6         -62.187    -528.034         -62.187    -528.034               6               6
   17        -524.699    1408.187        -524.699    1408.187              17              17
  143       -1307.556   -2553.072       -1307.556   -2553.072             143             143
  131        1141.892    1038.038        1141.892    1038.038             131             131
  174        1291.526     556.550        1291.526     556.550             174             174
  114       -1883.078    -876.223       -1883.078    -876.223             114             114
  239         731.338     192.952         731.338     192.952             239             239
  238        1835.883    2750.966        1835.883    2750.966             238             238
  198       -1400.189     582.297       -1400.189     582.297             198             198
  218        -323.098     639.883        -323.098     639.883             218             218
   46        1841.882    1312.133        1841.882    1312.133              46              46
  229        -114.985     859.029        -114.985     859.029             229             229
  228       -1410.408     748.884       -1410.408     748.884             228             228
   53        -873.699    -249.664        -873.699    -249.664              53              53
   17        1509.440     343.123        1509.440     343.123              17              17
  215        1452.220    -742.123        1452.220    -742.123             215             215
  171        -917.490    -615.736        -917.490    -615.736             171             171
  167        -487.875     485.268        -487.875     485.268             167             167
  101        -795.138    1378.610        -795.138    1378.610             101             101
    9        1143.094    1455.493        1143.094    1455.493               9               9
  121       -1698.199     728.710       -1698.199     728.710             121             121
  170        2016.503    -760.068        2016.503    -760.068             170             170
  187        1257.171    1749.172        1257.171    1749.172             187             187
  186         447.304     375.570         447.304     375.570             186             186
  143         368.119   -1239.153         368.119   -1239.153             143             143
  188        -475.688    1337.529        -475.688    1337.529             188             188
  188        -284.422    -613.866        -284.422    -613.866             188             188
   99         135.104    1617.197         135.104    1617.197              99              99
   82        1719.257    -138.050        1719.257    -138.050              82              82
  205         807.093   -1359.192         807.093   -1359.192             205             205
  113       -1564.938    1657.391       -1564.938    1657.391             113             113
   89         592.177     382.366         592.177     382.366              89              89
  223        -800.479   -2060.459        -800.479   -2060.459             223             223
    1       -2411.759     196.360       -2411.759     196.360               1               1
  220        -329.651    1059.570        -329.651    1059.570             220             220
  142         627.086    1758.662         627.086    1758.662             142             142
  116        1647.963    -122.248        1647.963    -122.248             116             116
  203        1158.393   -1070.313        1158.393   -1070.313             203             203
  124         563.221     898.764         563.221     898.764             124             124
   58         400.594     473.457         400.594     473.457              58              58
  166       -1633.036    1041.974       -1633.036    1041.974             166             166
  170         509.398    1583.383         509.398    1583.383             170             170
   31        1251.936     -91.068        1251.936     -91.068              31              31
  139        -962.475     106.066        -962.475     106.066             139             139
  224       -1051.514    1162.029       -1051.514    1162.029             224             224
   49        1542.995    3161.017        1542.995    3161.017              49              49
   98       -1149.140     508.474       -1149.140     508.474              98              98
  140         870.793    -431.110         870.793    -431.110             140             140
  216        1226.647     103.095        1226.647     103.095             216             216
  200        -575.732     877.266        -575.732     877.266             200             200
  149        -709.530    1330.232        -709.530    1330.232             149             149
   81          87.523    1346.437          87.523    1346.437              81              81
  114         511.986    -345.079         511.986    -345.079             114             114
   81         195.565   -1278.543         195.565   -1278.543              81              81
   12        1497.931    1618.459        1497.931    1618.459              12              12
    2         689.000      -0.180         689.000      -0.180               2               2
   14        1498.346   -1618.251        1498.346   -1618.251              14              14
  200         194.924    1278.352         194.924    1278.352             200             200
  101         511.686     344.638         511.686     344.638             101             101
   96          87.745   -1346.962          87.745   -1346.962              96              96
  150        -709.196   -1330.768        -709.196   -1330.768             150             150
  215        -575.306    -877.606        -575.306    -877.606             215             215
  185        1226.760    -102.839        1226.760    -102.839             185             185
  117         870.430     431.035         870.430     431.035             117             117
  217       -1149.038    -509.452       -1149.038    -509.452             217             217
  150        1543.949   -3160.776        1543.949   -3160.776             150             150
    3       -1051.343   -1162.254       -1051.343   -1162.254               3               3
   78        -962.296    -106.345        -962.296    -106.345              78              78
   98        1252.001      91.295        1252.001      91.295              98              98
  128         509.716   -1583.376         509.716   -1583.376             128             128
  136       -1632.682   -1042.471       -1632.682   -1042.471             136             136
    9         400.993    -473.256         400.993    -473.256               9               9
   43         563.676    -898.421         563.676    -898.421              43              43
  168        1158.090    1070.736        1158.090    1070.736             168             168
  148        1647.712     122.516        1647.712     122.516             148             148
   11         627.230   -1758.591         627.230   -1758.591              11              11
  218        -329.797   -1059.503        -329.797   -1059.503             218             218
  247       -2411.860    -196.865       -2411.860    -196.865             247             247
  152        -800.955    2060.157        -800.955    2060.157             152             152
  179         592.375    -382.506         592.375    -382.506             179             179
  192       -1564.207   -1657.897       -1564.207   -1657.897             192             192
   45         806.994    1359.484         806.994    1359.484              45              45
    5        1719.216     138.309        1719.216     138.309               5               5
   51         135.456   -1617.262         135.456   -1617.262              51              51
  127        -284.716     613.714        -284.716     613.714             127             127
   17        -475.168   -1337.713        -475.168   -1337.713              17              17
   53         367.845    1239.207         367.845    1239.207              53              53
  142         447.552    -375.758         447.552    -375.758             142             142
  217        1257.794   -1748.819        1257.794   -1748.819             217             217
  155        2015.887     760.686        2015.887     760.686             155             155
  239       -1698.229    -729.543       -1698.229    -729.543             239             239
  112        1143.451   -1455.217        1143.451   -1455.217             112             112
  115        -794.910   -1378.743        -794.910   -1378.743             115             115
  169        -487.770    -485.163        -487.770    -485.163             169             169
  230        -917.531     615.595        -917.531     615.595             230             230
   76        1452.108     742.523        1452.108     742.523              76              76
   63        1509.254    -342.771        1509.254    -342.771              63              63
  233        -874.156     249.180        -874.156     249.180             233             233
  154       -1410.169    -749.596       -1410.169    -749.596             154             154
  161        -114.471    -859.229        -114.471    -859.229             161             161
  106        1842.263   -1311.555        1842.263   -1311.555             106             106
   35        -323.174    -639.960        -323.174    -639.960              35              35
  171       -1399.918    -582.841       -1399.918    -582.841             171             171
  149        1836.856   -2750.141        1836.856   -2750.141             149             149
  204         731.034    -192.208         731.034    -192.208             204             204
   64       -1883.470     875.814       -1883.470     875.814              64              64
  161        1291.764    -556.023        1291.764    -556.023             161             161
  167        1141.867   -1037.264        1141.867   -1037.264             167             167
   55       -1308.760    2552.769       -1308.760    2552.769              55              55
   57        -524.336   -1408.377        -524.336   -1408.377              57              57
   90         -62.517     528.253         -62.517     528.253              90              90
  248       -1164.159     838.013       -1164.159     838.013             248             248
  103          47.477     251.426          47.477     251.426             103             103
   95        1321.090    2143.778        1321.090    2143.778              95              95
   44        -717.926   -1020.970        -717.926   -1020.970              44              44
  231        -540.615   -2263.533        -540.615   -2263.533             231             231
  112       -1605.223     835.761       -1605.223     835.761             112             112
   97       -2884.256     302.601       -2884.256     302.601              97              97
  117        -923.036    1034.391        -923.036    1034.391             117             117
   74         675.958    -210.689         675.958    -210.689              74              74
  253         279.822   -1681.786         279.822   -1681.786             253             253
  100        -969.813     151.873        -969.813     151.873             100             100
  186       -1989.143     381.638       -1989.143     381.638             186             186
  112        -138.788    -443.343        -138.788    -443.343             112             112
   14        2796.227     161.710        2796.227     161.710              14              14
  160         548.003     105.502         548.003     105.502             160             160
  189         842.662    -195.092         842.662    -195.092             189             189
   77        -799.354    -740.560        -799.354    -740.560              77              77
  138          69.124    1534.671          69.124    1534.671             138             138
   87       -1580.285   -1509.723       -1580.285   -1509.723              87              87
  239       -1860.243   -1034.129       -1860.243   -1034.129             239             239
  244          51.500   -1578.391          51.500   -1578.391             244             244
  123          73.522     779.928          73.522     779.928             123             123
  154         528.296     -83.486         528.296     -83.486             154             154
  137        -367.025     271.870        -367.025     271.870             137             137
   72         914.106    1772.061         914.106    1772.061              72              72
  219        -850.781    -983.488        -850.781    -983.488             219             219
   43        1033.817    1348.824        1033.817    1348.824              43              43
  239        -698.599    -141.037        -698.599    -141.037             239             239
   19        1229.279     330.040        1229.279     330.040              19              19
  100         528.481   -1883.774         528.481   -1883.774             100             100
   73         699.289     765.650         699.289     765.650              73              73
   11         618.997   -1432.655         618.997   -1432.655              11              11
  204        -247.185   -1305.352        -247.185   -1305.352             204             204
  168         186.604    1765.133         186.604    1765.133             168             168
   55        2212.937     645.246        2212.937     645.246              55              55
  179        -124.072    -705.985        -124.072    -705.985             179             179
   24        -939.019    2011.883        -939.019    2011.883              24              24
  153        -762.790      17.571        -762.790      17.571             153             153
   41       -1830.177    -443.489       -1830.177    -443.489              41              41
   98         510.097    -828.297         510.097    -828.297              98              98
  150          13.178   -1797.529          13.178   -1797.529             150             150
  141         309.982    2213.055         309.982    2213.055             141             141
   29         660.062     585.754         660.062     585.754              29              29
    6        -587.319    1832.741        -587.319    1832.741               6               6
  156       -1483.750   -1863.081       -1483.750   -1863.081             156             156
  189         760.573     935.676         760.573     935.676             189             189
  195         209.372     206.891         209.372     206.891             195             195
  234        -315.371     499.719        -315.371     499.719             234             234
   71       -3131.661   -1282.084       -3131.661   -1282.084              71              71
   27         611.508   -1582.965         611.508   -1582.965              27              27
  217         244.471     165.285         244.471     165.285             217             217
   59         224.910    -537.998         224.910    -537.998              59              59
  151       -1089.070    -983.546       -1089.070    -983.546             151             151
  116        -867.614   -1366.906        -867.614   -1366.906             116             116
  197         694.237    -102.179         694.237    -102.179             197             197
  223         449.776     164.397         449.776     164.397             223             223
   80        2046.975     439.598        2046.975     439.598              80              80
  241         223.844    1772.335         223.844    1772.335             241             241
  207         332.833   -1615.160         332.833   -1615.160             207             207
   99         233.291    1552.656         233.291    1552.656              99              99
   86        1721.133    1198.099        1721.133    1198.099              86              86
   24        -777.053    -877.446        -777.053    -877.446              24              24
  110        -658.186    -574.940        -658.186    -574.940             110             110
   34        -548.271    1205.897        -548.271    1205.897              34              34
  193          40.054    1875.190          40.054    1875.190             193             193
  166         777.676     833.320         777.676     833.320             166             166
  213       -2571.081    -793.387       -2571.081    -793.387             213             213
  218        -448.150    1074.499        -448.150    1074.499             218             218
   63       -1741.946      24.694       -1741.946      24.694              63              63
  255        -750.000   -1423.378        -750.000   -1423.378             255             255
   61        -415.431    1188.540        -415.431    1188.540              61              61
  213        -177.839    -922.717        -177.839    -922.717             213             213
  141       -2340.148     610.295       -2340.148     610.295             141             141
   90        -591.470    -860.128        -591.470    -860.128              90              90
  220       -1936.516    -899.002       -1936.516    -899.002             220             220
   41         777.818    -414.509         777.818    -414.509              41              41
   23       -1747.392     243.482       -1747.392     243.482              23              23
  159         756.051   -1736.056         756.051   -1736.056             159             159
   19        -631.675     861.166        -631.675     861.166              19              19
   95        -119.495     110.599        -119.495     110.599              95              95
  187        1016.532    -339.684        1016.532    -339.684             187             187
  237         259.109   -1289.831         259.109   -1289.831             237             237
  154         779.901     998.890         779.901     998.890             154             154
   82         913.146     267.691         913.146     267.691              82              82
   98         355.462     -83.188         355.462     -83.188              98              98
   96       -1456.762    1717.859       -1456.762    1717.859              96              96
   49       -3145.645    1252.526       -3145.645    1252.526              49              49
  178         957.241    -926.389         957.241    -926.389             178             178
   82       -1343.181    1313.221       -1343.181    1313.221              82              82
    1        1448.998   -1285.484        1448.998   -1285.484               1               1
   21        -351.557    -529.973        -351.557    -529.973              21              21
  168        -826.904    1836.575        -826.904    1836.575             168             168
   25         315.961    -764.697         315.961    -764.697              25              25
  132       -3679.738    1252.155       -3679.738    1252.155             132             132
  202       -1075.035   -1166.061       -1075.035   -1166.061             202             202
  219       -1993.537    -791.169       -1993.537    -791.169             219             219
   42        -740.179    -425.311        -740.179    -425.311              42              42
  160        2184.285    -210.911        2184.285    -210.911             160             160
  181         751.660     267.445         751.660     267.445             181             181
  105         149.839     -57.434         149.839     -57.434             105             105
  159       -1179.029   -1872.287       -1179.029   -1872.287             159             159
  242         441.067    -318.295         441.067    -318.295             242             242
   63       -2314.337    -809.186       -2314.337    -809.186              63              63
   44        1421.208     700.232        1421.208     700.232              44              44
   76        1545.882     323.586        1545.882     323.586              76              76
   27         284.098   -1095.301         284.098   -1095.301              27              27
   86         -96.801     203.161         -96.801     203.161              86              86
  100       -1193.778     394.660       -1193.778     394.660             100             100
  187         248.972     216.664         248.972     216.664             187             187
  105         636.871    -408.555         636.871    -408.555             105             105
  195        -928.912    -359.755        -928.912    -359.755             195             195
  118         261.945     970.730         261.945     970.730             118             118
   86        -475.187    -661.697        -475.187    -661.697              86              86
   94        -445.783   -1795.064        -445.783   -1795.064              94              94
  200        1748.662    1003.679        1748.662    1003.679             200             200
  184        2085.561      24.913        2085.561      24.913             184             184
  191         217.254   -1138.802         217.254   -1138.802             191             191
  250         777.587     295.302         777.587     295.302             250             250
  107        -496.259    1488.936        -496.259    1488.936             107             107
   17       -1216.902    1062.468       -1216.902    1062.468              17              17
  251         674.903   -1490.643         674.903   -1490.643             251             251
  128       -2153.691    -429.102       -2153.691    -429.102             128             128
  185         587.005    1394.373         587.005    1394.373             185             185
   21        3516.135   -2174.638        3516.135   -2174.638              21              21
    4         448.948    1086.008         448.948    1086.008               4               4
  132       -1383.115     318.716       -1383.115     318.716             132             132
  240         830.002     -38.121         830.002     -38.121             240             240
   47        1412.869   -1279.357        1412.869   -1279.357              47              47
   37         202.554     605.033         202.554     605.033              37              37
  165        -988.720    -123.725        -988.720    -123.725             165             165
  152       -1675.574    -630.926       -1675.574    -630.926             152             152
  197       -1301.271    -158.872       -1301.271    -158.872             197             197
  152         726.933     615.871         726.933     615.871             152             152
  216        1812.395    1866.284        1812.395    1866.284             216             216
  242        1784.695    1231.811        1784.695    1231.811             242             242
  228        1561.523   -1078.447        1561.523   -1078.447             228             228
  243        1103.930     141.553        1103.930     141.553             243             243
   72        -380.358       0.578        -380.358       0.578              72              72
   73         959.859   -1099.711         959.859   -1099.711              73              73
  175        -749.930   -1453.241        -749.930   -1453.241             175             175
  178       -1796.987    -501.528       -1796.987    -501.528             178             178
   12       -2065.551     589.777       -2065.551     589.777              12              12
   37       -3282.846   -1006.844       -3282.846   -1006.844              37              37
    8         693.100      41.458         693.100      41.458               8               8
  106        -129.900    1263.340        -129.900    1263.340             106             106
  238        1361.318     375.470        1361.318     375.470             238             238
  193        -712.065   -1185.431        -712.065   -1185.431             193             193
   42         722.102     136.134         722.102     136.134              42              42
  233        -778.483    -632.400        -778.483    -632.400             233             233
   45       -1622.989   -1288.796       -1622.989   -1288.796              45              45
   59         199.913    1681.001         199.913    1681.001              59              59
  229        1199.119    -521.712        1199.119    -521.712             229             229
  173        -320.219    1357.460        -320.219    1357.460             173             173
  245        2433.199    -461.817        2433.199    -461.817             245             245
  251        1667.206    -641.820        1667.206    -641.820             251             251
  178       -1580.699     683.691       -1580.699     683.691             178             178
  122        -615.317     648.072        -615.317     648.072             122             122
  235        1303.750     991.592        1303.750     991.592             235             235
  225        -662.035     187.354        -662.035     187.354             225             225
  160        -652.049   -1398.056        -652.049   -1398.056             160             160
  145       -1065.282   -2897.980       -1065.282   -2897.980             145             145
  122        1903.112    1134.050        1903.112    1134.050             122             122
  101        -553.216     195.508        -553.216     195.508             101             101
   41        2241.676    -425.013        2241.676    -425.013              41              41
   82       -1958.610   -1430.238       -1958.610   -1430.238              82              82
   88        2663.295    -185.350        2663.295    -185.350              88              88
   14       -1171.499     680.636       -1171.499     680.636              14              14
   70        -527.275     708.565        -527.275     708.565              70              70
  161         438.540    -386.374         438.540    -386.374             161             161
   88         770.569    -671.694         770.569    -671.694              88              88
  246         961.651    4915.646         961.651    4915.646             246             246
   83        2263.909     882.100        2263.909     882.100              83              83
  100        -598.690    1920.866        -598.690    1920.866             100             100
   28         262.466   -1143.754         262.466   -1143.754              28              28
   92        -785.004   -1926.337        -785.004   -1926.337              92              92
  207        1323.360    -722.488        1323.360    -722.488             207             207
   10        2218.730   -1557.418        2218.730   -1557.418              10              10
   29         954.041    1204.134         954.041    1204.134              29              29
  249         978.450    1177.119         978.450    1177.119             249             249
  244         383.101     115.738         383.101     115.738             244             244
   75         306.860    1013.550         306.860    1013.550              75              75
   53        -120.559     -98.443        -120.559     -98.443              53              53
  217       -2906.356    -196.173       -2906.356    -196.173             217             217
  248        -455.367      74.110        -455.367      74.110             248             248
   42        -969.475      27.559        -969.475      27.559              42              42
  212        -403.932   -1737.629        -403.932   -1737.629             212             212
  171        -119.439   -1391.225        -119.439   -1391.225             171             171
  165       -1915.410    -985.827       -1915.410    -985.827             165             165
  192        -833.855   -1538.868        -833.855   -1538.868             192             192
  141        -435.496     255.002        -435.496     255.002             141             141
   69        -723.138    1265.119        -723.138    1265.119              69              69
   82        -454.238    -549.439        -454.238    -549.439              82              82
    7        -780.077      44.104        -780.077      44.104               7               7
  170        1465.257    1784.596        1465.257    1784.596             170             170
  124       -1141.619     461.613       -1141.619     461.613             124             124
   90         111.868    1378.176         111.868    1378.176              90              90
    3        -298.266   -1159.905        -298.266   -1159.905               3               3
  138        -831.848    -730.273        -831.848    -730.273             138             138
  161         -62.637    -177.874         -62.637    -177.874             161             161
  164         361.133    -392.225         361.133    -392.225             164             164
