SINAL     NFT                         FFT                         NFT INVERSA     FFT INVERSA
-----     -----------------------     -----------------------     -----------     -----------
   64       66520.000       0.000       66520.000       0.000              64              64
  123         436.006     204.586         436.006     204.586             123             123
  239        1343.821    -253.583        1343.821    -253.583             239             239
  254         328.532     497.312         328.532     497.312             254             254
  223       -1168.187   -2148.917       -1168.187   -2148.917             223             223
   23          10.513     691.696          10.513     691.696              23              23
   87         253.274     104.964         253.274     104.964              87              87
  252         624.907     462.911         624.907     462.911             252             252
  194        1907.043    1309.899        1907.043    1309.899             194             194
   32         297.683    -704.500         297.683    -704.500              32              32
  175         454.718   -1753.271         454.718   -1753.271             175             175
   63       -1357.923    -759.878       -1357.923    -759.878              63              63
  177        -613.584    -406.419        -613.584    -406.419             177             177
  207        -150.595     465.256        -150.595     465.256             207             207
  174         891.126   -1176.345         891.126   -1176.345             174             174
  122       -1541.135   -2724.873       -1541.135   -2724.873             122             122
  167        1025.028     165.345        1025.028     165.345             167             167
  167        1384.732    -989.803        1384.732    -989.803             167             167
  153        1046.638   -1656.103        1046.638   -1656.103             153             153
  178         359.400    -831.328         359.400    -831.328             178             178
  175         691.057     169.507         691.057     169.507             175             175
    3         182.269       6.409         182.269       6.409               3               3
  193         139.943    1374.586         139.943    1374.586             193             193
    7        -104.632     553.004        -104.632     553.004               7               7
  225        -198.496     682.858        -198.496     682.858             225             225
  100        1876.671     -17.134        1876.671     -17.134             100             100
   24        -586.380    1251.542        -586.380    1251.542              24              24
  156         976.326     262.923         976.326     262.923             156             156
   59         964.519     523.081         964.519     523.081              59              59
   93         227.614    -510.168         227.614    -510.168              93              93
   99          35.733    -913.355          35.733    -913.355              99              99
  123        2618.518    2438.903        2618.518    2438.903             123             123
  216         702.588    -655.111         702.588    -655.111             216             216
   82        -650.874    -910.866        -650.874    -910.866              82              82
  122        -788.271      34.728        -788.271      34.728             122             122
  183         189.043      44.431         189.043      44.431             183             183
  106        -429.840     757.864        -429.840     757.864             106             106
  209        -514.043   -2037.475        -514.043   -2037.475             209             209
  180       -1320.078    -147.656       -1320.078    -147.656             180             180
   45         730.057   -1431.605         730.057   -1431.605              45              45
  241         339.224    1041.045         339.224    1041.045             241             241
  100        1449.520     535.814        1449.520     535.814             100             100
  108        1006.847   -1135.857        1006.847   -1135.857             108             108
  163        2118.659   -1552.930        2118.659   -1552.930             163             163
   51         759.711    -311.657         759.711    -311.657              51              51
   27       -2620.424    1437.358       -2620.424    1437.358              27              27
   30        2557.173    1021.951        2557.173    1021.951              30              30
  219       -2555.051    1356.584       -2555.051    1356.584             219             219
  194        -449.806    -659.240        -449.806    -659.240             194             194
  184       -1507.496     396.010       -1507.496     396.010             184             184
  141         -92.563     -69.126         -92.563     -69.126             141             141
  114         114.444    -984.759         114.444    -984.759             114             114
  188        1373.565   -1257.094        1373.565   -1257.094             188             188
   78        -259.877    -285.818        -259.877    -285.818              78              78
  121         875.700    1140.390         875.700    1140.390             121             121
  157       -1149.058     755.011       -1149.058     755.011             157             157
  179        1115.138    -673.401        1115.138    -673.401             179             179
  146        -443.185   -1222.096        -443.185   -1222.096             146             146
   57        -676.356     122.741        -676.356     122.741              57              57
  239        -487.144     923.261        -487.144     923.261             239             239
  239        1250.677     737.508        1250.677     737.508             239             239
  156          34.821    1048.569          34.821    1048.569             156             156
  107         134.978    1289.514         134.978    1289.514             107             107
  199        -985.563     670.696        -985.563     670.696             199             199
  239        -777.438    -809.392        -777.438    -809.392             239             239
  229        2038.440    -563.601        2038.440    -563.601             229             229
  127        -186.957     633.582        -186.957     633.582             127             127
   89       -2576.575   -1534.245       -2576.575   -1534.245              89              89
  182         585.936    -217.355         585.936    -217.355             182             182
   51       -1882.544     195.842       -1882.544     195.842              51              51
  134        -301.789    -401.176        -301.789    -401.176             134             134
  168        1494.256    -887.269        1494.256    -887.269             168             168
  152        -125.376    2011.089        -125.376    2011.089             152             152
  243        -282.264    -956.963        -282.264    -956.963             243             243
   76        -138.567    -385.249        -138.567    -385.249              76              76
  204         964.276     661.010         964.276     661.010             204             204
   14       -1211.738    -338.011       -1211.738    -338.011              14              14
  106       -1114.363     921.056       -1114.363     921.056             106             106
  168         961.471    -986.408         961.471    -986.408             168             168
  209         902.563     864.527         902.563     864.527             209             209
   34       -1411.798     602.502       -1411.798     602.502              34              34
   53         861.958   -2379.848         861.958   -2379.848              53              53
   68        -776.842    1175.709        -776.842    1175.709              68              68
  223        -473.353    2763.002        -473.353    2763.002             223             223
  132       -1673.483    -594.065       -1673.483    -594.065             132             132
  189        2300.430    -110.039        2300.430    -110.039             189             189
  124        1054.725   -1125.402        1054.725   -1125.402             124             124
   56       -3067.453   -1769.572       -3067.453   -1769.572              56              56
   79         616.730    -630.463         616.730    -630.463              79              79
  181       -1143.396    -222.625       -1143.396    -222.625             181             181
   40        1040.107    -850.674        1040.107    -850.674              40              40
   63       -3885.918     510.608       -3885.918     510.608              63              63
   82        -497.291     581.264        -497.291     581.264              82              82
  147         220.126   -1470.123         220.126   -1470.123             147             147
    6        -622.220    -547.903        -622.220    -547.903               6               6
   65       -1148.877    1755.081       -1148.877    1755.081              65              65
  120        -585.934    -369.125        -585.934    -369.125             120             120
  133       -1308.594     684.041       -1308.594     684.041             133             133
  155        -953.203   -1842.031        -953.203   -1842.031             155             155
   47          -5.986   -1758.572          -5.986   -1758.572              47              47
  185        -307.846     293.843        -307.846     293.843             185             185
   34        -107.715    -273.898        -107.715    -273.898              34              34
  216       -1065.546    1825.118       -1065.546    1825.118             216             216
   81        -873.431    1879.679        -873.431    1879.679              81              81
   22       -1195.499    -809.665       -1195.499    -809.665              22              22
   36        -915.447    1262.845        -915.447    1262.845              36              36
   29        -988.858    -454.803        -988.858    -454.803              29              29
   36       -2506.418   -1665.681       -2506.418   -1665.681              36              36
  143         291.436   -1770.860         291.436   -1770.860             143             143
  197        1263.814    1555.518        1263.814    1555.518             197             197
  246        1482.278    1627.125        1482.278    1627.125             246             246
  178        1443.230    -134.848        1443.230    -134.848             178             178
  251         744.150     188.191         744.150     188.191             251             251
   58        -710.386    -123.195        -710.386    -123.195              58              58
  145       -1785.106    2046.569       -1785.106    2046.569             145             145
  128         637.682     -41.325         637.682     -41.325             128             128
  248       -1069.040    1399.099       -1069.040    1399.099             248             248
   13          57.407     145.853          57.407     145.853              13              13
  185       -1456.100    1898.605       -1456.100    1898.605             185             185
   72        1032.200    -386.522        1032.200    -386.522              72              72
  194         265.167     -69.782         265.167     -69.782             194             194
  225          57.864     912.592          57.864     912.592             225             225
  135         184.029    2339.312         184.029    2339.312             135             135
   21       -2119.339    -688.991       -2119.339    -688.991              21              21
  116       -1649.523    1436.913       -1649.523    1436.913             116             116
  141        -793.097     -88.732        -793.097     -88.732             141             141
   87        -250.564    3083.422        -250.564    3083.422              87              87
  237       -1236.950      86.805       -1236.950      86.805             237             237
   19         425.137    -327.057         425.137    -327.057              19              19
  242        1485.972    -446.559        1485.972    -446.559             242             242
   29         112.808     238.380         112.808     238.380              29              29
  204         -45.279   -1610.530         -45.279   -1610.530             204             204
   21        1181.547    -457.112        1181.547    -457.112              21              21
  245        -115.035     222.899        -115.035     222.899             245             245
   30        -667.366      84.884        -667.366      84.884              30              30
   43        -962.906     211.014        -962.906     211.014              43              43
   25        1782.354    1893.584        1782.354    1893.584              25              25
   60         234.679   -1296.473         234.679   -1296.473              60              60
   80        1914.773    2304.503        1914.773    2304.503              80              80
  168       -1047.841     928.993       -1047.841     928.993             168             168
    1       -1280.824     504.394       -1280.824     504.394               1               1
   70       -2128.980   -1566.535       -2128.980   -1566.535              70              70
   90          24.268    2683.227          24.268    2683.227              90              90
  253         802.524   -1584.203         802.524   -1584.203             253             253
  129        -832.865    -542.730        -832.865    -542.730             129             129
  235        1736.997     566.498        1736.997     566.498             235             235
  126         443.419   -1140.037         443.419   -1140.037             126             126
  121        -675.949    1047.698        -675.949    1047.698             121             121
  249        -369.971     822.375        -369.971     822.375             249             249
   55        1581.493   -1109.176        1581.493   -1109.176              55              55
  194         920.697     787.067         920.697     787.067             194             194
  188        1885.477     683.338        1885.477     683.338             188             188
   25        -861.658    -132.018        -861.658    -132.018              25              25
   73        -157.244     126.324        -157.244     126.324              73              73
  209           2.992     855.994           2.992     855.994             209             209
  142         222.726     327.249         222.726     327.249             142             142
  215        -235.646    -598.505        -235.646    -598.505             215             215
   40        -870.705   -2015.546        -870.705   -2015.546              40              40
  123          19.078    -124.030          19.078    -124.030             123             123
  234        -846.950     482.655        -846.950     482.655             234             234
   27        -323.769   -1485.177        -323.769   -1485.177              27              27
  153        1840.254     450.689        1840.254     450.689             153             153
  183        1108.204    -210.071        1108.204    -210.071             183             183
   48        -613.503    1167.159        -613.503    1167.159              48              48
  142         154.635    1275.375         154.635    1275.375             142             142
  213        -167.201   -1591.441        -167.201   -1591.441             213             213
   92        1153.051     138.828        1153.051     138.828              92              92
  168       -1152.314   -1174.465       -1152.314   -1174.465             168             168
   17       -1021.801    -763.597       -1021.801    -763.597              17              17
  172        -241.419    -485.441        -241.419    -485.441             172             172
   81         746.714   -1689.380         746.714   -1689.380              81              81
   19       -1257.560     697.848       -1257.560     697.848              19              19
  242       -3159.618     -36.067       -3159.618     -36.067             242             242
  172        1023.389    -304.780        1023.389    -304.780             172             172
   17       -1172.501   -1416.765       -1172.501   -1416.765              17              17
  115        -121.770   -1058.538        -121.770   -1058.538             115             115
  152        -189.310      14.774        -189.310      14.774             152             152
  143         874.192    -159.835         874.192    -159.835             143             143
  237        1245.446     140.649        1245.446     140.649             237             237
  145        -201.411     670.510        -201.411     670.510             145             145
  199       -1157.809    1305.791       -1157.809    1305.791             199             199
  175         801.747     164.347         801.747     164.347             175             175
   77       -1939.328    -356.093       -1939.328    -356.093              77              77
  224       -1645.046     664.720       -1645.046     664.720             224             224
  249        1275.791     615.030        1275.791     615.030             249             249
   31       -2423.949    -525.142       -2423.949    -525.142              31              31
  110        -582.759     942.379        -582.759     942.379             110             110
  208        2327.610    1547.190        2327.610    1547.190             208             208
   71       -1844.245     419.729       -1844.245     419.729              71              71
  234        -150.458    3153.197        -150.458    3153.197             234             234
  187         254.014     817.794         254.014     817.794             187             187
   99        -427.155   -3767.893        -427.155   -3767.893              99              99
  131         171.419     366.704         171.419     366.704             131             131
  114        -597.246    -620.494        -597.246    -620.494             114             114
  147         170.909    -171.677         170.909    -171.677             147             147
   17       -1423.580   -1267.909       -1423.580   -1267.909              17              17
   71         832.103     462.495         832.103     462.495              71              71
  240       -1212.578   -1220.647       -1212.578   -1220.647             240             240
  185        -582.167     487.340        -582.167     487.340             185             185
   88       -3224.945   -1532.724       -3224.945   -1532.724              88              88
  156         509.633    -899.110         509.633    -899.110             156             156
   11       -1274.076   -1674.957       -1274.076   -1674.957              11              11
  108         896.428    1134.378         896.428    1134.378             108             108
  142        1945.715    3037.571        1945.715    3037.571             142             142
  183        -631.551     241.177        -631.551     241.177             183             183
  125        1633.661     685.804        1633.661     685.804             125             125
    2         494.003      43.186         494.003      43.186               2               2
   79         180.139    -398.775         180.139    -398.775              79              79
   12        1404.244      92.610        1404.244      92.610              12              12
  240        -621.251   -1037.322        -621.251   -1037.322             240             240
  225        2348.915     121.252        2348.915     121.252             225             225
  211        1322.542    -840.359        1322.542    -840.359             211             211
  159        -539.345    -636.794        -539.345    -636.794             159             159
   46        -380.837   -1444.766        -380.837   -1444.766              46              46
  180        1247.598    1121.127        1247.598    1121.127             180             180
  153        1150.517     426.416        1150.517     426.416             153             153
   77          82.949    -352.470          82.949    -352.470              77              77
   34        -549.704     521.757        -549.704     521.757              34              34
  105         611.888    -535.653         611.888    -535.653             105             105
  149        1148.909    -664.940        1148.909    -664.940             149             149
   12         -28.601     173.919         -28.601     173.919              12              12
   36        -925.245     139.876        -925.245     139.876              36              36
  248       -1882.883      40.088       -1882.883      40.088             248             248
  143        -637.130    -551.984        -637.130    -551.984             143             143
  151       -1544.804    1880.715       -1544.804    1880.715             151             151
  140        1941.607     391.606        1941.607     391.606             140             140
  161        1905.042    2223.911        1905.042    2223.911             161             161
  222       -1324.063    -193.573       -1324.063    -193.573             222             222
  124        -457.349      51.155        -457.349      51.155             124             124
   91        -543.027    1897.849        -543.027    1897.849              91              91
   55         310.540    1177.073         310.540    1177.073              55              55
   25       -1091.683   -2768.803       -1091.683   -2768.803              25              25
  102        1548.797     688.495        1548.797     688.495             102             102
  163         249.505    1329.079         249.505    1329.079             163             163
  168        -449.407     387.843        -449.407     387.843             168             168
   29         334.709     -75.331         334.709     -75.331              29              29
   32        -180.287    -969.589        -180.287    -969.589              32              32
  170       -1624.848    1218.198       -1624.848    1218.198             170             170
  109        -238.019     733.885        -238.019     733.885             109             109
   45         461.936     418.083         461.936     418.083              45              45
  155       -1769.457   -1266.131       -1769.457   -1266.131             155             155
   78         235.159     350.790         235.159     350.790              78              78
    1          -2.250    2209.529          -2.250    2209.529               1               1
   59        -872.343   -2380.339        -872.343   -2380.339              59              59
  125       -2282.552    -888.035       -2282.552    -888.035             125             125
  181        -384.709     706.944        -384.709     706.944             181             181
  212        2070.482    2183.310        2070.482    2183.310             212             212
  203         922.542   -1365.519         922.542   -1365.519             203             203
  216         375.712    -568.051         375.712    -568.051             216             216
   61       -1607.133    2495.735       -1607.133    2495.735              61              61
   96       -1473.327    2871.152       -1473.327    2871.152              96              96
  228        -150.405    -539.134        -150.405    -539.134             228             228
   98         414.641    -329.414         414.641    -329.414              98              98
   89          35.928    -869.169          35.928    -869.169              89              89
  116        2567.476     609.525        2567.476     609.525             116             116
  249        -684.986    -877.307        -684.986    -877.307             249             249
  230        1202.000       0.191        1202.000       0.191             230             230
   22        -685.198     876.902        -685.198     876.902              22              22
  216        2567.627    -608.845        2567.627    -608.845             216             216
   99          35.296     869.007          35.296     869.007              99              99
  113         414.235     329.191         414.235     329.191             113             113
   16        -150.959     538.481        -150.959     538.481              16              16
  124       -1472.590   -2872.088       -1472.590   -2872.088             124             124
  216       -1606.139   -2496.066       -1606.139   -2496.066             216             216
  180         375.809     568.488         375.809     568.488             180             180
   36         922.205    1365.641         922.205    1365.641              36              36
  246        2070.925   -2182.763        2070.925   -2182.763             246             246
  213        -385.044    -706.792        -385.044    -706.792             213             213
  207       -2283.073     887.511       -2283.073     887.511             207             207
   99        -873.021    2379.743        -873.021    2379.743              99              99
    2          -1.429   -2209.845          -1.429   -2209.845               2               2
  106         235.159    -350.583         235.159    -350.583             106             106
  178       -1769.858    1265.444       -1769.858    1265.444             178             178
    4         462.193    -418.212         462.193    -418.212               4               4
  166        -237.866    -734.131        -237.866    -734.131             166             166
   47       -1624.350   -1218.670       -1624.350   -1218.670              47              47
  185        -180.336     969.569        -180.336     969.569             185             185
  122         334.831      75.244         334.831      75.244             122             122
  250        -449.134    -388.211        -449.134    -388.211             250             250
  146         250.171   -1329.039         250.171   -1329.039             146             146
  184        1548.965    -687.724        1548.965    -687.724             184             184
   91       -1092.720    2768.284       -1092.720    2768.284              91              91
  118         310.946   -1177.473         310.946   -1177.473             118             118
   26        -542.421   -1898.112        -542.421   -1898.112              26              26
  181        -457.280     -51.251        -457.280     -51.251             181             181
  235       -1323.801     192.926       -1323.801     192.926             235             235
   20        1906.079   -2223.348        1906.079   -2223.348              20              20
  156        1941.428    -390.852        1941.428    -390.852             156             156
    2       -1544.523   -1880.982       -1544.523   -1880.982               2               2
  237        -637.417     552.095        -637.417     552.095             237             237
  255       -1882.777     -40.583       -1882.777     -40.583             255             255
  115        -924.819    -140.047        -924.819    -140.047             115             115
  254         -28.099    -173.737         -28.099    -173.737             254             254
  124        1148.959     665.463        1148.959     665.463             124             124
   75         611.749     535.823         611.749     535.823              75              75
  178        -549.416    -521.941        -549.416    -521.941             178             178
  161          83.122     352.524          83.122     352.524             161             161
   65        1150.873    -426.039        1150.873    -426.039              65              65
  135        1247.927   -1120.444        1247.927   -1120.444             135             135
  112        -381.380    1444.900        -381.380    1444.900             112             112
  165        -539.318     636.635        -539.318     636.635             165             165
  138        1322.559     840.728        1322.559     840.728             138             138
  219        2348.842    -120.520        2348.842    -120.520             219             219
   87        -621.740    1037.016        -621.740    1037.016              87              87
  142        1404.228     -92.316        1404.228     -92.316             142             142
  129         179.863     398.662         179.863     398.662             129             129
  134         493.979     -43.274         493.979     -43.274             134             134
   72        1633.663    -685.460        1633.663    -685.460              72              72
  252        -631.661    -241.635        -631.661    -241.635             252             252
  129        1946.517   -3036.859        1946.517   -3036.859             129             129
  218         896.203   -1133.471         896.203   -1133.471             218             218
  180       -1275.128    1674.991       -1275.128    1674.991             180             180
  221         508.819     899.434         508.819     899.434             221             221
   81       -3225.764    1531.580       -3225.764    1531.580              81              81
  207        -581.942    -487.591        -581.942    -487.591             207             207
  146       -1212.875    1220.204       -1212.875    1220.204             146             146
   60         832.249    -462.252         832.249    -462.252              60              60
  227       -1424.052    1267.405       -1424.052    1267.405             227             227
   46         170.907     171.593         170.907     171.593              46              46
   63        -597.438     620.157        -597.438     620.157              63              63
  209         171.552    -366.628         171.552    -366.628             209             209
   46        -428.427    3767.342        -428.427    3767.342              46              46
  178         254.250    -818.624         254.250    -818.624             178             178
  207        -149.562   -3153.591        -149.562   -3153.591             207             207
  171       -1843.963    -420.382       -1843.963    -420.382             171             171
  254        2328.126   -1546.432        2328.126   -1546.432             254             254
  129        -582.867    -942.381        -582.867    -942.381             129             129
   76       -2424.119     524.417       -2424.119     524.417              76              76
   64        1275.995    -614.633        1275.995    -614.633              64              64
    9       -1645.015    -665.167       -1645.015    -665.167               9               9
  189       -1939.208     355.504       -1939.208     355.504             189             189
  230         802.018    -164.168         802.018    -164.168             230             230
  147       -1157.242   -1306.143       -1157.242   -1306.143             147             147
  152        -200.851    -670.338        -200.851    -670.338             152             152
   61        1245.671    -139.955        1245.671    -139.955              61              61
   33         874.017     160.373         874.017     160.373              33              33
   26        -189.494     -14.554        -189.494     -14.554              26              26
  196        -122.305    1058.747        -122.305    1058.747             196             196
  105       -1173.024    1416.374       -1173.024    1416.374             105             105
   22        1023.062     305.002        1023.062     305.002              22              22
   70       -3159.753      34.946       -3159.753      34.946              70              70
   67       -1256.921    -698.105       -1256.921    -698.105              67              67
  202         746.413    1689.760         746.413    1689.760             202             202
   35        -241.555     485.295        -241.555     485.295              35              35
  148       -1021.944     763.206       -1021.944     763.206             148             148
  153       -1152.328    1173.885       -1152.328    1173.885             153             153
  182        1153.403    -138.628        1153.403    -138.628             182             182
  209        -167.610    1591.049        -167.610    1591.049             209             209
  125         155.208   -1275.718         155.208   -1275.718             125             125
  229        -612.845   -1167.380        -612.845   -1167.380             229             229
   17        1108.431     210.505        1108.431     210.505              17              17
   78        1840.316    -449.968        1840.316    -449.968              78              78
   20        -324.522    1485.049        -324.522    1485.049              20              20
  195        -846.824    -483.050        -846.824    -483.050             195             195
   30          19.062     124.139          19.062     124.139              30              30
  191        -871.301    2015.140        -871.301    2015.140             191             191
  194        -235.640     598.004        -235.640     598.004             194             194
  159         222.999    -327.567         222.999    -327.567             159             159
   11           3.389    -856.204           3.389    -856.204              11              11
    3        -157.074    -126.482        -157.074    -126.482               3               3
  168        -861.340     131.542        -861.340     131.542             168             168
  200        1886.020    -682.883        1886.020    -682.883             200             200
  233         921.000    -786.736         921.000    -786.736             233             233
   60        1580.953    1109.602        1580.953    1109.602              60              60
   97        -369.941    -822.726        -369.941    -822.726              97              97
   39        -675.578   -1047.860        -675.578   -1047.860              39              39
   93         443.180    1140.184         443.180    1140.184              93              93
  124        1737.032    -566.014        1737.032    -566.014             124             124
  236        -833.256     542.431        -833.256     542.431             236             236
  199         801.843    1584.068         801.843    1584.068             199             199
  146          24.786   -2683.431          24.786   -2683.431             146             146
   51       -2129.679    1565.754       -2129.679    1565.754              51              51
   10       -1280.462    -505.208       -1280.462    -505.208              10              10
   93       -1047.076    -929.644       -1047.076    -929.644              93              93
   86        1915.840   -2303.799        1915.840   -2303.799              86              86
  159         234.294    1296.563         234.294    1296.563             159             159
  247        1782.827   -1893.065        1782.827   -1893.065             247             247
   13        -963.086    -211.173        -963.086    -211.173              13              13
  113        -667.297     -85.014        -667.297     -85.014             113             113
  116        -114.791    -222.817        -114.791    -222.817             116             116
  242        1181.417     457.648        1181.417     457.648             242             242
  131         -45.912    1610.386         -45.912    1610.386             131             131
  195         112.905    -238.605         112.905    -238.605             195             195
    7        1485.667     446.832        1485.667     446.832               7               7
   71         424.588     326.830         424.588     326.830              71              71
  226       -1237.243     -87.769       -1237.243     -87.769             226             226
  198        -249.734   -3083.725        -249.734   -3083.725             198             198
    9        -793.385      88.477        -793.385      88.477               9               9
  130       -1649.173   -1437.490       -1649.173   -1437.490             130             130
  210       -2119.338     688.139       -2119.338     688.139             210             210
   13         185.150   -2339.379         185.150   -2339.379              13              13
   43          58.345    -912.375          58.345    -912.375              43              43
  155         265.260      69.996         265.260      69.996             155             155
  247        1031.936     386.721        1031.936     386.721             247             247
  103       -1455.577   -1899.161       -1455.577   -1899.161             103             103
  252          57.480    -145.782          57.480    -145.782             252             252
   31       -1068.502   -1399.389       -1068.502   -1399.389              31              31
  196         637.671      41.588         637.671      41.588             196             196
  121       -1784.374   -2047.008       -1784.374   -2047.008             121             121
   11        -710.035     123.260        -710.035     123.260              11              11
  139         744.599    -187.789         744.599    -187.789             139             139
   12        1443.341     135.351        1443.341     135.351              12              12
   63        1482.706   -1626.528        1482.706   -1626.528              63              63
  150        1263.941   -1554.552        1263.941   -1554.552             150             150
  105         290.206    1771.459         290.206    1771.459             105             105
  150       -2507.369    1664.853       -2507.369    1664.853             150             150
   54        -989.068     454.228        -989.068     454.228              54              54
   96        -915.086   -1263.219        -915.086   -1263.219              96              96
  163       -1195.767     809.174       -1195.767     809.174             163             163
  168        -872.732   -1880.078        -872.732   -1880.078             168             168
  213       -1064.783   -1825.125       -1064.783   -1825.125             213             213
  150        -107.657     274.312        -107.657     274.312             150             150
   43        -307.691    -293.501        -307.691    -293.501              43              43
  153          -6.624    1758.911          -6.624    1758.911             153             153
  157        -953.911    1841.595        -953.911    1841.595             157             157
  114       -1308.306    -684.644       -1308.306    -684.644             114             114
  123        -585.950     368.844        -585.950     368.844             123             123
  100       -1148.150   -1755.346       -1148.150   -1755.346             100             100
  124        -622.179     548.041        -622.179     548.041             124             124
  253         219.712    1470.221         219.712    1470.221             253             253
   54        -497.266    -581.497        -497.266    -581.497              54              54
  138       -3885.444    -511.718       -3885.444    -511.718             138             138
   40        1040.314     851.211        1040.314     851.211              40              40
  209       -1143.205     222.361       -1143.205     222.361             209             209
  129         616.675     630.842         616.675     630.842             129             129
  143       -3067.638    1768.537       -3067.638    1768.537             143             143
  206        1055.047    1125.472        1055.047    1125.472             206             206
  160        2300.454     110.486        2300.454     110.486             160             160
   84       -1673.735     593.055       -1673.735     593.055              84              84
   71        -472.184   -2763.362        -472.184   -2763.362              71              71
  172        -776.107   -1175.584        -776.107   -1175.584             172             172
  224         861.389    2380.229         861.389    2380.229             224             224
   83       -1411.322    -603.203       -1411.322    -603.203              83              83
  236         903.224    -864.168         903.224    -864.168             236             236
  119         961.163     986.721         961.163     986.721             119             119
  189       -1114.048    -921.479       -1114.048    -921.479             189             189
  130       -1211.500     337.630       -1211.500     337.630             130             130
  174         964.817    -660.640         964.817    -660.640             174             174
   30        -138.557     385.312        -138.557     385.312              30              30
   37        -282.374     956.714        -282.374     956.714              37              37
   86        -124.402   -2011.108        -124.402   -2011.108              86              86
  244        1494.039     887.988        1494.039     887.988             244             244
  187        -302.093     401.069        -302.093     401.069             187             187
  130       -1882.352    -196.448       -1882.352    -196.448             130             130
  141         586.004     217.669         586.004     217.669             141             141
   89       -2576.815    1533.282       -2576.815    1533.282              89              89
  245        -186.087    -633.804        -186.087    -633.804             245             245
    9        2038.516     564.227        2038.516     564.227               9               9
  189        -777.683     808.852        -777.683     808.852             189             189
  114        -985.030    -671.382        -985.030    -671.382             114             114
    7         135.804   -1289.633         135.804   -1289.633               7               7
  244          35.541   -1048.536          35.541   -1048.536             244             244
  252        1251.106    -736.985        1251.106    -736.985             252             252
   48        -486.778    -923.203        -486.778    -923.203              48              48
  197        -676.079    -122.633        -676.079    -122.633             197             197
  126        -443.198    1222.108        -443.198    1222.108             126             126
  192        1115.158     673.645        1115.158     673.645             192             192
  148       -1148.540    -755.512       -1148.540    -755.512             148             148
   31         876.427   -1139.923         876.427   -1139.923              31              31
   20        -259.676     286.051        -259.676     286.051              20              20
  220        1373.342    1257.689        1373.342    1257.689             220             220
  204         114.111     984.677         114.111     984.677             204             204
  245         -92.615      68.896         -92.615      68.896             245             245
   48       -1507.237    -396.608       -1507.237    -396.608              48              48
  184        -449.777     658.904        -449.777     658.904             184             184
  108       -2553.983   -1357.622       -2553.983   -1357.622             108             108
  237        2557.989   -1021.040        2557.989   -1021.040             237             237
   58       -2619.517   -1437.924       -2619.517   -1437.924              58              58
   26         760.460     312.373         760.460     312.373              26              26
   12        2118.648    1553.853        2118.648    1553.853              12              12
   95        1006.729    1136.071        1006.729    1136.071              95              95
  113        1449.827    -535.469        1449.827    -535.469             113             113
    0         339.611   -1040.733         339.611   -1040.733               0               0
   27         729.537    1432.042         729.537    1432.042              27              27
  244       -1320.071     147.283       -1320.071     147.283             244             244
  142        -514.418    2037.159        -514.418    2037.159             142             142
  117        -429.206    -758.260        -429.206    -758.260             117             117
  234         189.410     -44.406         189.410     -44.406             234             234
  151        -787.860     -34.978        -787.860     -34.978             151             151
   51        -650.526     910.573        -650.526     910.573              51              51
   92         703.134     654.992         703.134     654.992              92              92
  159        2619.727   -2438.091        2619.727   -2438.091             159             159
   39          35.608     913.526          35.608     913.526              39              39
   89         227.823     510.099         227.823     510.099              89              89
  207         965.065    -522.923         965.065    -522.923             207             207
  237         976.628    -262.721         976.628    -262.721             237             237
  216        -585.606   -1251.735        -585.606   -1251.735             216             216
  143        1876.972      17.831        1876.972      17.831             143             143
  129        -198.115    -682.899        -198.115    -682.899             129             129
  247        -104.114    -552.962        -104.114    -552.962             247             247
  164         140.814   -1374.281         140.814   -1374.281             164             164
   94         182.738      -5.957         182.738      -5.957              94              94
  195         691.575    -168.864         691.575    -168.864             195             195
  154         359.597     831.877         359.597     831.877             154             154
  142        1046.560    1656.671        1046.560    1656.671             142             142
  123        1384.715     990.284        1384.715     990.284             123             123
    6        1025.172    -164.810        1025.172    -164.810               6               6
  124       -1541.730    2724.425       -1541.730    2724.425             124             124
  182         891.230    1176.314         891.230    1176.314             182             182
   33        -150.062    -465.505        -150.062    -465.505              33              33
  136        -613.217     406.209        -613.217     406.209             136             136
   21       -1357.347     759.412       -1357.347     759.412              21              21
  147         455.158    1753.197         455.158    1753.197             147             147
  137         298.514     704.096         298.514     704.096             137             137
   49        1908.452   -1309.603        1908.452   -1309.603              49              49
  136         625.918    -462.773         625.918    -462.773             136             136
   23         254.342    -104.924         254.342    -104.924              23              23
  167          12.018    -691.572          12.018    -691.572             167             167
  115       -1167.060    2148.456       -1167.060    2148.456             115             115
  175         331.334    -497.478         331.334    -497.478             175             175
  218        1347.363     253.871        1347.363     253.871             218             218
  207         443.082    -204.601         443.082    -204.601             207             207
