SINAL     NFT                         FFT                         NFT INVERSA     FFT INVERSA
-----     -----------------------     -----------------------     -----------     -----------
  141       63449.000       0.000       63449.000       0.000             141             141
  173        -770.560    -417.535        -770.560    -417.535             173             173
  111         104.147    1512.132         104.147    1512.132             111             111
  244       -1736.862     -40.698       -1736.862     -40.698             244             244
   58         688.660     904.510         688.660     904.510              58              58
   44       -1183.840    1129.125       -1183.840    1129.125              44              44
   64         383.217    1162.926         383.217    1162.926              64              64
  148         414.537      54.669         414.537      54.669             148             148
   67       -2073.155    -830.841       -2073.155    -830.841              67              67
    6        -243.404   -2545.215        -243.404   -2545.215               6               6
  204        -270.924     -38.014        -270.924     -38.014             204             204
   21       -1472.717    1151.448       -1472.717    1151.448              21              21
  176        2239.433     748.427        2239.433     748.427             176             176
   22         160.450    1590.150         160.450    1590.150              22              22
  125         187.007    -419.825         187.007    -419.825             125             125
  234       -1077.767   -1137.897       -1077.767   -1137.897             234             234
  162        -633.142    -615.669        -633.142    -615.669             162             162
    1        1390.600    -679.293        1390.600    -679.293               1               1
   62       -1440.936     668.675       -1440.936     668.675              62              62
  210        -734.618    -286.304        -734.618    -286.304             210             210
  140         668.524    2179.904         668.524    2179.904             140             140
  122         618.675    1948.344         618.675    1948.344             122             122
   65        -385.341     -25.690        -385.341     -25.690              65              65
  199         169.241    -665.917         169.241    -665.917             199             199
   95        1259.658   -1121.198        1259.658   -1121.198              95              95
  127       -2271.407     341.620       -2271.407     341.620             127             127
   37        1455.273     173.427        1455.273     173.427              37              37
    8        -204.836      11.581        -204.836      11.581               8               8
  231         -63.523   -1945.717         -63.523   -1945.717             231             231
  140         717.524    1032.440         717.524    1032.440             140             140
  170         224.756    1049.161         224.756    1049.161             170             170
  116         -95.163   -1465.432         -95.163   -1465.432             116             116
   58         119.795    -409.702         119.795    -409.702              58              58
   25        -418.912       0.273        -418.912       0.273              25              25
  105         -29.473     318.549         -29.473     318.549             105             105
  117        -775.334     333.856        -775.334     333.856             117             117
   70         301.189    -158.340         301.189    -158.340              70              70
  169        2993.125   -1117.298        2993.125   -1117.298             169             169
    9          61.908    1817.934          61.908    1817.934               9               9
  137         628.120   -2173.030         628.120   -2173.030             137             137
  175        -777.404    1359.169        -777.404    1359.169             175             175
  214         -36.639   -1626.135         -36.639   -1626.135             214             214
  158         174.159   -1134.850         174.159   -1134.850             158             158
   96       -3251.857     -22.189       -3251.857     -22.189              96              96
  236         423.573     115.582         423.573     115.582             236             236
   27       -1341.774    -372.061       -1341.774    -372.061              27              27
   74        1744.000   -1382.665        1744.000   -1382.665              74              74
  142         792.080    1105.928         792.080    1105.928             142             142
   29       -1181.319    -571.029       -1181.319    -571.029              29              29
  136        1935.912     255.421        1935.912     255.421             136             136
   97        -726.389    -814.637        -726.389    -814.637              97              97
  169         479.487   -2728.483         479.487   -2728.483             169             169
    3         314.144     461.053         314.144     461.053               3               3
  162        1436.421    1505.430        1436.421    1505.430             162             162
  112        1220.555      52.788        1220.555      52.788             112             112
   99       -2161.644   -1269.175       -2161.644   -1269.175              99              99
   34       -1697.222    -775.912       -1697.222    -775.912              34              34
  150         173.495   -1704.231         173.495   -1704.231             150             150
  108        -273.245   -1896.796        -273.245   -1896.796             108             108
    9         647.320    2901.230         647.320    2901.230               9               9
   35         143.105   -1814.289         143.105   -1814.289              35              35
   22        -250.272    -815.413        -250.272    -815.413              22              22
  126         502.905     879.525         502.905     879.525             126             126
   93         119.254     371.515         119.254     371.515              93              93
   48        -525.821    -618.485        -525.821    -618.485              48              48
  231        1015.600     774.443        1015.600     774.443             231             231
  210       -1067.234    -410.575       -1067.234    -410.575             210             210
  118        1127.829     847.544        1127.829     847.544             118             118
  145       -1144.960    1011.146       -1144.960    1011.146             145             145
  220       -2259.703   -1202.487       -2259.703   -1202.487             220             220
  255        1492.901   -1053.409        1492.901   -1053.409             255             255
   65        1704.131     -75.643        1704.131     -75.643              65              65
  178         515.984    -730.675         515.984    -730.675             178             178
  158         764.961    -813.176         764.961    -813.176             158             158
  161        1493.962     447.901        1493.962     447.901             161             161
  158        -675.048    -290.375        -675.048    -290.375             158             158
  186         -88.145   -1255.838         -88.145   -1255.838             186             186
  235       -1997.328      75.030       -1997.328      75.030             235             235
   45       -1452.115    -532.158       -1452.115    -532.158              45              45
  215         187.335   -1030.029         187.335   -1030.029             215             215
  116         708.683   -1448.112         708.683   -1448.112             116             116
  143       -1186.106     525.562       -1186.106     525.562             143             143
  129        -567.840      22.496        -567.840      22.496             129             129
  119        -126.621    1149.604        -126.621    1149.604             119             119
   50         707.402     685.279         707.402     685.279              50              50
  242       -2525.749   -1939.724       -2525.749   -1939.724             242             242
  219        -929.343    -389.065        -929.343    -389.065             219             219
   84         687.511    -763.652         687.511    -763.652              84              84
  136        1021.419   -1233.390        1021.419   -1233.390             136             136
   71         668.251    -995.477         668.251    -995.477              71              71
   94        1562.005    -488.379        1562.005    -488.379              94              94
  171        -266.728     784.709        -266.728     784.709             171             171
   93        -607.932   -1585.656        -607.932   -1585.656              93              93
  220       -1482.023    -126.888       -1482.023    -126.888             220             220
    9         985.691    1280.250         985.691    1280.250               9               9
  141       -1444.750     927.836       -1444.750     927.836             141             141
  196       -1450.628     342.900       -1450.628     342.900             196             196
  220        -283.104   -2628.892        -283.104   -2628.892             220             220
    4         -93.178     277.473         -93.178     277.473               4               4
   86       -1359.023    -186.123       -1359.023    -186.123              86              86
  184         507.411    1206.222         507.411    1206.222             184             184
    4        1558.730    -962.719        1558.730    -962.719               4               4
  151        1480.726     -37.360        1480.726     -37.360             151             151
  106         614.989    -661.911         614.989    -661.911             106             106
  162        -668.797    1079.664        -668.797    1079.664             162             162
   56         287.245   -1210.324         287.245   -1210.324              56              56
    9         494.756    -440.440         494.756    -440.440               9               9
   92        1650.529   -1960.077        1650.529   -1960.077              92              92
   36        -332.040     144.896        -332.040     144.896              36              36
   55         199.688   -1182.782         199.688   -1182.782              55              55
   52         811.888   -1248.250         811.888   -1248.250              52              52
  152         514.281    -663.254         514.281    -663.254             152             152
  198        -550.628     -45.147        -550.628     -45.147             198             198
  181         947.724    -888.152         947.724    -888.152             181             181
   16        -118.301    2310.895        -118.301    2310.895              16              16
  248       -1390.696   -1198.909       -1390.696   -1198.909             248             248
  167          47.872   -1821.343          47.872   -1821.343             167             167
  235        -885.046    1278.714        -885.046    1278.714             235             235
   76          68.095    -550.752          68.095    -550.752              76              76
   48        1121.130    -253.124        1121.130    -253.124              48              48
   50       -1708.643      96.378       -1708.643      96.378              50              50
  171        -885.040    1583.311        -885.040    1583.311             171             171
  220       -1987.084    2393.477       -1987.084    2393.477             220             220
  144         169.086     749.102         169.086     749.102             144             144
  136        -362.615    -617.795        -362.615    -617.795             136             136
  229        -225.539    1780.458        -225.539    1780.458             229             229
   30         592.196     272.976         592.196     272.976              30              30
   76         180.772    -253.156         180.772    -253.156              76              76
  193         675.008      56.066         675.008      56.066             193             193
   34          23.663    1506.812          23.663    1506.812              34              34
  163       -1975.703    -470.884       -1975.703    -470.884             163             163
  121        -159.901    -142.673        -159.901    -142.673             121             121
   38        1354.961     974.589        1354.961     974.589              38              38
   58        2864.105    -698.293        2864.105    -698.293              58              58
  228        2218.223    -712.603        2218.223    -712.603             228             228
  201       -1752.753    -206.256       -1752.753    -206.256             201             201
  115        -456.896    1343.712        -456.896    1343.712             115             115
  237        -442.339   -2323.685        -442.339   -2323.685             237             237
   38        1031.702     893.133        1031.702     893.133              38              38
  151        1303.935     241.123        1303.935     241.123             151             151
   36        2255.231     934.684        2255.231     934.684              36              36
   90       -1519.332    -254.120       -1519.332    -254.120              90              90
   48        2019.034    -791.743        2019.034    -791.743              48              48
  235         807.016    1273.588         807.016    1273.588             235             235
   16         135.160   -2114.396         135.160   -2114.396              16              16
   64         526.167     -92.974         526.167     -92.974              64              64
  227       -2205.207     956.518       -2205.207     956.518             227             227
  184         545.199     972.906         545.199     972.906             184             184
   44        -710.759     -81.916        -710.759     -81.916              44              44
   48        1312.526     423.596        1312.526     423.596              48              48
  232        1276.544    -356.742        1276.544    -356.742             232             232
   94       -1370.604     660.620       -1370.604     660.620              94              94
  219        -190.347      88.023        -190.347      88.023             219             219
  196         519.170    -426.350         519.170    -426.350             196             196
  239         712.312     602.617         712.312     602.617             239             239
   99         992.408     195.210         992.408     195.210              99              99
  170        -633.931   -1196.174        -633.931   -1196.174             170             170
   13         444.524     -46.537         444.524     -46.537              13              13
  176       -1531.794    -687.577       -1531.794    -687.577             176             176
  108         357.724     393.849         357.724     393.849             108             108
   48         770.647    1323.057         770.647    1323.057              48              48
   84        1859.057     882.750        1859.057     882.750              84              84
  229         748.903     -96.330         748.903     -96.330             229             229
   87        -744.135     -42.224        -744.135     -42.224              87              87
  142        2538.946     738.626        2538.946     738.626             142             142
  202        1857.913   -2475.875        1857.913   -2475.875             202             202
   32        -943.342   -2590.300        -943.342   -2590.300              32              32
    1         878.636    1560.041         878.636    1560.041               1               1
  184        2916.088   -1218.153        2916.088   -1218.153             184             184
   71        1456.015    -270.747        1456.015    -270.747              71              71
  152        -881.451     964.174        -881.451     964.174             152             152
  220         416.504     313.713         416.504     313.713             220             220
  161         364.454    -561.184         364.454    -561.184             161             161
  201         237.963    2616.608         237.963    2616.608             201             201
  199       -1276.697     186.402       -1276.697     186.402             199             199
  178        -696.865    -835.311        -696.865    -835.311             178             178
    9         874.310      84.994         874.310      84.994               9               9
  171       -1298.839     213.178       -1298.839     213.178             171             171
  106        -460.385   -1618.358        -460.385   -1618.358             106             106
   53        -392.024    2436.976        -392.024    2436.976              53              53
  220        1663.286     -12.756        1663.286     -12.756             220             220
   83       -1784.145    -990.382       -1784.145    -990.382              83              83
  148        1694.206   -1454.502        1694.206   -1454.502             148             148
  183        -851.471     156.243        -851.471     156.243             183             183
   24         -33.444     354.792         -33.444     354.792              24              24
  132        -265.004    -315.015        -265.004    -315.015             132             132
   27        1603.876    -332.654        1603.876    -332.654              27              27
  194        1322.616    1469.390        1322.616    1469.390             194             194
  145        -314.516     557.740        -314.516     557.740             145             145
  204       -2019.375     908.657       -2019.375     908.657             204             204
   46       -2058.036     260.798       -2058.036     260.798              46              46
  194        -439.039    -503.516        -439.039    -503.516             194             194
   32         715.714     765.664         715.714     765.664              32              32
   20        -893.382    1262.564        -893.382    1262.564              20              20
   25       -1324.923    1304.315       -1324.923    1304.315              25              25
  175       -1865.087     278.288       -1865.087     278.288             175             175
  223         667.593    1531.199         667.593    1531.199             223             223
   58         -67.952    -152.478         -67.952    -152.478              58              58
  176       -2483.724    -394.881       -2483.724    -394.881             176             176
  151        1387.600   -1872.705        1387.600   -1872.705             151             151
  129        -407.846   -1175.556        -407.846   -1175.556             129             129
   73         788.421   -1174.997         788.421   -1174.997              73              73
  116         925.535   -2267.679         925.535   -2267.679             116             116
   35         220.889     354.370         220.889     354.370              35              35
   18        1126.665    1632.790        1126.665    1632.790              18              18
   60        1163.576     -35.307        1163.576     -35.307              60              60
  213         246.552   -1152.685         246.552   -1152.685             213             213
   28        1561.866    -615.540        1561.866    -615.540              28              28
  231         631.125    1510.970         631.125    1510.970             231             231
   64         348.821     426.773         348.821     426.773              64              64
   82         214.115     650.701         214.115     650.701              82              82
  195         990.217   -1031.012         990.217   -1031.012             195             195
  147       -1315.381    1563.829       -1315.381    1563.829             147             147
  230        -494.100    -972.937        -494.100    -972.937             230             230
  123        -148.872     963.841        -148.872     963.841             123             123
  171       -1481.870   -3220.959       -1481.870   -3220.959             171             171
  107         714.557    1196.243         714.557    1196.243             107             107
  151        -187.014    -578.627        -187.014    -578.627             151             151
  110       -2031.856     624.645       -2031.856     624.645             110             110
  252        2084.329    1138.091        2084.329    1138.091             252             252
  100         698.351    1240.802         698.351    1240.802             100             100
  157         987.575     379.473         987.575     379.473             157             157
  190        1147.617   -1579.436        1147.617   -1579.436             190             190
  133       -3254.576   -1463.205       -3254.576   -1463.205             133             133
  177       -1687.477   -2442.116       -1687.477   -2442.116             177             177
  216           6.688   -1252.312           6.688   -1252.312             216             216
   52         571.143    -920.751         571.143    -920.751              52              52
  145       -2808.442    -842.166       -2808.442    -842.166             145             145
   18          -9.268   -2229.782          -9.268   -2229.782              18              18
  229       -1700.819    -461.658       -1700.819    -461.658             229             229
   40       -2220.093    -433.369       -2220.093    -433.369              40              40
  148         -36.709   -1014.750         -36.709   -1014.750             148             148
   47         640.139     600.751         640.139     600.751              47              47
  156        -285.520   -1503.789        -285.520   -1503.789             156             156
  183       -1199.817   -1869.532       -1199.817   -1869.532             183             183
   65       -1173.136    1341.439       -1173.136    1341.439              65              65
  216        1318.080   -1837.558        1318.080   -1837.558             216             216
  140         437.294    -892.502         437.294    -892.502             140             140
   94       -2630.638    1426.473       -2630.638    1426.473              94              94
  192          87.134     -62.469          87.134     -62.469             192             192
  204         503.709     335.906         503.709     335.906             204             204
  176        1419.545    -907.805        1419.545    -907.805             176             176
  131        -695.354   -1196.247        -695.354   -1196.247             131             131
   96         897.884     728.891         897.884     728.891              96              96
  151         609.086   -3152.277         609.086   -3152.277             151             151
  255        -201.152    2387.742        -201.152    2387.742             255             255
   11         864.652     434.608         864.652     434.608              11              11
    2         377.188    -453.141         377.188    -453.141               2               2
  150        -254.235     735.143        -254.235     735.143             150             150
  121         830.557    1142.836         830.557    1142.836             121             121
  255        -352.927   -1011.291        -352.927   -1011.291             255             255
  251        1055.352    -825.099        1055.352    -825.099             251             251
   22          97.070    1111.519          97.070    1111.519              22              22
  190        2245.388     116.638        2245.388     116.638             190             190
  128        -903.755    -321.712        -903.755    -321.712             128             128
  200        1234.649   -1285.779        1234.649   -1285.779             200             200
  151       -2107.000      -0.180       -2107.000      -0.180             151             151
  180        1234.386    1286.340        1234.386    1286.340             180             180
   89        -903.680     321.345        -903.680     321.345              89              89
  169        2245.540    -115.958        2245.540    -115.958             169             169
  153          97.330   -1111.343          97.330   -1111.343             153             153
  130        1054.953     825.661        1054.953     825.661             130             130
   61        -353.373    1011.062        -353.373    1011.062              61              61
  200         830.860   -1142.660         830.860   -1142.660             200             200
   30        -254.080    -735.054        -254.080    -735.054              30              30
  245         377.038     453.399         377.038     453.399             245             245
   10         864.682    -434.304         864.682    -434.304              10              10
  247        -200.465   -2387.313        -200.465   -2387.313             247             247
  129         607.978    3152.866         607.978    3152.866             129             129
  105         897.909    -728.517         897.909    -728.517             105             105
  183        -695.882    1196.207        -695.882    1196.207             183             183
   78        1419.105     908.229        1419.105     908.229              78              78
   26         503.427    -335.782         503.427    -335.782              26              26
   59          86.599      62.518          86.599      62.518              59              59
  174       -2630.325   -1427.089       -2630.325   -1427.089             174             174
  177         437.124     893.088         437.124     893.088             177             177
   59        1317.189    1838.065        1317.189    1838.065              59              59
  186       -1173.071   -1341.652       -1173.071   -1341.652             186             186
  180       -1200.539    1869.453       -1200.539    1869.453             180             180
  210        -286.008    1503.631        -286.008    1503.631             210             210
   51         640.176    -600.512         640.176    -600.512              51              51
  180         -37.484    1014.899         -37.484    1014.899             180             180
  205       -2220.535     432.734       -2220.535     432.734             205             205
   74       -1700.907     461.329       -1700.907     461.329              74              74
  115         -10.038    2229.874         -10.038    2229.874             115             115
   77       -2808.570     841.145       -2808.570     841.145              77              77
   19         571.129     920.939         571.129     920.939              19              19
   10           6.196    1252.341           6.196    1252.341              10              10
    1       -1688.362    2441.370       -1688.362    2441.370               1               1
  109       -3254.544    1461.689       -3254.544    1461.689             109             109
  179        1147.798    1579.196        1147.798    1579.196             179             179
  155         988.022    -379.831         988.022    -379.831             155             155
  239         698.957   -1240.996         698.957   -1240.996             239             239
  241        2084.519   -1137.539        2084.519   -1137.539             241             241
  100       -2031.817    -625.280       -2031.817    -625.280             100             100
   14        -187.014     578.542        -187.014     578.542              14              14
  230         714.940   -1195.849         714.940   -1195.849             230             230
  110       -1482.928    3220.374       -1482.928    3220.374             110             110
    5        -148.362    -964.249        -148.362    -964.249               5               5
  104        -494.283     972.493        -494.283     972.493             104             104
  215       -1314.482   -1564.448       -1314.482   -1564.448             215             215
  189         990.278    1031.235         990.278    1031.235             189             189
  182         214.574    -650.874         214.574    -650.874             182             182
  242         349.237    -426.803         349.237    -426.803             242             242
  249         631.914   -1510.666         631.914   -1510.666             249             249
  101        1561.775     616.285        1561.775     616.285             101             101
  163         246.213    1152.702         246.213    1152.702             163             163
   52        1163.627      35.447        1163.627      35.447              52              52
   31        1127.104   -1632.394        1127.104   -1632.394              31              31
   88         220.893    -353.888         220.893    -353.888              88              88
    6         924.660    2268.208         924.660    2268.208               6               6
   83         787.752    1175.159         787.752    1175.159              83              83
   13        -408.461    1175.262        -408.461    1175.262              13              13
  211        1386.576    1872.780        1386.576    1872.780             211             211
  157       -2484.146     393.481       -2484.146     393.481             157             157
  128         -67.951     151.858         -67.951     151.858             128             128
   32         667.860   -1531.404         667.860   -1531.404              32              32
  177       -1865.230    -279.203       -1865.230    -279.203             177             177
  138       -1324.409   -1305.019       -1324.409   -1305.019             138             138
   34        -892.730   -1262.918        -892.730   -1262.918              34              34
   30         716.049    -765.330         716.049    -765.330              30              30
   62        -439.377     503.361        -439.377     503.361              62              62
  190       -2057.943    -261.662       -2057.943    -261.662             190             190
   14       -2018.640    -909.437       -2018.640    -909.437              14              14
   48        -313.676    -557.882        -313.676    -557.882              48              48
   34        1323.580   -1468.802        1323.580   -1468.802              34              34
   28        1603.833     333.422        1603.833     333.422              28              28
   23        -265.158     314.981        -265.158     314.981              23              23
  145         -33.281    -354.744         -33.281    -354.744             145             145
   34        -851.201    -156.326        -851.201    -156.326              34              34
  127        1693.778    1455.147        1693.778    1455.147             127             127
  105       -1784.377     989.552       -1784.377     989.552             105             105
  224        1663.435      12.935        1663.435      12.935             224             224
   54        -391.304   -2437.074        -391.304   -2437.074              54              54
   91        -460.922    1618.338        -460.922    1618.338              91              91
  217       -1298.543    -213.748       -1298.543    -213.748             217             217
  155         874.541     -84.733         874.541     -84.733             155             155
  255        -697.083     834.915        -697.083     834.915             255             255
   13       -1276.306    -187.196       -1276.306    -187.196              13              13
  187         239.288   -2616.528         239.288   -2616.528             187             187
   87         364.616     561.507         364.616     561.507              87              87
   19         416.877    -313.566         416.877    -313.566              19              19
   14        -880.655    -964.298        -880.655    -964.298              14              14
  100        1456.542     271.520        1456.542     271.520             100             100
  231        2915.855    1219.169        2915.855    1219.169             231             231
  172         879.002   -1559.509         879.002   -1559.509             172             172
  229        -944.033    2590.282        -944.033    2590.282             229             229
    8        1857.411    2476.140        1857.411    2476.140               8               8
   93        2539.041    -738.211        2539.041    -738.211              93              93
  111        -744.304      41.760        -744.304      41.760             111             111
   42         749.003      96.302         749.003      96.302              42              42
  124        1859.276    -882.371        1859.276    -882.371             124             124
  173         770.797   -1322.795         770.797   -1322.795             173             173
  233         357.503    -393.534         357.503    -393.534             233             233
  138       -1532.129     687.168       -1532.129     687.168             138             138
  222         444.575      46.719         444.575      46.719             222             222
   11        -634.221    1195.858        -634.221    1195.858              11              11
  166         992.610    -195.114         992.610    -195.114             166             166
  245         712.470    -602.451         712.470    -602.451             245             245
  156         518.885     426.463         518.885     426.463             156             156
  201        -190.478     -88.245        -190.478     -88.245             201             201
  116       -1370.239    -661.135       -1370.239    -661.135             116             116
    5        1276.652     357.115        1276.652     357.115               5               5
  169        1312.522    -423.254        1312.522    -423.254             169             169
  171        -710.937      81.566        -710.937      81.566             171             171
   96         545.388    -972.798         545.388    -972.798              96              96
  130       -2204.799    -957.094       -2204.799    -957.094             130             130
   70         526.483      93.445         526.483      93.445              70              70
   95         134.712    2114.374         134.712    2114.374              95              95
  144         807.712   -1273.458         807.712   -1273.458             144             144
    2        2018.718     792.424        2018.718     792.424               2               2
  183       -1519.325     253.413       -1519.325     253.413             183             183
  163        2255.767    -934.036        2255.767    -934.036             163             163
   16        1303.871    -240.662        1303.871    -240.662              16              16
   28        1031.699    -892.579        1031.699    -892.579              28              28
  139        -443.390    2323.504        -443.390    2323.504             139             139
  188        -456.552   -1344.038        -456.552   -1344.038             188             188
    1       -1752.497     205.759       -1752.497     205.759               1               1
  147        2218.418     713.311        2218.418     713.311             147             147
   26        2863.729     699.011        2863.729     699.011              26              26
  112        1354.748    -974.312        1354.748    -974.312             112             112
  190        -160.533     142.573        -160.533     142.573             190             190
  150       -1976.066     469.987       -1976.066     469.987             150             150
   30          24.257   -1506.943          24.257   -1506.943              30              30
  167         674.977     -55.801         674.977     -55.801             167             167
   33         180.549     253.109         180.549     253.109              33              33
  252         592.068    -273.013         592.068    -273.013             252             252
  179        -225.220   -1780.553        -225.220   -1780.553             179             179
  199        -363.033     617.669        -363.033     617.669             199             199
  242         169.021    -749.287         169.021    -749.287             242             242
   79       -1986.486   -2394.128       -1986.486   -2394.128              79              79
  145        -884.474   -1583.207        -884.474   -1583.207             145             145
  102       -1708.347     -96.491       -1708.347     -96.491             102             102
   84        1121.278     253.833        1121.278     253.833              84              84
   58          67.844     550.935          67.844     550.935              58              58
   17        -884.598   -1278.680        -884.598   -1278.680              17              17
  181          47.307    1821.686          47.307    1821.686             181             181
  189       -1390.944    1198.286       -1390.944    1198.286             189             189
   88        -117.176   -2310.832        -117.176   -2310.832              88              88
   21         947.599     888.842         947.599     888.842              21              21
   77        -550.499      45.218        -550.499      45.218              77              77
   90         514.295     663.726         514.295     663.726              90              90
  204         811.566    1248.707         811.566    1248.707             204             204
  241         199.318    1182.848         199.318    1182.848             241             241
  107        -331.803    -144.918        -331.803    -144.918             107             107
  232        1649.982    1960.657        1649.982    1960.657             232             232
  124         494.500     440.459         494.500     440.459             124             124
   40         286.728    1210.178         286.728    1210.178              40              40
  234        -668.385   -1080.033        -668.385   -1080.033             234             234
   16         614.962     662.129         614.962     662.129              16              16
   66        1480.739      37.815        1480.739      37.815              66              66
   90        1558.135     963.082        1558.135     963.082              90              90
  207         507.324   -1206.139         507.324   -1206.139             207             207
  217       -1359.398     185.781       -1359.398     185.781             217             217
  121         -93.223    -277.294         -93.223    -277.294             121             121
  119        -284.221    2628.726        -284.221    2628.726             119             119
  250       -1450.645    -343.769       -1450.645    -343.769             250             250
  118       -1444.251    -928.475       -1444.251    -928.475             118             118
   42         986.196   -1279.769         986.196   -1279.769              42              42
  194       -1482.059     126.725       -1482.059     126.725             194             194
  104        -608.198    1585.521        -608.198    1585.521             104             104
  121        -266.090    -784.766        -266.090    -784.766             121             121
   83        1562.063     489.132        1562.063     489.132              83              83
  207         667.907     995.848         667.907     995.848             207             207
  206        1020.876    1233.728        1020.876    1233.728             206             206
  142         686.902     763.776         686.902     763.776             142             142
  225        -929.859     388.703        -929.859     388.703             225             225
  132       -2526.329    1938.606       -2526.329    1938.606             132             132
   75         707.844    -685.444         707.844    -685.444              75              75
   57        -126.273   -1149.709        -126.273   -1149.709              57              57
  153        -567.862     -22.595        -567.862     -22.595             153             153
  153       -1185.765    -525.746       -1185.765    -525.746             153             153
  148         708.349    1448.530         708.349    1448.530             148             148
  101         186.860    1030.023         186.860    1030.023             101             101
  138       -1452.378     531.532       -1452.378     531.532             138             138
  255       -1997.008     -75.730       -1997.008     -75.730             255             255
   78         -88.119    1255.733         -88.119    1255.733              78              78
    7        -674.645     289.934        -674.645     289.934               7               7
   39        1494.535    -447.453        1494.535    -447.453              39              39
   56         764.865     813.441         764.865     813.441              56              56
   24         515.924     730.721         515.924     730.721              24              24
  106        1704.138      76.117        1704.138      76.117             106             106
  147        1492.150    1053.794        1492.150    1053.794             147             147
  231       -2260.361    1201.342       -2260.361    1201.342             231             231
   68       -1144.348   -1011.903       -1144.348   -1011.903              68              68
   12        1128.272    -847.232        1128.272    -847.232              12              12
   94       -1067.246     410.156       -1067.246     410.156              94              94
   62        1016.004    -774.136        1016.004    -774.136              62              62
  131        -525.969     618.290        -525.969     618.290             131             131
  136         119.544    -371.571         119.544    -371.571             136             136
    0         503.273    -879.224         503.273    -879.224               0               0
  236        -250.483     815.535        -250.483     815.535             236             236
    2         142.621    1814.118         142.621    1814.118               2               2
   84         648.298   -2900.942         648.298   -2900.942              84              84
  188        -273.929    1897.104        -273.929    1897.104             188             188
  208         172.818    1704.250         172.818    1704.250             208             208
  227       -1697.502     775.173       -1697.502     775.173             227             227
  157       -2161.569    1268.160       -2161.569    1268.160             157             157
   84        1221.177     -52.778        1221.177     -52.778              84              84
   46        1437.133   -1505.045        1437.133   -1505.045              46              46
  215         314.361    -460.631         314.361    -460.631             215             215
  238         478.615    2728.709         478.615    2728.709             238             238
  200        -726.464     814.044        -726.464     814.044             200             200
  107        1936.063    -255.017        1936.063    -255.017             107             107
   83       -1181.492     570.419       -1181.492     570.419              83              83
   82         792.668   -1105.709         792.668   -1105.709              82              82
  107        1743.369    1383.249        1743.369    1383.249             107             107
  161       -1342.100     371.401       -1342.100     371.401             161             161
   90         423.452    -115.576         423.452    -115.576              90              90
  147       -3251.741      21.106       -3251.741      21.106             147             147
  217         174.253    1134.880         174.253    1134.880             217             217
  115         -36.900    1625.769         -36.900    1625.769             115             115
  253        -776.559   -1359.648        -776.559   -1359.648             253             253
  108         627.834    2172.971         627.834    2172.971             108             108
   90          62.991   -1818.188          62.991   -1818.188              90              90
   65        2992.917    1118.219        2992.917    1118.219              65              65
  121         300.913     158.152         300.913     158.152             121             121
  185        -775.238    -334.344        -775.238    -334.344             185             185
  128         -29.241    -318.675         -29.241    -318.675             128             128
  253        -418.735      -0.460        -418.735      -0.460             253             253
   65         119.880     409.699         119.880     409.699              65              65
  129         -95.422    1465.097         -95.422    1465.097             129             129
  234         225.371   -1049.433         225.371   -1049.433             234             234
   68         718.033   -1032.137         718.033   -1032.137              68              68
  213         -64.060    1945.633         -64.060    1945.633             213             213
  166        -204.591     -11.985        -204.591     -11.985             166             166
   21        1455.360    -173.173        1455.360    -173.173              21              21
  184       -2271.102    -342.475       -2271.102    -342.475             184             184
   68        1259.674    1121.454        1259.674    1121.454              68              68
  106         169.164     665.556         169.164     665.556             106             106
  231        -385.096      24.988        -385.096      24.988             231             231
   27         619.602   -1948.560         619.602   -1948.560              27              27
   88         669.334   -2179.624         669.334   -2179.624              88              88
  175        -734.641     286.210        -734.641     286.210             175             175
  135       -1440.288    -669.054       -1440.288    -669.054             135             135
  171        1390.752     679.871        1390.752     679.871             171             171
    2        -633.157     615.426        -633.157     615.426               2               2
  243       -1077.681    1137.319       -1077.681    1137.319             243             243
   77         187.464     419.434         187.464     419.434              77              77
   93         161.596   -1590.405         161.596   -1590.405              93              93
  134        2239.974    -747.731        2239.974    -747.731             134             134
   39       -1472.110   -1151.812       -1472.110   -1151.812              39              39
  208        -270.404      38.249        -270.404      38.249             208             208
  132        -243.745    2545.126        -243.745    2545.126             132             132
  148       -2072.591     829.712       -2072.591     829.712             148             148
   43         415.665     -55.020         415.665     -55.020              43              43
  197         384.601   -1163.157         384.601   -1163.157             197             197
   14       -1182.178   -1129.664       -1182.178   -1129.664              14              14
  228         690.540    -904.268         690.540    -904.268             228             228
   70       -1734.706      40.082       -1734.706      40.082              70              70
   12         108.080   -1512.016         108.080   -1512.016              12              12
   38        -763.940     417.462        -763.940     417.462              38              38
