SINAL     NFT                         FFT                         NFT INVERSA     FFT INVERSA
-----     -----------------------     -----------------------     -----------     -----------
  103       67013.000       0.000       67013.000       0.000             103             103
  236         617.393   -2900.301         617.393   -2900.301             236             236
   24        -221.655    -734.196        -221.655    -734.196              24              24
  141         803.673     180.882         803.673     180.882             141             141
  213         203.170      53.033         203.170      53.033             213             213
  136       -1254.664   -1764.692       -1254.664   -1764.692             136             136
   46         162.711    1166.468         162.711    1166.468              46              46
  194        1647.610   -1233.790        1647.610   -1233.790             194             194
  231        1555.693     -76.767        1555.693     -76.767             231             231
  193        -122.727     988.058        -122.727     988.058             193             193
   69       -1493.751     456.321       -1493.751     456.321              69              69
  109         -48.623    -915.110         -48.623    -915.110             109             109
    0        1093.554     975.999        1093.554     975.999               0               0
  147       -1111.657    -426.105       -1111.657    -426.105             147             147
  192        -454.450    -144.944        -454.450    -144.944             192             192
   36       -1052.456     459.652       -1052.456     459.652              36              36
  184        -566.440     -56.518        -566.440     -56.518             184             184
  244        -303.763    1591.125        -303.763    1591.125             244             244
  169       -1676.803    1193.362       -1676.803    1193.362             169             169
  201        -298.401    -919.529        -298.401    -919.529             201             201
   49         575.917    -347.365         575.917    -347.365              49              49
  164         596.966    -907.473         596.966    -907.473             164             164
  171        2848.937     233.786        2848.937     233.786             171             171
  106        1891.307      98.900        1891.307      98.900             106             106
  176        1150.108    -665.283        1150.108    -665.283             176             176
  184       -1706.008    -708.763       -1706.008    -708.763             184             184
  195        -391.334     110.134        -391.334     110.134             195             195
  232         831.639     838.065         831.639     838.065             232             232
  227        -374.025     316.648        -374.025     316.648             227             227
  144       -1621.590   -1494.491       -1621.590   -1494.491             144             144
   16       -2232.671   -1251.565       -2232.671   -1251.565              16              16
   74         604.886     -73.335         604.886     -73.335              74              74
  125         525.020    1447.390         525.020    1447.390             125             125
   41        1081.687     837.339        1081.687     837.339              41              41
  215        1383.422     178.688        1383.422     178.688             215             215
   82        -969.137    -517.044        -969.137    -517.044              82              82
  178       -1827.977     287.378       -1827.977     287.378             178             178
    6         268.999    2092.692         268.999    2092.692               6               6
   21         793.971   -1399.830         793.971   -1399.830              21              21
  154       -1958.427   -1606.978       -1958.427   -1606.978             154             154
  200       -1374.074    -950.512       -1374.074    -950.512             200             200
   90        -540.770    -377.663        -540.770    -377.663              90              90
    7         834.420    1610.171         834.420    1610.171               7               7
  200       -2360.474     398.948       -2360.474     398.948             200             200
  238         440.500    1118.747         440.500    1118.747             238             238
  200         768.132   -1001.921         768.132   -1001.921             200             200
  237        -376.016   -2856.351        -376.016   -2856.351             237             237
  167       -1874.675   -1514.397       -1874.675   -1514.397             167             167
  188          85.348   -1406.238          85.348   -1406.238             188             188
  150        -485.091    1120.548        -485.091    1120.548             150             150
  113       -1938.932    1477.908       -1938.932    1477.908             113             113
  238         568.465    -138.167         568.465    -138.167             238             238
   59         500.664     810.184         500.664     810.184              59              59
   28        1337.080    1946.096        1337.080    1946.096              28              28
   88         593.676   -1430.653         593.676   -1430.653              88              88
  236       -2109.428     565.997       -2109.428     565.997             236             236
  212         798.582    1543.836         798.582    1543.836             212             212
   27        2182.114    -291.847        2182.114    -291.847              27              27
  213        2516.712    1759.004        2516.712    1759.004             213             213
  184        -621.207   -2515.380        -621.207   -2515.380             184             184
  172          62.751     246.233          62.751     246.233             172             172
  229        2141.235    -213.999        2141.235    -213.999             229             229
    2         974.285    2399.698         974.285    2399.698               2               2
   42        1474.125    -256.888        1474.125    -256.888              42              42
   15         866.037   -2403.708         866.037   -2403.708              15              15
  218        -242.683    1267.245        -242.683    1267.245             218             218
  124       -1387.980    -559.385       -1387.980    -559.385             124             124
  194        -965.568    2108.662        -965.568    2108.662             194             194
  224         681.238     243.751         681.238     243.751             224             224
  146       -1043.358      85.929       -1043.358      85.929             146             146
   92         964.313   -1060.158         964.313   -1060.158              92              92
  168        2262.899    1471.421        2262.899    1471.421             168             168
  236       -4265.158      81.356       -4265.158      81.356             236             236
  100          77.084    -136.335          77.084    -136.335             100             100
  113        -791.476      86.740        -791.476      86.740             113             113
  219        -410.037     692.334        -410.037     692.334             219             219
   44         -36.177    -844.164         -36.177    -844.164              44              44
   94        1821.195   -1784.109        1821.195   -1784.109              94              94
  130        1630.423      87.853        1630.423      87.853             130             130
  233         415.357     -35.448         415.357     -35.448             233             233
  245        -730.162    -852.119        -730.162    -852.119             245             245
  243       -2093.499    1006.751       -2093.499    1006.751             243             243
  216        -322.363    1660.804        -322.363    1660.804             216             216
   49           8.457   -1083.212           8.457   -1083.212              49              49
   16       -1223.978    -222.339       -1223.978    -222.339              16              16
   48       -1132.358    -661.689       -1132.358    -661.689              48              48
   30        1004.718    1091.424        1004.718    1091.424              30              30
  228       -1538.705     -28.452       -1538.705     -28.452             228             228
   76       -1707.779    1893.552       -1707.779    1893.552              76              76
  243        -307.740     455.077        -307.740     455.077             243             243
  156        -911.314     427.224        -911.314     427.224             156             156
  249         401.769    -494.592         401.769    -494.592             249             249
  217         282.912    1061.676         282.912    1061.676             217             217
  159       -1666.478   -1376.077       -1666.478   -1376.077             159             159
   35         167.981     566.077         167.981     566.077              35              35
  233        -780.901   -1751.174        -780.901   -1751.174             233             233
  121       -1722.085   -2977.994       -1722.085   -2977.994             121             121
  160       -1688.968     748.304       -1688.968     748.304             160             160
  171       -1497.327     185.998       -1497.327     185.998             171             171
   90       -4685.444    -320.284       -4685.444    -320.284              90              90
   50        1214.598    -422.706        1214.598    -422.706              50              50
    8          78.235   -2142.803          78.235   -2142.803               8               8
    3        1187.650     456.046        1187.650     456.046               3               3
   31        1740.308    -157.341        1740.308    -157.341              31              31
  109       -1461.657   -1502.209       -1461.657   -1502.209             109             109
  116         197.944    -964.473         197.944    -964.473             116             116
  250         364.717     446.451         364.717     446.451             250             250
  154        -791.082    -361.529        -791.082    -361.529             154             154
  211        1487.076    -288.563        1487.076    -288.563             211             211
  124         243.929     784.703         243.929     784.703             124             124
  131       -1377.703    1190.171       -1377.703    1190.171             131             131
  201        1369.824     292.840        1369.824     292.840             201             201
  112         976.328    -491.121         976.328    -491.121             112             112
   92        1596.179    -870.827        1596.179    -870.827              92              92
  251         134.967     692.955         134.967     692.955             251             251
  128        2694.626    -198.379        2694.626    -198.379             128             128
  140        -111.528     814.423        -111.528     814.423             140             140
   25        1163.343    1100.439        1163.343    1100.439              25              25
  101        1006.567    -267.981        1006.567    -267.981             101             101
  217         287.200    -604.438         287.200    -604.438             217             217
   13        -455.749     200.940        -455.749     200.940              13              13
    2        2063.113     -42.284        2063.113     -42.284               2               2
  210       -1925.327   -2380.851       -1925.327   -2380.851             210             210
  230        1312.365   -1384.245        1312.365   -1384.245             230             230
  162        -526.986     642.381        -526.986     642.381             162             162
  246         395.833     703.287         395.833     703.287             246             246
  208        -801.788   -1421.758        -801.788   -1421.758             208             208
   27        -358.278    -294.457        -358.278    -294.457              27              27
  150        1610.982    1118.082        1610.982    1118.082             150             150
  123        1449.491   -1502.702        1449.491   -1502.702             123             123
  118        2728.103    -158.382        2728.103    -158.382             118             118
  200         -28.479   -1907.128         -28.479   -1907.128             200             200
  132         -78.171   -1559.351         -78.171   -1559.351             132             132
  121        -678.246    1752.743        -678.246    1752.743             121             121
  231        1175.276   -2672.241        1175.276   -2672.241             231             231
  241       -1418.597     180.805       -1418.597     180.805             241             241
  238         701.204     124.934         701.204     124.934             238             238
  226        -840.940     615.898        -840.940     615.898             226             226
  140         663.348    -768.777         663.348    -768.777             140             140
  194         -16.466    2712.908         -16.466    2712.908             194             194
   94         340.584   -1192.842         340.584   -1192.842              94              94
   15        -149.647    -637.051        -149.647    -637.051              15              15
  139        1771.366    1535.726        1771.366    1535.726             139             139
  207        1021.962    -953.788        1021.962    -953.788             207             207
  108         535.093   -2104.099         535.093   -2104.099             108             108
  134       -1457.584   -1081.015       -1457.584   -1081.015             134             134
   80        2091.375   -1491.991        2091.375   -1491.991              80              80
  248         867.516   -1186.720         867.516   -1186.720             248             248
  160        2423.213    1793.952        2423.213    1793.952             160             160
  182        -236.177     558.273        -236.177     558.273             182             182
  210        1485.547    1964.662        1485.547    1964.662             210             210
  173        -340.810    -583.205        -340.810    -583.205             173             173
  184         286.344   -3035.435         286.344   -3035.435             184             184
  164        -514.484   -1377.171        -514.484   -1377.171             164             164
  148         251.499     283.949         251.499     283.949             148             148
   91         362.165     928.059         362.165     928.059              91              91
  154         817.799     756.654         817.799     756.654             154             154
  100        -750.705      40.543        -750.705      40.543             100             100
  118        1146.938       5.770        1146.938       5.770             118             118
   49       -1778.072     -78.132       -1778.072     -78.132              49              49
  224        1055.711   -2312.517        1055.711   -2312.517             224             224
  236       -1762.852    1537.891       -1762.852    1537.891             236             236
  250        -218.631   -1518.715        -218.631   -1518.715             250             250
  100       -1368.219    1241.190       -1368.219    1241.190             100             100
  102        -411.787     -73.403        -411.787     -73.403             102             102
  225        -368.733   -2744.983        -368.733   -2744.983             225             225
   86         -79.625     656.200         -79.625     656.200              86              86
   84        1860.448   -1756.017        1860.448   -1756.017              84              84
  195          -6.368     310.524          -6.368     310.524             195             195
  226        -264.874   -2663.531        -264.874   -2663.531             226             226
   22        -597.272    1888.244        -597.272    1888.244              22              22
   34        -517.361    -805.304        -517.361    -805.304              34              34
  242        -600.584    -527.853        -600.584    -527.853             242             242
  162        -567.589    -908.577        -567.589    -908.577             162             162
  242       -1004.218     -83.493       -1004.218     -83.493             242             242
   94       -1747.667    1209.021       -1747.667    1209.021              94              94
   41         590.511     450.880         590.511     450.880              41              41
   67        -373.165   -1039.866        -373.165   -1039.866              67              67
   87        -238.581     129.595        -238.581     129.595              87              87
  202         329.963     373.202         329.963     373.202             202             202
  249         894.562   -1020.664         894.562   -1020.664             249             249
   42          40.282    -638.620          40.282    -638.620              42              42
  119        1441.308     603.630        1441.308     603.630             119             119
  178         175.843    2430.493         175.843    2430.493             178             178
  206        1772.064     285.563        1772.064     285.563             206             206
   12        -685.516     577.978        -685.516     577.978              12              12
   13       -1086.253       4.201       -1086.253       4.201              13              13
  105        -978.453    1650.100        -978.453    1650.100             105             105
  112       -1373.572     -58.838       -1373.572     -58.838             112             112
  132         872.033   -2919.365         872.033   -2919.365             132             132
  155         464.351      27.838         464.351      27.838             155             155
   81         272.467     719.079         272.467     719.079              81              81
  113       -1523.934    -292.052       -1523.934    -292.052             113             113
  149         996.428   -2267.723         996.428   -2267.723             149             149
  182        2954.825     772.679        2954.825     772.679             182             182
  215        -601.947   -1730.829        -601.947   -1730.829             215             215
  118         148.488   -1256.283         148.488   -1256.283             118             118
   13        -301.322     936.577        -301.322     936.577              13              13
   44          -4.611     254.929          -4.611     254.929              44              44
   58        -321.110     786.456        -321.110     786.456              58              58
  240        -600.410   -1348.705        -600.410   -1348.705             240             240
   67       -1128.234    -592.244       -1128.234    -592.244              67              67
   93        -195.106     181.263        -195.106     181.263              93              93
  227        -569.903   -2094.839        -569.903   -2094.839             227             227
  229       -1151.452    -227.831       -1151.452    -227.831             229             229
   80         389.442      52.730         389.442      52.730              80              80
   65       -1739.797    -448.238       -1739.797    -448.238              65              65
   15         505.846     340.713         505.846     340.713              15              15
  147       -1204.914    1033.432       -1204.914    1033.432             147             147
  153        -579.752     981.817        -579.752     981.817             153             153
  217       -1032.430    1020.498       -1032.430    1020.498             217             217
  141         772.310    1323.635         772.310    1323.635             141             141
  195        2578.394   -1250.483        2578.394   -1250.483             195             195
   81         151.671    -131.621         151.671    -131.621              81              81
   63         213.903   -1584.166         213.903   -1584.166              63              63
  146         437.128    -691.980         437.128    -691.980             146             146
   93         222.765    1415.991         222.765    1415.991              93              93
   77       -1395.784    1561.112       -1395.784    1561.112              77              77
  252       -1272.746     250.624       -1272.746     250.624             252             252
  206        -242.852     425.738        -242.852     425.738             206             206
  209         -59.975      16.368         -59.975      16.368             209             209
  151         209.084   -1282.414         209.084   -1282.414             151             151
   32       -1713.267    -673.376       -1713.267    -673.376              32              32
   66        1840.043    -439.648        1840.043    -439.648              66              66
   44       -1214.508     872.458       -1214.508     872.458              44              44
  214        1016.844    -634.101        1016.844    -634.101             214             214
   26        -529.390    1444.220        -529.390    1444.220              26              26
  163         213.349   -1414.872         213.349   -1414.872             163             163
  227         185.220    -114.597         185.220    -114.597             227             227
   70        -547.991    -108.848        -547.991    -108.848              70              70
  222          79.207   -1278.677          79.207   -1278.677             222             222
  211         293.167   -2335.240         293.167   -2335.240             211             211
  137        1051.399     147.703        1051.399     147.703             137             137
   60         148.463     280.608         148.463     280.608              60              60
  182        -798.029     705.258        -798.029     705.258             182             182
  111       -1410.401    1114.035       -1410.401    1114.035             111             111
  140        -159.764    1011.992        -159.764    1011.992             140             140
  248         541.237   -2614.059         541.237   -2614.059             248             248
  127         895.922     298.975         895.922     298.975             127             127
   32        -460.299     878.572        -460.299     878.572              32              32
  146        -789.644      67.218        -789.644      67.218             146             146
   88         382.112     156.344         382.112     156.344              88              88
  173         671.122   -1530.009         671.122   -1530.009             173             173
   86        2059.941     -44.905        2059.941     -44.905              86              86
  170         322.039    -513.402         322.039    -513.402             170             170
  237       -1246.540    1076.690       -1246.540    1076.690             237             237
  232        -143.778    -221.200        -143.778    -221.200             232             232
    8         807.045     333.414         807.045     333.414               8               8
   58        -451.716    -276.733        -451.716    -276.733              58              58
  229       -1618.984     345.119       -1618.984     345.119             229             229
  215       -1571.102    1779.146       -1571.102    1779.146             215             215
   11       -1708.215     880.092       -1708.215     880.092              11              11
  125       -1164.588    -250.414       -1164.588    -250.414             125             125
  247        -327.455    -442.790        -327.455    -442.790             247             247
   78         157.323   -2588.303         157.323   -2588.303              78              78
  169        -695.891    -338.810        -695.891    -338.810             169             169
  206         897.000       0.310         897.000       0.310             206             206
  104        -696.108     338.936        -696.108     338.936             104             104
   77         156.366    2588.386         156.366    2588.386              77              77
  177        -327.827     442.373        -327.827     442.373             177             177
  175       -1164.876     249.697       -1164.876     249.697             175             175
   43       -1707.956    -880.957       -1707.956    -880.957              43              43
  133       -1570.354   -1779.656       -1570.354   -1779.656             133             133
   57       -1618.506    -345.436       -1618.506    -345.436              57              57
  104        -451.317     276.699        -451.317     276.699             104             104
   60         807.456    -333.068         807.456    -333.068              60              60
  169        -143.748     221.193        -143.748     221.193             169             169
  244       -1245.868   -1076.958       -1245.868   -1076.958             244             244
   53         322.376     513.747         322.376     513.747              53              53
   40        2060.135      45.790        2060.135      45.790              40              40
   21         670.517    1530.254         670.517    1530.254              21              21
  199         382.011    -156.353         382.011    -156.353             199             199
  129        -789.681     -67.553        -789.681     -67.553             129             129
  194        -459.843    -878.661        -459.843    -878.661             194             194
   30         896.123    -298.365         896.123    -298.365              30              30
   43         540.244    2614.188         540.244    2614.188              43              43
  175        -159.630   -1012.359        -159.630   -1012.359             175             175
    6       -1410.058   -1114.492       -1410.058   -1114.492               6               6
   52        -797.554    -705.317        -797.554    -705.317              52              52
  234         148.851    -280.255         148.851    -280.255             234             234
  236        1051.562    -146.906        1051.562    -146.906             236             236
   11         292.333    2335.590         292.333    2335.590              11              11
  245          78.706    1278.561          78.706    1278.561             245             245
  105        -548.015     108.510        -548.015     108.510             105             105
    3         185.251     114.637         185.251     114.637               3               3
   68         212.860    1414.735         212.860    1414.735              68              68
   19        -528.849   -1444.545        -528.849   -1444.545              19              19
  209        1016.598     634.440        1016.598     634.440             209             209
  173       -1214.189    -872.840       -1214.189    -872.840             173             173
   96        1839.805     440.413        1839.805     440.413              96              96
  131       -1713.648     672.856       -1713.648     672.856             131             131
   93         208.719    1282.324         208.719    1282.324              93              93
  140         -60.030     -16.684         -60.030     -16.684             140             140
    8        -242.831    -426.029        -242.831    -426.029               8               8
  150       -1272.692    -251.252       -1272.692    -251.252             150             150
  244       -1394.996   -1561.644       -1394.996   -1561.644             244             244
   69         223.591   -1415.609         223.591   -1415.609              69              69
   64         437.108     692.512         437.108     692.512              64              64
  233         213.535    1584.289         213.535    1584.289             233             233
  122         151.887     131.569         151.887     131.569             122             122
  104        2577.957    1251.075        2577.957    1251.075             104             104
  254         772.303   -1323.686         772.303   -1323.686             254             254
   66       -1032.434   -1020.889       -1032.434   -1020.889              66              66
  234        -579.588    -981.933        -579.588    -981.933             234             234
  193       -1204.573   -1033.603       -1204.573   -1033.603             193             193
   96         505.896    -340.198         505.896    -340.198              96              96
   22       -1739.962     447.934       -1739.962     447.934              22              22
  113         389.512     -52.358         389.512     -52.358             113             113
  103       -1151.538     227.790       -1151.538     227.790             103             103
   74        -570.478    2094.748        -570.478    2094.748              74              74
   91        -194.981    -181.374        -194.981    -181.374              91              91
   83       -1128.319     591.950       -1128.319     591.950              83              83
   86        -600.613    1348.367        -600.613    1348.367              86              86
   81        -320.577    -786.721        -320.577    -786.721              81              81
  188          -4.287    -254.894          -4.287    -254.894             188             188
   89        -300.761    -936.417        -300.761    -936.417              89              89
  149         148.331    1256.651         148.331    1256.651             149             149
  208        -602.083    1730.579        -602.083    1730.579             208             208
   42        2955.297    -771.663        2955.297    -771.663              42              42
   67         995.346    2268.045         995.346    2268.045              67              67
   48       -1524.138     291.234       -1524.138     291.234              48              48
  173         272.851    -719.084         272.851    -719.084             173             173
  160         464.392     -27.501         464.392     -27.501             160             160
  188         870.857    2919.487         870.857    2919.487             188             188
  182       -1373.774      57.795       -1373.774      57.795             182             182
   54        -977.825   -1650.702        -977.825   -1650.702              54              54
  177       -1086.004      -4.658       -1086.004      -4.658             177             177
  251        -684.842    -578.350        -684.842    -578.350             251             251
  119        1772.481    -285.157        1772.481    -285.157             119             119
  155         176.784   -2430.373         176.784   -2430.373             155             155
  118        1441.545    -602.735        1441.545    -602.735             118             118
  224          40.012     638.957          40.012     638.957             224             224
  153         894.152    1021.019         894.152    1021.019             153             153
  184         329.890    -373.096         329.890    -373.096             184             184
  202        -238.718    -129.532        -238.718    -129.532             202             202
   91        -373.601    1039.747        -373.601    1039.747              91              91
   25         590.436    -450.792         590.436    -450.792              25              25
  224       -1747.450   -1209.453       -1747.450   -1209.453             224             224
  204       -1004.158      83.493       -1004.158      83.493             204             204
  128        -567.766     908.600        -567.766     908.600             128             128
   43        -600.623     527.738        -600.623     527.738              43              43
   40        -517.463     805.074        -517.463     805.074              40              40
  212        -596.414   -1888.186        -596.414   -1888.186             212             212
  129        -265.475    2663.699        -265.475    2663.699             129             129
  121          -5.915    -310.491          -5.915    -310.491             121             121
  145        1859.950    1756.655        1859.950    1756.655             145             145
  218         -79.568    -656.161         -79.568    -656.161             218             218
   15        -369.733    2744.806        -369.733    2744.806              15              15
   97        -411.876      72.877        -411.876      72.877              97              97
    5       -1367.725   -1241.680       -1367.725   -1241.680               5               5
   82        -218.996    1518.601        -218.996    1518.601              82              82
  145       -1762.025   -1538.428       -1762.025   -1538.428             145             145
  178        1055.215    2312.922        1055.215    2312.922             178             178
  243       -1777.793      77.279       -1777.793      77.279             243             243
   78        1147.310      -5.553        1147.310      -5.553              78              78
  105        -750.404     -40.953        -750.404     -40.953             105             105
   42         818.388    -756.459         818.388    -756.459              42              42
    0         362.666    -927.790         362.666    -927.790              -0              -0
  101         251.740    -283.495         251.740    -283.495             101             101
  161        -514.709    1377.353        -514.709    1377.353             161             161
  155         285.638    3035.379         285.638    3035.379             155             155
  219        -340.600     582.504        -340.600     582.504             219             219
  129        1486.548   -1964.457        1486.548   -1964.457             129             129
   52        -235.631    -558.328        -235.631    -558.328              52              52
  148        2424.096   -1792.815        2424.096   -1792.815             148             148
   75         867.165    1187.481         867.165    1187.481              75              75
  144        2090.696    1492.870        2090.696    1492.870             144             144
  174       -1458.035    1080.580       -1458.035    1080.580             174             174
   44         534.639    2104.106         534.639    2104.106              44              44
   93        1021.807     953.651        1021.807     953.651              93              93
   46        1771.784   -1535.367        1771.784   -1535.367              46              46
   88        -150.033     636.995        -150.033     636.995              88              88
  134         340.125    1192.594         340.125    1192.594             134             134
    3         -15.583   -2713.037         -15.583   -2713.037               3               3
  217         663.007     769.144         663.007     769.144             217             217
  255        -840.748    -616.144        -840.748    -616.144             255             255
  148         701.248    -124.532         701.248    -124.532             148             148
  180       -1418.413    -180.968       -1418.413    -180.968             180             180
   15        1174.555    2672.623        1174.555    2672.623              15              15
  245        -677.566   -1752.967        -677.566   -1752.967             245             245
  185         -78.403    1559.603         -78.403    1559.603             185             185
   98         -28.652    1907.014         -28.652    1907.014              98              98
  135        2728.323     159.116        2728.323     159.116             135             135
  108        1448.891    1502.919        1448.891    1502.919             108             108
   85        1611.053   -1117.753        1611.053   -1117.753              85              85
  214        -358.718     294.397        -358.718     294.397             214             214
  213        -802.318    1421.328        -802.318    1421.328             213             213
  127         396.090    -703.359         396.090    -703.359             127             127
  214        -526.690    -642.415        -526.690    -642.415             214             214
   58        1311.869    1384.871        1311.869    1384.871              58              58
   33       -1925.985    2379.967       -1925.985    2379.967              33              33
  113        2063.298      42.541        2063.298      42.541             113             113
   22        -455.673    -201.333        -455.673    -201.333              22              22
  162         287.210     604.299         287.210     604.299             162             162
  166        1006.649     267.940        1006.649     267.940             166             166
  170        1163.731   -1100.331        1163.731   -1100.331             170             170
  238        -111.116    -814.493        -111.116    -814.493             238             238
   55        2694.557     199.254        2694.557     199.254              55              55
   88         135.032    -692.884         135.032    -692.884              88              88
   27        1595.765     871.377        1595.765     871.377              27              27
  148         975.887     491.245         975.887     491.245             148             148
  135        1369.454    -292.637        1369.454    -292.637             135             135
  115       -1377.639   -1190.717       -1377.639   -1190.717             115             115
   26         244.161    -784.465         244.161    -784.465              26              26
  138        1486.703     289.244        1486.703     289.244             138             138
   77        -791.520     361.332        -791.520     361.332              77              77
   26         364.682    -446.170         364.682    -446.170              26              26
   31         197.319     964.751         197.319     964.751              31              31
    1       -1462.208    1501.674       -1462.208    1501.674               1               1
   42        1740.237     157.769        1740.237     157.769              42              42
   21        1187.370    -455.548        1187.370    -455.548              21              21
  186          76.975    2142.828          76.975    2142.828             186             186
  140        1213.558     422.860        1213.558     422.860             140             140
  156       -4686.176     318.513       -4686.176     318.513             156             156
   38       -1497.280    -186.626       -1497.280    -186.626              38              38
  226       -1688.724    -748.664       -1688.724    -748.664             226             226
  115       -1722.925    2977.485       -1722.925    2977.485             115             115
  252        -781.232    1750.429        -781.232    1750.429             252             252
   98         168.247    -566.426         168.247    -566.426              98              98
   73       -1666.804    1375.112       -1666.804    1375.112              73              73
   54         283.496   -1061.989         283.496   -1061.989              54              54
  131         401.565     494.426         401.565     494.426             131             131
  186        -911.250    -427.912        -911.250    -427.912             186             186
   76        -307.659    -455.543        -307.659    -455.543              76              76
   38       -1707.142   -1894.253       -1707.142   -1894.253              38              38
   97       -1538.387      27.942       -1538.387      27.942              97              97
  247        1005.268   -1091.034        1005.268   -1091.034             247             247
   20       -1132.582     661.394       -1132.582     661.394              20              20
  152       -1223.822     221.874       -1223.822     221.874             152             152
   80           8.333    1082.933           8.333    1082.933              80              80
   48        -321.740   -1661.155        -321.740   -1661.155              48              48
   44       -2092.889   -1007.297       -2092.889   -1007.297              44              44
  216        -729.852     851.993        -729.852     851.993             216             216
  163         415.952      35.566         415.952      35.566             163             163
   71        1630.835     -87.204        1630.835     -87.204              71              71
   98        1820.570    1784.672        1820.570    1784.672              98              98
  240         -36.656     843.778         -36.656     843.778             240             240
   97        -409.905    -692.779        -409.905    -692.779              97              97
  129        -791.432     -87.160        -791.432     -87.160             129             129
  241          76.942     136.166          76.942     136.166             241             241
  140       -4264.690     -83.053       -4264.690     -83.053             140             140
  150        2264.074   -1470.715        2264.074   -1470.715             150             150
  172         964.015    1060.448         964.015    1060.448             172             172
   24       -1043.202     -86.538       -1043.202     -86.538              24              24
   51         681.479    -243.821         681.479    -243.821              51              51
  211        -964.767   -2109.008        -964.767   -2109.008             211             211
  251       -1387.766     559.018       -1387.766     559.018             251             251
  166        -241.632   -1267.156        -241.632   -1267.156             166             166
  207         865.825    2404.011         865.825    2404.011             207             207
   94        1474.437     256.912        1474.437     256.912              94              94
  240         975.379   -2399.497         975.379   -2399.497             240             240
    6        2141.227     214.874        2141.227     214.874               6               6
  225          62.770    -246.067          62.770    -246.067             225             225
  171        -621.740    2514.947        -621.740    2514.947             171             171
   83        2517.581   -1758.510        2517.581   -1758.510              83              83
    8        2181.805     292.416        2181.805     292.416               8               8
   12         798.618   -1543.678         798.618   -1543.678              12              12
   74       -2109.362    -566.551       -2109.362    -566.551              74              74
   28         593.413    1430.711         593.413    1430.711              28              28
  164        1337.692   -1945.839        1337.692   -1945.839             164             164
  155         500.709    -809.870         500.709    -809.870             155             155
   76         568.041     138.415         568.041     138.415              76              76
  209       -1938.653   -1478.436       -1938.653   -1478.436             209             209
  115        -484.649   -1120.208        -484.649   -1120.208             115             115
  240          84.805    1406.778          84.805    1406.778             240             240
   25       -1875.122    1514.031       -1875.122    1514.031              25              25
  213        -376.654    2856.083        -376.654    2856.083             213             213
  224         767.948    1001.635         767.948    1001.635             224             224
  123         440.716   -1118.991         440.716   -1118.991             123             123
   87       -2360.261    -399.917       -2360.261    -399.917              87              87
  210         835.160   -1609.818         835.160   -1609.818             210             210
    7        -540.947     377.752        -540.947     377.752               7               7
  238       -1374.325     950.184       -1374.325     950.184             238             238
  127       -1958.540    1606.211       -1958.540    1606.211             127             127
   32         793.952    1399.592         793.952    1399.592              32              32
   34         269.805   -2092.945         269.805   -2092.945              34              34
   83       -1827.634    -287.956       -1827.634    -287.956              83              83
   27        -968.669     516.631        -968.669     516.631              27              27
  201        1384.037    -178.438        1384.037    -178.438             201             201
   35        1082.189    -837.121        1082.189    -837.121              35              35
  121         525.577   -1447.082         525.577   -1447.082             121             121
  185         604.736      73.859         604.736      73.859             185             185
   41       -2233.074    1250.978       -2233.074    1250.978              41              41
   91       -1621.612    1493.761       -1621.612    1493.761              91              91
  100        -373.281    -317.072        -373.281    -317.072             100             100
  124         832.380    -837.857         832.380    -837.857             124             124
   99        -390.978    -110.170        -390.978    -110.170              99              99
  112       -1705.557     708.224       -1705.557     708.224             112             112
  199        1150.771     665.537        1150.771     665.537             199             199
  128        1891.969     -98.424        1891.969     -98.424             128             128
   21        2849.202    -232.857        2849.202    -232.857              21              21
   98         596.601     907.602         596.601     907.602              98              98
  205         575.757     347.362         575.757     347.362             205             205
  231        -298.775     919.054        -298.775     919.054             231             231
  213       -1676.204   -1194.319       -1676.204   -1194.319             213             213
  190        -302.832   -1591.266        -302.832   -1591.266             190             190
    0        -566.084      56.393        -566.084      56.393               0               0
  171       -1051.794    -459.978       -1051.794    -459.978             171             171
  158        -453.880     144.836        -453.880     144.836             158             158
  124       -1110.993     425.638       -1110.993     425.638             124             124
    3        1094.668    -975.640        1094.668    -975.640               3               3
  113         -48.340     915.077         -48.340     915.077             113             113
  131       -1492.719    -456.974       -1492.719    -456.974             131             131
  242        -121.156    -988.039        -121.156    -988.039             242             242
  241        1556.857      77.490        1556.857      77.490             241             241
  163        1648.132    1234.318        1648.132    1234.318             163             163
   21         164.025   -1166.361         164.025   -1166.361              21              21
   68       -1253.843    1764.323       -1253.843    1764.323              68              68
  191         205.158     -53.126         205.158     -53.126             191             191
  222         806.149    -180.597         806.149    -180.597             222             222
  103        -218.318     734.225        -218.318     734.225             103             103
   57         623.587    2900.166         623.587    2900.166              57              57
