SINAL     NFT                         FFT                         NFT INVERSA     FFT INVERSA
-----     -----------------------     -----------------------     -----------     -----------
   12       64431.000       0.000       64431.000       0.000              12              12
  205        1045.256    1026.497        1045.256    1026.497             205             205
  167        -354.395      84.464        -354.395      84.464             167             167
   54        2220.038    1302.748        2220.038    1302.748              54              54
   81        3287.831   -2384.320        3287.831   -2384.320              81              81
   16         -93.551    -744.942         -93.551    -744.942              16              16
  168           8.694    1158.745           8.694    1158.745             168             168
   54        -682.467    1549.160        -682.467    1549.160              54              54
  165         895.482    -669.798         895.482    -669.798             165             165
  149        -827.371     141.819        -827.371     141.819             149             149
  181       -1294.519   -1443.433       -1294.519   -1443.433             181             181
  206       -1038.556   -1734.022       -1038.556   -1734.022             206             206
  110          72.589    -469.790          72.589    -469.790             110             110
   76        -986.244    1976.002        -986.244    1976.002              76              76
  236         298.698    -677.433         298.698    -677.433             236             236
  228        -554.404    1041.939        -554.404    1041.939             228             228
  255         715.808     363.175         715.808     363.175             255             255
  127       -1905.151    -261.101       -1905.151    -261.101             127             127
  131       -1804.627     158.682       -1804.627     158.682             131             131
  126        -232.689     -56.317        -232.689     -56.317             126             126
  221         439.197    2652.365         439.197    2652.365             221             221
  231        -273.054     430.853        -273.054     430.853             231             231
   45         125.238     758.506         125.238     758.506              45              45
  216        1456.534    1178.962        1456.534    1178.962             216             216
  245         335.462     368.828         335.462     368.828             245             245
  175        -658.142    -406.345        -658.142    -406.345             175             175
  183        -886.216    -104.488        -886.216    -104.488             183             183
   48         277.806     -82.024         277.806     -82.024              48              48
   41         200.435   -2391.887         200.435   -2391.887              41              41
   44        1040.468     884.098        1040.468     884.098              44              44
  209         651.940    1119.259         651.940    1119.259             209             209
   53         485.639    1580.959         485.639    1580.959              53              53
  249         467.003     228.313         467.003     228.313             249             249
  120         959.318     214.300         959.318     214.300             120             120
  108        2474.957    1575.354        2474.957    1575.354             108             108
   75       -1746.526    1311.105       -1746.526    1311.105              75              75
  137         518.743    1930.974         518.743    1930.974             137             137
   20         184.887    -862.897         184.887    -862.897              20              20
  130       -1232.603    -193.109       -1232.603    -193.109             130             130
   46          88.057     925.970          88.057     925.970              46              46
  170       -1400.711     215.198       -1400.711     215.198             170             170
   55        1311.739     520.419        1311.739     520.419              55              55
  253       -1128.230    1380.665       -1128.230    1380.665             253             253
   24        -321.780    2011.239        -321.780    2011.239              24              24
  132        -322.211     260.096        -322.211     260.096             132             132
  233         304.646    -494.541         304.646    -494.541             233             233
  252        1469.324     968.849        1469.324     968.849             252             252
  132         615.315     823.813         615.315     823.813             132             132
  105         973.168   -1686.438         973.168   -1686.438             105             105
  128        -673.871   -1782.322        -673.871   -1782.322             128             128
    2        -262.005     -76.553        -262.005     -76.553               2               2
   71       -3291.507     576.644       -3291.507     576.644              71              71
  103        1649.531    1028.130        1649.531    1028.130             103             103
   48       -1298.418    -584.102       -1298.418    -584.102              48              48
   31         259.528    1221.462         259.528    1221.462              31              31
   93        -966.052     947.745        -966.052     947.745              93              93
  223        -882.226    -703.981        -882.226    -703.981             223             223
  214        -285.793   -1386.384        -285.793   -1386.384             214             214
  141         289.162   -1156.841         289.162   -1156.841             141             141
    9       -1291.245    1361.432       -1291.245    1361.432               9               9
    3         521.362     399.179         521.362     399.179               3               3
   94         105.712   -1110.930         105.712   -1110.930              94              94
   63        -193.533    1118.809        -193.533    1118.809              63              63
  252        2978.900    1154.979        2978.900    1154.979             252             252
  215         923.966   -1138.998         923.966   -1138.998             215             215
  171        -386.735    1662.755        -386.735    1662.755             171             171
   72        1406.995    -779.341        1406.995    -779.341              72              72
   97         111.793   -1229.302         111.793   -1229.302              97              97
  191        1041.834   -1127.857        1041.834   -1127.857             191             191
  202       -1433.670   -1167.675       -1433.670   -1167.675             202             202
  144       -1335.581    -590.032       -1335.581    -590.032             144             144
  106         -93.691    1395.245         -93.691    1395.245             106             106
    2         577.925     175.646         577.925     175.646               2               2
  142        -283.801    -121.655        -283.801    -121.655             142             142
  130        -857.798    -978.789        -857.798    -978.789             130             130
  134         704.847   -2033.263         704.847   -2033.263             134             134
  119       -3206.026    1269.481       -3206.026    1269.481             119             119
  127        -749.368    1202.692        -749.368    1202.692             127             127
   10         145.093    -879.052         145.093    -879.052              10              10
  225        -751.618   -2055.064        -751.618   -2055.064             225             225
    0        -483.846    -370.814        -483.846    -370.814               0               0
   13         992.327    1618.963         992.327    1618.963              13              13
   41        2075.876   -1952.201        2075.876   -1952.201              41              41
  104       -2102.090   -1497.691       -2102.090   -1497.691             104             104
   61        -226.830    -885.474        -226.830    -885.474              61              61
   72        -648.722   -1768.396        -648.722   -1768.396              72              72
  197       -1516.970     529.303       -1516.970     529.303             197             197
   29       -1001.750   -1193.031       -1001.750   -1193.031              29              29
   31        2377.319    1889.423        2377.319    1889.423              31              31
   83         163.259      93.805         163.259      93.805              83              83
   38        -386.586    -826.715        -386.586    -826.715              38              38
   34        1006.089   -2240.099        1006.089   -2240.099              34              34
  178        -892.775     595.889        -892.775     595.889             178             178
  101       -1041.681   -1994.512       -1041.681   -1994.512             101             101
   31         899.447    1667.177         899.447    1667.177              31              31
  138       -1105.050    1636.780       -1105.050    1636.780             138             138
   16        -114.497     822.999        -114.497     822.999              16              16
  104         890.623     115.346         890.623     115.346             104             104
  235        2187.397     760.232        2187.397     760.232             235             235
  208        1087.443     421.701        1087.443     421.701             208             208
   51        1011.491     284.574        1011.491     284.574              51              51
  124         148.553     449.189         148.553     449.189             124             124
   58        -808.148     -74.540        -808.148     -74.540              58              58
   53        2011.355    -684.533        2011.355    -684.533              53              53
   10         894.490    1156.592         894.490    1156.592              10              10
  189       -1321.412    -566.510       -1321.412    -566.510             189             189
  188         187.179    -110.047         187.179    -110.047             188             188
  130        -844.308    -869.513        -844.308    -869.513             130             130
   61        -205.626    -211.168        -205.626    -211.168              61              61
  199       -1159.094    1027.459       -1159.094    1027.459             199             199
  100        -318.797   -1465.706        -318.797   -1465.706             100             100
   61           4.824    -752.324           4.824    -752.324              61              61
  212         -74.679   -1115.215         -74.679   -1115.215             212             212
  141         848.421    -814.624         848.421    -814.624             141             141
  165       -2729.467     436.042       -2729.467     436.042             165             165
   18        -670.914     850.422        -670.914     850.422              18              18
  214          33.207   -1284.427          33.207   -1284.427             214             214
  107       -1905.473    2234.920       -1905.473    2234.920             107             107
   47       -1392.216    -646.195       -1392.216    -646.195              47              47
  245       -1284.674      83.398       -1284.674      83.398             245             245
  191       -1122.433    -507.187       -1122.433    -507.187             191             191
   86        -554.951    -576.499        -554.951    -576.499              86              86
   24        -438.790     437.861        -438.790     437.861              24              24
  113       -1704.152    1025.850       -1704.152    1025.850             113             113
  188       -2119.353    -561.707       -2119.353    -561.707             188             188
   56         778.438    -658.836         778.438    -658.836              56              56
  251        -184.581   -2655.478        -184.581   -2655.478             251             251
  205        -421.191     -83.051        -421.191     -83.051             205             205
  160        2759.151   -1619.748        2759.151   -1619.748             160             160
  231       -1417.992   -1289.584       -1417.992   -1289.584             231             231
  157        1799.105     380.863        1799.105     380.863             157             157
  211          18.985    -332.320          18.985    -332.320             211             211
  100         636.806    1497.222         636.806    1497.222             100             100
  216        -517.984    -211.231        -517.984    -211.231             216             216
    8       -2286.745     645.964       -2286.745     645.964               8               8
  110        1199.011     906.149        1199.011     906.149             110             110
  150        1578.984    -280.967        1578.984    -280.967             150             150
  197       -1471.371     166.224       -1471.371     166.224             197             197
  240         239.535   -1445.463         239.535   -1445.463             240             240
  212       -1704.766   -1525.050       -1704.766   -1525.050             212             212
  140        -100.871    1164.115        -100.871    1164.115             140             140
   85           5.393     960.908           5.393     960.908              85              85
   17           3.574    -859.662           3.574    -859.662              17              17
   96       -3137.560     951.930       -3137.560     951.930              96              96
  226        -654.302   -1675.258        -654.302   -1675.258             226             226
  183        1708.232    -288.895        1708.232    -288.895             183             183
  114        1370.031    -611.624        1370.031    -611.624             114             114
  184        1255.959   -1638.334        1255.959   -1638.334             184             184
   35       -1162.868    2872.625       -1162.868    2872.625              35              35
  162        -938.167   -1067.547        -938.167   -1067.547             162             162
  174        1642.149    -147.751        1642.149    -147.751             174             174
  226          69.763   -1802.584          69.763   -1802.584             226             226
  249       -1618.374   -1243.180       -1618.374   -1243.180             249             249
  199        1415.070    1137.418        1415.070    1137.418             199             199
   84         221.258    2201.508         221.258    2201.508              84              84
  181         798.165     559.968         798.165     559.968             181             181
  255         270.203   -1019.291         270.203   -1019.291             255             255
   79        -833.685     591.675        -833.685     591.675              79              79
  130         591.514    -747.305         591.514    -747.305             130             130
  160         601.409    -101.567         601.409    -101.567             160             160
   55        -272.797    2086.129        -272.797    2086.129              55              55
   32       -1230.071     310.084       -1230.071     310.084              32              32
  115       -1069.685   -2539.367       -1069.685   -2539.367             115             115
  155        -972.001    -626.529        -972.001    -626.529             155             155
  249       -2785.611    -919.944       -2785.611    -919.944             249             249
  124       -1363.309     569.264       -1363.309     569.264             124             124
   10        -631.997    -146.684        -631.997    -146.684              10              10
  143        1740.014    1355.166        1740.014    1355.166             143             143
   65         836.598    -524.016         836.598    -524.016              65              65
  251         112.711     542.146         112.711     542.146             251             251
   99        -140.543    1275.718        -140.543    1275.718              99              99
  206        -265.108     882.635        -265.108     882.635             206             206
   80        1155.399   -1433.540        1155.399   -1433.540              80              80
  117         875.825    3062.209         875.825    3062.209             117             117
   46         152.450    -742.482         152.450    -742.482              46              46
   51         353.587     823.675         353.587     823.675              51              51
   45       -1992.754      21.324       -1992.754      21.324              45              45
  161         118.405     978.668         118.405     978.668             161             161
  236       -1140.585    -239.685       -1140.585    -239.685             236             236
   81         879.108   -2179.835         879.108   -2179.835              81              81
   68       -1786.089    1173.512       -1786.089    1173.512              68              68
  154        -539.153    -752.652        -539.153    -752.652             154             154
   51          21.172   -1755.507          21.172   -1755.507              51              51
   61       -1129.865     566.257       -1129.865     566.257              61              61
   98        -259.149   -1263.385        -259.149   -1263.385              98              98
  135        -533.883      75.676        -533.883      75.676             135             135
  243        -887.607   -2417.322        -887.607   -2417.322             243             243
   98         707.514    2724.558         707.514    2724.558              98              98
  215        -676.296   -1808.203        -676.296   -1808.203             215             215
  118         360.446   -1029.668         360.446   -1029.668             118             118
    2        1576.896   -1424.520        1576.896   -1424.520               2               2
   15          64.275    -314.062          64.275    -314.062              15              15
  150         889.982     381.262         889.982     381.262             150             150
  118        1748.623    2186.048        1748.623    2186.048             118             118
  170        -709.895    1073.560        -709.895    1073.560             170             170
  143        -899.905     133.984        -899.905     133.984             143             143
  242        -779.270   -1567.635        -779.270   -1567.635             242             242
  181        -857.422   -1612.701        -857.422   -1612.701             181             181
   31         942.023     -13.711         942.023     -13.711              31              31
   52       -1778.240    -604.356       -1778.240    -604.356              52              52
  176        1021.245    -835.367        1021.245    -835.367             176             176
  131        -341.926     699.503        -341.926     699.503             131             131
    2         685.002     658.578         685.002     658.578               2               2
    0       -1199.460      60.895       -1199.460      60.895              -0              -0
  249        -273.865   -2776.286        -273.865   -2776.286             249             249
   49        -940.540     547.269        -940.540     547.269              49              49
   51          85.648     366.644          85.648     366.644              51              51
   39        -300.084    -428.177        -300.084    -428.177              39              39
  211         147.230   -2469.439         147.230   -2469.439             211             211
   31        1177.839    2054.085        1177.839    2054.085              31              31
  120       -1515.596    -195.904       -1515.596    -195.904             120             120
   23        -685.857    1026.227        -685.857    1026.227              23              23
  186       -1320.532   -1799.627       -1320.532   -1799.627             186             186
  172        -643.708    -776.231        -643.708    -776.231             172             172
   85       -1120.074    1365.245       -1120.074    1365.245              85              85
   29          19.131     567.999          19.131     567.999              29              29
   51         554.404    -741.464         554.404    -741.464              51              51
   73          31.093     216.075          31.093     216.075              73              73
  127        -160.721    2463.189        -160.721    2463.189             127             127
   11        2090.761     237.886        2090.761     237.886              11              11
  191        1690.178    1839.013        1690.178    1839.013             191             191
  130        -440.517    -604.689        -440.517    -604.689             130             130
   26        -200.938    -352.365        -200.938    -352.365              26              26
   85        -861.917     862.188        -861.917     862.188              85              85
  248         367.926    -248.500         367.926    -248.500             248             248
  197        -822.125    -662.817        -822.125    -662.817             197             197
  229         291.865    2560.845         291.865    2560.845             229             229
  235        -551.236     114.633        -551.236     114.633             235             235
  123        -381.235    -706.787        -381.235    -706.787             123             123
    5         152.494   -1305.798         152.494   -1305.798               5               5
   32         737.646    1958.791         737.646    1958.791              32              32
   43       -1175.426     653.173       -1175.426     653.173              43              43
  136       -1832.221     435.088       -1832.221     435.088             136             136
   35       -1261.679    -966.943       -1261.679    -966.943              35              35
   43        2363.082   -1653.571        2363.082   -1653.571              43              43
  130        -920.846     208.861        -920.846     208.861             130             130
   85        -565.652    1346.141        -565.652    1346.141              85              85
   95        -583.019    1875.358        -583.019    1875.358              95              95
  169       -1412.166    1251.638       -1412.166    1251.638             169             169
   40         845.264      74.198         845.264      74.198              40              40
  127         914.374   -1572.202         914.374   -1572.202             127             127
   33         835.493    1195.932         835.493    1195.932              33              33
   64         211.140    1981.006         211.140    1981.006              64              64
   58        1342.865     -42.313        1342.865     -42.313              58              58
  205        1370.392     -36.131        1370.392     -36.131             205             205
  150        -768.577    1356.807        -768.577    1356.807             150             150
   87         240.378   -1120.663         240.378   -1120.663              87              87
    1         589.446    -219.429         589.446    -219.429               1               1
  223        -181.041    1969.391        -181.041    1969.391             223             223
  215       -2278.060     835.804       -2278.060     835.804             215             215
   13       -2478.927    2035.616       -2478.927    2035.616              13              13
  158       -1025.110    2076.180       -1025.110    2076.180             158             158
   90        -518.211    -274.699        -518.211    -274.699              90              90
   40       -1215.540    2645.664       -1215.540    2645.664              40              40
  243        1193.863   -2209.149        1193.863   -2209.149             243             243
   83         326.593   -1010.859         326.593   -1010.859              83              83
  238        1799.000       0.288        1799.000       0.288             238             238
  217         326.059    1010.829         326.059    1010.829             217             217
   63        1192.759    2208.880        1192.759    2208.880              63              63
  105       -1215.049   -2646.693       -1215.049   -2646.693             105             105
  222        -518.546     274.126        -518.546     274.126             222             222
   95       -1024.695   -2076.963       -1024.695   -2076.963              95              95
  148       -2478.301   -2036.533       -2478.301   -2036.533             148             148
  103       -2277.387    -836.564       -2277.387    -836.564             103             103
  131        -179.841   -1969.282        -179.841   -1969.282             131             131
  192         589.713     219.910         589.713     219.910             192             192
  233         240.174    1120.651         240.174    1120.651             233             233
  216        -767.804   -1357.200        -767.804   -1357.200             216             216
   32        1370.715      36.582        1370.715      36.582              32              32
  146        1342.876      42.552        1342.876      42.552             146             146
    0         211.767   -1981.016         211.767   -1981.016              -0              -0
  159         835.870   -1195.350         835.870   -1195.350             159             159
  180         913.684    1572.608         913.684    1572.608             180             180
   65         844.901     -74.190         844.901     -74.190              65              65
  218       -1412.051   -1252.323       -1412.051   -1252.323             218             218
  130        -582.452   -1875.494        -582.452   -1875.494             130             130
  215        -565.217   -1345.982        -565.217   -1345.982             215             215
   49        -920.592    -208.690        -920.592    -208.690              49              49
  132        2362.408    1654.597        2362.408    1654.597             132             132
  182       -1262.419     966.367       -1262.419     966.367             182             182
    9       -1832.113    -435.918       -1832.113    -435.918               9               9
  146       -1174.929    -653.692       -1174.929    -653.692             146             146
   84         738.514   -1958.331         738.514   -1958.331              84              84
   99         152.043    1306.108         152.043    1306.108              99              99
  186        -381.492     706.537        -381.492     706.537             186             186
   72        -551.117    -115.106        -551.117    -115.106              72              72
  182         292.762   -2560.685         292.762   -2560.685             182             182
  169        -822.282     662.804        -822.282     662.804             169             169
   34         367.913     248.602         367.913     248.602              34              34
  245        -861.550    -862.438        -861.550    -862.438             245             245
   18        -200.844     352.378        -200.844     352.378              18              18
    0        -440.369     604.346        -440.369     604.346              -0              -0
   85        1691.083   -1838.567        1691.083   -1838.567              85              85
  167        2090.675    -237.188        2090.675    -237.188             167             167
  103        -160.199   -2463.052        -160.199   -2463.052             103             103
  216          31.015    -215.606          31.015    -215.606             216             216
  104         553.941     741.861         553.941     741.861             104             104
   81          18.975    -567.913          18.975    -567.913              81              81
  176       -1119.876   -1365.262       -1119.876   -1365.262             176             176
  136        -644.113     776.479        -644.113     776.479             136             136
  228       -1321.177    1799.231       -1321.177    1799.231             228             228
  177        -685.456   -1026.487        -685.456   -1026.487             177             177
   40       -1515.400     195.486       -1515.400     195.486              40              40
  152        1178.750   -2053.290        1178.750   -2053.290             152             152
  242         146.348    2469.873         146.348    2469.873             242             242
    2        -300.268     428.038        -300.268     428.038               2               2
   27          85.693    -366.548          85.693    -366.548              27              27
  201        -940.395    -547.227        -940.395    -547.227             201             201
   52        -274.763    2776.301        -274.763    2776.301              52              52
  159       -1199.277     -61.539       -1199.277     -61.539             159             159
  128         685.389    -658.384         685.389    -658.384             128             128
   61        -341.620    -699.400        -341.620    -699.400              61              61
   50        1020.880     835.949        1020.880     835.949              50              50
  213       -1778.444     603.848       -1778.444     603.848             213             213
  161         942.086      14.186         942.086      14.186             161             161
  236        -858.039    1612.508        -858.039    1612.508             236             236
   29        -779.715    1567.108        -779.715    1567.108              29              29
   87        -899.642    -134.696        -899.642    -134.696              87              87
  150        -709.090   -1074.066        -709.090   -1074.066             150             150
   64        1749.676   -2185.336        1749.676   -2185.336              64              64
   77         890.109    -380.538         890.109    -380.538              77              77
  168          64.209     314.504          64.209     314.504             168             168
   64        1576.345    1425.304        1576.345    1425.304              64              64
  162         359.803    1029.851         359.803    1029.851             162             162
   80        -677.066    1807.713        -677.066    1807.713              80              80
  168         708.238   -2724.270         708.238   -2724.270             168             168
  122        -888.649    2417.256        -888.649    2417.256             122             122
  184        -533.945     -75.896        -533.945     -75.896             184             184
  249        -259.683    1263.240        -259.683    1263.240             249             249
   42       -1129.701    -566.634       -1129.701    -566.634              42              42
   65          20.589    1755.504          20.589    1755.504              65              65
  222        -539.509     752.164        -539.509     752.164             222             222
  220       -1785.557   -1174.165       -1785.557   -1174.165             220             220
  105         878.501    2180.031         878.501    2180.031             105             105
  118       -1140.649     238.852       -1140.649     238.852             118             118
  206         118.769    -978.910         118.769    -978.910             206             206
  108       -1992.546     -22.168       -1992.546     -22.168             108             108
  146         354.247    -823.681         354.247    -823.681             146             146
  152         152.475     742.264         152.475     742.264             152             152
  161         877.042   -3061.931         877.042   -3061.931             161             161
   50        1154.869    1434.039        1154.869    1434.039              50              50
   24        -264.925    -882.900        -264.925    -882.900              24              24
  223        -140.100   -1275.711        -140.100   -1275.711             223             223
  100         112.966    -541.895         112.966    -541.895             100             100
  237         836.438     524.363         836.438     524.363             237             237
  128        1740.121   -1354.474        1740.121   -1354.474             128             128
   81        -632.604     146.713        -632.604     146.713              81              81
   11       -1363.536    -569.437       -1363.536    -569.437              11              11
  216       -2785.969     919.302       -2785.969     919.302             216             216
  231        -972.002     626.400        -972.002     626.400             231             231
   75       -1070.336    2538.847       -1070.336    2538.847              75              75
   37       -1229.633    -310.961       -1229.633    -310.961              37              37
  143        -271.667   -2086.270        -271.667   -2086.270             143             143
  140         601.687     101.994         601.687     101.994             140             140
  199         591.355     747.521         591.355     747.521             199             199
  224        -833.338    -591.942        -833.338    -591.942             224             224
   52         270.144    1019.315         270.144    1019.315              52              52
   65         798.502    -559.953         798.502    -559.953              65              65
  152         222.084   -2201.363         222.084   -2201.363             152             152
   46        1415.325   -1136.430        1415.325   -1136.430              46              46
  108       -1618.851    1243.125       -1618.851    1243.125             108             108
  217          69.414    1802.685          69.414    1802.685             217             217
   12        1642.056     148.226        1642.056     148.226              12              12
   73        -938.686    1067.013        -938.686    1067.013              73              73
   67       -1161.675   -2872.896       -1161.675   -2872.896              67              67
  131        1255.685    1639.127        1255.685    1639.127             131             131
   23        1369.801     612.130        1369.801     612.130              23              23
  175        1707.731     289.547        1707.731     289.547             175             175
   21        -655.471    1674.913        -655.471    1674.913              21              21
  175       -3137.337    -953.120       -3137.337    -953.120             175             175
   80           3.516     859.585           3.516     859.585              80              80
   72           5.749    -961.010           5.749    -961.010              72              72
  200        -100.577   -1163.874        -100.577   -1163.874             200             200
   47       -1705.203    1524.755       -1705.203    1524.755              47              47
  172         239.211    1445.422         239.211    1445.422             172             172
  181       -1471.040    -166.918       -1471.040    -166.918             181             181
  176        1579.153     281.318        1579.153     281.318             176             176
  253        1199.064    -905.866        1199.064    -905.866             253             253
  193       -2286.627    -646.654       -2286.627    -646.654             193             193
  136        -517.738     211.088        -517.738     211.088             136             136
  228         637.536   -1496.844         637.536   -1496.844             228             228
   13          19.056     332.643          19.056     332.643              13              13
  173        1799.186    -379.906        1799.186    -379.906             173             173
  116       -1418.390    1289.473       -1418.390    1289.473             116             116
  153        2758.546    1620.755        2758.546    1620.755             153             153
  116        -421.614      83.022        -421.614      83.022             116             116
   84        -185.692    2655.377        -185.692    2655.377              84              84
  206         777.789     658.757         777.789     658.757             206             206
  182       -2119.948     560.635       -2119.948     560.635             182             182
  237       -1703.824   -1026.648       -1703.824   -1026.648             237             237
  252        -438.606    -437.969        -438.606    -437.969             252             252
   35        -555.230     576.344        -555.230     576.344              35              35
  198       -1122.695     506.702       -1122.695     506.702             198             198
    9       -1284.661     -83.946       -1284.661     -83.946               9               9
  108       -1392.368     645.493       -1392.368     645.493             108             108
    9       -1904.447   -2235.551       -1904.447   -2235.551               9               9
  141          33.058    1284.556          33.058    1284.556             141             141
  132        -670.567    -850.667        -670.567    -850.667             132             132
  185       -2728.919    -436.723       -2728.919    -436.723             185             185
  163         848.666     815.148         848.666     815.148             163             163
   52         -74.815    1115.252         -74.815    1115.252              52              52
   10           4.750     752.286           4.750     752.286              10              10
  235        -319.174    1465.348        -319.174    1465.348             235             235
  252       -1158.521   -1028.054       -1158.521   -1028.054             252             252
   57        -205.394     211.130        -205.394     211.130              57              57
  151        -844.256     869.139        -844.256     869.139             151             151
  177         187.478     109.941         187.478     109.941             177             177
  233       -1321.126     565.826       -1321.126     565.826             233             233
  149         895.484   -1156.416         895.484   -1156.416             149             149
  115        2011.320     685.166        2011.320     685.166             115             115
  114        -808.049      74.067        -808.049      74.067             114             114
  122         149.093    -449.308         149.093    -449.308             122             122
  128        1011.937    -284.354        1011.937    -284.354             128             128
   31        1087.841    -421.452        1087.841    -421.452              31              31
  239        2187.649    -759.538        2187.649    -759.538             239             239
   25         890.381    -115.090         890.381    -115.090              25              25
  148        -114.495    -823.119        -114.495    -823.119             148             148
   67       -1104.521   -1637.035       -1104.521   -1637.035              67              67
  232         899.980   -1666.341         899.980   -1666.341             232             232
   75       -1042.426    1994.573       -1042.426    1994.573              75              75
   49        -892.354    -595.921        -892.354    -595.921              49              49
  228        1005.498    2240.623        1005.498    2240.623             228             228
  111        -386.798     826.407        -386.798     826.407             111             111
  247         163.502     -93.962         163.502     -93.962             247             247
  238        2377.789   -1888.467        2377.789   -1888.467             238             238
  220       -1002.552    1192.982       -1002.552    1192.982             220             220
    1       -1516.847    -529.548       -1516.847    -529.548               1               1
  123        -649.181    1768.437        -649.181    1768.437             123             123
   96        -227.054     885.467        -227.054     885.467              96              96
  187       -2102.215    1496.983       -2102.215    1496.983             187             187
   31        2075.596    1952.541        2075.596    1952.541              31              31
  148         992.736   -1618.850         992.736   -1618.850             148             148
  197        -484.153     370.830        -484.153     370.830             197             197
   10        -752.324    2054.733        -752.324    2054.733              10              10
  144         144.745     878.670         144.745     878.670             144             144
  255        -749.161   -1203.238        -749.161   -1203.238             255             255
  162       -3205.358   -1270.367       -3205.358   -1270.367             162             162
   66         704.584    2033.635         704.584    2033.635              66              66
  233        -857.888     978.253        -857.888     978.253             233             233
   55        -283.491     121.269        -283.491     121.269              55              55
  182         578.207    -175.700         578.207    -175.700             182             182
   91         -93.175   -1395.250         -93.175   -1395.250              91              91
  178       -1335.613     589.799       -1335.613     589.799             178             178
   54       -1433.531    1167.239       -1433.531    1167.239              54              54
  123        1041.990    1128.084        1041.990    1128.084             123             123
  161         111.776    1229.046         111.776    1229.046             161             161
   80        1407.000     779.306        1407.000     779.306              80              80
   15        -385.922   -1663.164        -385.922   -1663.164              15              15
  228         924.006    1139.090         924.006    1139.090             228             228
   56        2979.278   -1154.295        2979.278   -1154.295              56              56
   91        -193.413   -1118.842        -193.413   -1118.842              91              91
   22         105.270    1110.925         105.270    1110.925              22              22
   29         521.334    -399.232         521.334    -399.232              29              29
  202       -1290.840   -1361.785       -1290.840   -1361.785             202             202
   13         288.834    1157.098         288.834    1157.098              13              13
   12        -286.314    1386.111        -286.314    1386.111              12              12
  166        -882.446     703.249        -882.446     703.249             166             166
   15        -965.544    -948.461        -965.544    -948.461              15              15
  136         260.088   -1221.459         260.088   -1221.459             136             136
    7       -1298.387     583.570       -1298.387     583.570               7               7
  203        1649.879   -1027.710        1649.879   -1027.710             203             203
  167       -3291.220    -577.661       -3291.220    -577.661             167             167
  156        -261.503      76.654        -261.503      76.654             156             156
  144        -673.925    1782.095        -673.925    1782.095             144             144
  177         973.107    1686.304         973.107    1686.304             177             177
   45         615.936    -824.140         615.936    -824.140              45              45
  144        1469.798    -968.595        1469.798    -968.595             144             144
   83         304.446     494.383         304.446     494.383              83              83
  111        -322.100    -260.680        -322.100    -260.680             111             111
  121        -321.017   -2011.661        -321.017   -2011.661             121             121
  139       -1127.475   -1381.052       -1127.475   -1381.052             139             139
   37        1312.099    -519.934        1312.099    -519.934              37              37
  213       -1400.511    -215.713       -1400.511    -215.713             213             213
   61          88.635    -925.943          88.635    -925.943              61              61
   92       -1232.311     192.715       -1232.311     192.715              92              92
   80         185.085     862.645         185.085     862.645              80              80
  222         519.699   -1931.131         519.699   -1931.131             222             222
  173       -1745.499   -1311.745       -1745.499   -1311.745             173             173
   96        2476.087   -1574.405        2476.087   -1574.405              96              96
  195         959.585    -213.822         959.585    -213.822             195             195
  229         467.275    -228.180         467.275    -228.180             229             229
  187         486.400   -1580.748         486.400   -1580.748             187             187
  217         652.541   -1118.759         652.541   -1118.759             217             217
    3        1040.872    -883.241        1040.872    -883.241               3               3
  134         199.673    2392.194         199.673    2392.194             134             134
  231         277.802      81.995         277.802      81.995             231             231
   15        -886.131     104.125        -886.131     104.125              15              15
   45        -657.909     405.965        -657.909     405.965              45              45
  247         336.043    -368.964         336.043    -368.964             247             247
  151        1457.162   -1178.608        1457.162   -1178.608             151             151
   53         125.551    -758.475         125.551    -758.475              53              53
  194        -272.748    -431.039        -272.748    -431.039             194             194
   62         440.219   -2652.049         440.219   -2652.049              62              62
  209        -232.704      56.624        -232.704      56.624             209             209
   83       -1804.402    -159.052       -1804.402    -159.052              83              83
  240       -1904.624     260.594       -1904.624     260.594             240             240
  254         716.566    -362.884         716.566    -362.884             254             254
  227        -553.546   -1041.915        -553.546   -1041.915             227             227
   68         298.969     677.675         298.969     677.675              68              68
  110        -985.037   -1976.057        -985.037   -1976.057             110             110
   93          73.043     470.372          73.043     470.372              93              93
  208       -1038.496    1733.958       -1038.496    1733.958             208             208
  148       -1294.088    1442.920       -1294.088    1442.920             148             148
   50        -826.118    -142.230        -826.118    -142.230              50              50
   13         896.449     669.914         896.449     669.914              13              13
  240        -680.694   -1549.488        -680.694   -1549.488             240             240
  131          10.665   -1158.437          10.665   -1158.437             131             131
  236         -91.798     745.297         -91.798     745.297             236             236
  157        3289.151    2385.318        3289.151    2385.318             157             157
  227        2222.574   -1302.228        2222.574   -1302.228             227             227
  176        -351.081     -84.577        -351.081     -84.577             176             176
  131        1052.447   -1026.032        1052.447   -1026.032             131             131
