SINAL     NFT                         FFT                         NFT INVERSA     FFT INVERSA
-----     -----------------------     -----------------------     -----------     -----------
   87       67282.000       0.000       67282.000       0.000              87              87
  154         835.861   -1564.330         835.861   -1564.330             154             154
  219        -573.809      26.780        -573.809      26.780             219             219
  143          65.550      86.549          65.550      86.549             143             143
  129        3045.123    2640.752        3045.123    2640.752             129             129
  101        -367.581    1738.322        -367.581    1738.322             101             101
  161       -1725.515   -1407.054       -1725.515   -1407.054             161             161
  239        1409.949    -271.351        1409.949    -271.351             239             239
  166         537.118     953.543         537.118     953.543             166             166
  116         175.082    -126.915         175.082    -126.915             116             116
  175        2022.546    1448.995        2022.546    1448.995             175             175
  159        -237.580   -1257.218        -237.580   -1257.218             159             159
  230         534.698    -848.339         534.698    -848.339             230             230
   66        2721.479     441.190        2721.479     441.190              66              66
   91         954.814    -661.461         954.814    -661.461              91              91
   33         974.278   -2566.306         974.278   -2566.306              33              33
  141        -156.481    1399.849        -156.481    1399.849             141             141
   50        -218.702    1397.563        -218.702    1397.563              50              50
  102         840.336     659.281         840.336     659.281             102             102
  232        -108.905     174.736        -108.905     174.736             232             232
  235        -426.147   -1048.450        -426.147   -1048.450             235             235
   21       -2138.078     132.288       -2138.078     132.288              21              21
   25          61.950    -105.103          61.950    -105.103              25              25
   99        1177.980     859.475        1177.980     859.475              99              99
    2        -190.670   -2067.970        -190.670   -2067.970               2               2
   64       -1259.484    -490.969       -1259.484    -490.969              64              64
  185         295.134     274.595         295.134     274.595             185             185
   38        -407.275    1245.520        -407.275    1245.520              38              38
  228        -564.106       6.057        -564.106       6.057             228             228
   92        1026.112     170.043        1026.112     170.043              92              92
   80          80.034    -934.830          80.034    -934.830              80              80
   60          -5.364     561.639          -5.364     561.639              60              60
  247         195.951    -888.419         195.951    -888.419             247             247
   43        1168.460    1847.201        1168.460    1847.201              43              43
  203        -241.060   -1061.450        -241.060   -1061.450             203             203
  120        1247.681     936.036        1247.681     936.036             120             120
  145       -1087.480    2713.583       -1087.480    2713.583             145             145
  109       -1864.318   -1693.900       -1864.318   -1693.900             109             109
  104       -1389.834   -1509.255       -1389.834   -1509.255             104             104
   56         568.064    -844.950         568.064    -844.950              56              56
  225         370.509    -319.836         370.509    -319.836             225             225
   23         283.678     241.267         283.678     241.267              23              23
  215         569.657    1031.156         569.657    1031.156             215             215
  200        -307.098    1412.818        -307.098    1412.818             200             200
   90        1073.004    1109.802        1073.004    1109.802              90              90
   51         960.853     138.572         960.853     138.572              51              51
  233       -2026.247     283.919       -2026.247     283.919             233             233
  232        1285.180    1425.792        1285.180    1425.792             232             232
  102        -381.930     979.941        -381.930     979.941             102             102
   80         333.613    1963.433         333.613    1963.433              80              80
  208       -1135.125     142.514       -1135.125     142.514             208             208
   81         758.468    1311.783         758.468    1311.783              81              81
  101        1103.122   -1095.817        1103.122   -1095.817             101             101
  234        1642.349    -786.602        1642.349    -786.602             234             234
  181       -1683.215    1195.274       -1683.215    1195.274             181             181
  103        -483.582    -240.147        -483.582    -240.147             103             103
   42         515.126    2689.265         515.126    2689.265              42              42
  110         488.588    -154.262         488.588    -154.262             110             110
  142        1163.414    -902.672        1163.414    -902.672             142             142
   15        -550.827    1740.796        -550.827    1740.796              15              15
  203         936.074   -2726.685         936.074   -2726.685             203             203
  222       -1315.506    -319.669       -1315.506    -319.669             222             222
   75       -1423.127     838.281       -1423.127     838.281              75              75
  195       -1921.873    -380.228       -1921.873    -380.228             195             195
   10       -2495.419   -1693.319       -2495.419   -1693.319              10              10
   23        1224.773   -1932.458        1224.773   -1932.458              23              23
   60        -402.739    1003.770        -402.739    1003.770              60              60
  155       -1173.117    -259.755       -1173.117    -259.755             155             155
  133        -128.602     913.622        -128.602     913.622             133             133
  164         -88.249    -791.776         -88.249    -791.776             164             164
  212       -1160.722   -1285.878       -1160.722   -1285.878             212             212
  102       -2235.364    1468.593       -2235.364    1468.593             102             102
  188       -1885.074     737.040       -1885.074     737.040             188             188
  171        -574.360   -1097.856        -574.360   -1097.856             171             171
   46        2183.241     912.804        2183.241     912.804              46              46
   23        1377.347     484.974        1377.347     484.974              23              23
  223         -63.334   -1723.504         -63.334   -1723.504             223             223
   24         516.727    -775.298         516.727    -775.298              24              24
  255         678.452     367.743         678.452     367.743             255             255
   69         293.776    -527.058         293.776    -527.058              69              69
  105        1264.077   -1387.375        1264.077   -1387.375             105             105
  207          42.758    -449.407          42.758    -449.407             207             207
  151       -1209.779     716.862       -1209.779     716.862             151             151
  206        1212.281   -1298.947        1212.281   -1298.947             206             206
  186         751.686   -1050.493         751.686   -1050.493             186             186
   76        1945.781    1845.972        1945.781    1845.972              76              76
   54         957.369    -808.820         957.369    -808.820              54              54
  228       -1185.213    1540.290       -1185.213    1540.290             228             228
  187        1682.847    -129.718        1682.847    -129.718             187             187
  196       -2303.405   -1219.178       -2303.405   -1219.178             196             196
  244          14.745     -22.983          14.745     -22.983             244             244
  135       -1608.820     -75.686       -1608.820     -75.686             135             135
  163         912.341    1132.436         912.341    1132.436             163             163
   64       -1727.356   -2604.878       -1727.356   -2604.878              64              64
   74        1917.550     261.166        1917.550     261.166              74              74
  173         426.637    -985.276         426.637    -985.276             173             173
   87       -1877.674    2715.081       -1877.674    2715.081              87              87
  134         430.767     365.520         430.767     365.520             134             134
   73        -717.907    -545.886        -717.907    -545.886              73              73
  221        -817.807      28.974        -817.807      28.974             221             221
   43        2279.507   -1790.533        2279.507   -1790.533              43              43
   29        -892.481   -1751.295        -892.481   -1751.295              29              29
   67        -528.085    1835.798        -528.085    1835.798              67              67
  231         -46.962    1159.383         -46.962    1159.383             231             231
  201       -1546.687    -276.413       -1546.687    -276.413             201             201
  114       -1416.217     572.605       -1416.217     572.605             114             114
  254         417.941     580.315         417.941     580.315             254             254
  169        -907.891   -1071.098        -907.891   -1071.098             169             169
  139          94.883    -358.399          94.883    -358.399             139             139
  254       -1196.695    -551.869       -1196.695    -551.869             254             254
  239         575.042   -1645.548         575.042   -1645.548             239             239
  244         493.365     601.897         493.365     601.897             244             244
  205        -649.764     -59.564        -649.764     -59.564             205             205
  134         456.195    1675.469         456.195    1675.469             134             134
  195       -3008.284   -1189.228       -3008.284   -1189.228             195             195
  136        -748.638    -933.408        -748.638    -933.408             136             136
  211        -469.346    -149.156        -469.346    -149.156             211             211
  249       -1617.168   -1173.963       -1617.168   -1173.963             249             249
  109        -506.775    -258.620        -506.775    -258.620             109             109
  143         100.004     179.973         100.004     179.973             143             143
  190        1531.614    1573.985        1531.614    1573.985             190             190
   97       -2330.165    -484.222       -2330.165    -484.222              97              97
   22       -1408.122     468.502       -1408.122     468.502              22              22
   97        -102.121     886.347        -102.121     886.347              97              97
  161        2260.001    -454.328        2260.001    -454.328             161             161
   97        -818.917     455.955        -818.917     455.955              97              97
   15       -1045.002     698.541       -1045.002     698.541              15              15
  249        -353.646    1141.655        -353.646    1141.655             249             249
  231        -214.011     593.906        -214.011     593.906             231             231
   88       -1301.028    -981.319       -1301.028    -981.319              88              88
  214        2146.511    -170.239        2146.511    -170.239             214             214
   19        1248.331    -302.826        1248.331    -302.826              19              19
  118        1020.528    1072.612        1020.528    1072.612             118             118
   26          64.568    1999.534          64.568    1999.534              26              26
  250         494.840    -920.552         494.840    -920.552             250             250
   64         808.976   -1684.609         808.976   -1684.609              64              64
  141        -213.952    -249.597        -213.952    -249.597             141             141
  249       -1278.479     -62.082       -1278.479     -62.082             249             249
  233       -1969.906   -1823.305       -1969.906   -1823.305             233             233
   25        -403.390    1776.190        -403.390    1776.190              25              25
  247          11.366    -258.220          11.366    -258.220             247             247
  217         469.251     -78.037         469.251     -78.037             217             217
   13         247.030    -958.707         247.030    -958.707              13              13
  197        1452.326     361.382        1452.326     361.382             197             197
   95        -506.152    1253.925        -506.152    1253.925              95              95
  209        1475.405    -715.226        1475.405    -715.226             209             209
   77        -158.424   -1904.952        -158.424   -1904.952              77              77
   51        -680.060   -1048.990        -680.060   -1048.990              51              51
  202       -1882.647    1038.594       -1882.647    1038.594             202             202
  186        -304.556    1309.153        -304.556    1309.153             186             186
  195        -369.837   -1882.146        -369.837   -1882.146             195             195
  136       -1499.904    1017.625       -1499.904    1017.625             136             136
   28         419.872    2320.841         419.872    2320.841              28              28
  217         893.792    2144.768         893.792    2144.768             217             217
  234        1102.376   -1080.497        1102.376   -1080.497             234             234
  189       -1721.072    -235.395       -1721.072    -235.395             189             189
   59         723.781    -607.984         723.781    -607.984              59              59
  249        1315.578    -494.443        1315.578    -494.443             249             249
  183        -732.620    -253.250        -732.620    -253.250             183             183
   34        -544.885     682.726        -544.885     682.726              34              34
   81        1238.146    1307.223        1238.146    1307.223              81              81
  142        -828.378    -874.432        -828.378    -874.432             142             142
   53         681.093      58.864         681.093      58.864              53              53
  200        -214.858    -876.542        -214.858    -876.542             200             200
  168        1991.979   -1535.643        1991.979   -1535.643             168             168
   48        1391.692    -534.089        1391.692    -534.089              48              48
    8         321.361    1077.089         321.361    1077.089               8               8
   54       -1436.921    -177.979       -1436.921    -177.979              54              54
   42       -1142.549    2711.783       -1142.549    2711.783              42              42
  242       -1954.506    -232.552       -1954.506    -232.552             242             242
   79       -1389.867   -1688.145       -1389.867   -1688.145              79              79
   34       -1739.389   -1523.642       -1739.389   -1523.642              34              34
  203        -849.642   -1205.144        -849.642   -1205.144             203             203
   93       -1411.388   -1350.492       -1411.388   -1350.492              93              93
  232        -703.526     110.390        -703.526     110.390             232             232
   43         206.588    1575.110         206.588    1575.110              43              43
   46        1864.264     967.701        1864.264     967.701              46              46
   54        -351.584    -971.162        -351.584    -971.162              54              54
   95        1811.147     327.642        1811.147     327.642              95              95
  248        1680.709   -1993.147        1680.709   -1993.147             248             248
  241         543.023     415.250         543.023     415.250             241             241
   34       -1072.022    -780.374       -1072.022    -780.374              34              34
  129        1941.679     877.023        1941.679     877.023             129             129
   13        1580.411    -750.600        1580.411    -750.600              13              13
  252        1325.081     -55.055        1325.081     -55.055             252             252
  107         -88.334     740.872         -88.334     740.872             107             107
  203        -960.629    -409.389        -960.629    -409.389             203             203
   55        -937.184     863.768        -937.184     863.768              55              55
  100        -329.277    1498.910        -329.277    1498.910             100             100
  131         279.244    -283.529         279.244    -283.529             131             131
   90       -1177.519    1283.482       -1177.519    1283.482              90              90
  182        -515.994    -254.315        -515.994    -254.315             182             182
   17       -2314.430     -15.437       -2314.430     -15.437              17              17
  143        -242.088    2655.471        -242.088    2655.471             143             143
  126         994.675   -3581.024         994.675   -3581.024             126             126
  186        1205.763    1135.633        1205.763    1135.633             186             186
  192        1206.148     247.151        1206.148     247.151             192             192
  135        -413.036    2042.261        -413.036    2042.261             135             135
  240        1140.513   -4192.755        1140.513   -4192.755             240             240
  234       -1230.640    1894.933       -1230.640    1894.933             234             234
  121       -1971.328    2812.931       -1971.328    2812.931             121             121
   64        -673.014   -1700.442        -673.014   -1700.442              64              64
   13        2095.159    1223.636        2095.159    1223.636              13              13
   68         622.343    1395.310         622.343    1395.310              68              68
  157          67.959     846.523          67.959     846.523             157             157
  245          21.629     757.787          21.629     757.787             245             245
  112         107.223    -951.165         107.223    -951.165             112             112
  203        -858.176     382.971        -858.176     382.971             203             203
   44        -224.165     216.769        -224.165     216.769              44              44
  207        -753.614     815.136        -753.614     815.136             207             207
  196       -1166.702    -238.886       -1166.702    -238.886             196             196
   29        1006.790     472.865        1006.790     472.865              29              29
  241        1251.738     617.091        1251.738     617.091             241             241
   70       -1908.366    -751.749       -1908.366    -751.749              70              70
   43        -213.971    2262.476        -213.971    2262.476              43              43
  238         360.763    -282.701         360.763    -282.701             238             238
  177       -1794.476    1587.579       -1794.476    1587.579             177             177
  246        1096.366    1060.016        1096.366    1060.016             246             246
   37        -179.333    -206.501        -179.333    -206.501              37              37
   22       -3139.482     339.286       -3139.482     339.286              22              22
  122        -613.736   -1019.976        -613.736   -1019.976             122             122
  127         470.156    -404.385         470.156    -404.385             127             127
  204        1591.334   -1078.884        1591.334   -1078.884             204             204
  139        1191.679   -1644.785        1191.679   -1644.785             139             139
   15       -1516.677    -716.646       -1516.677    -716.646              15              15
   75        1257.557   -1055.361        1257.557   -1055.361              75              75
   69         366.362     339.028         366.362     339.028              69              69
  207        -963.873     718.836        -963.873     718.836             207             207
  210        1540.311     780.893        1540.311     780.893             210             210
   54       -1035.974     910.245       -1035.974     910.245              54              54
  186       -1234.248   -2698.086       -1234.248   -2698.086             186             186
   76       -1409.622   -1240.984       -1409.622   -1240.984              76              76
  118        -400.354    -631.453        -400.354    -631.453             118             118
  199        1217.354     826.971        1217.354     826.971             199             199
  144       -1655.299    -479.687       -1655.299    -479.687             144             144
   20        -169.887    -636.129        -169.887    -636.129              20              20
  189         571.434    2465.956         571.434    2465.956             189             189
    1         -10.658   -1265.891         -10.658   -1265.891               1               1
  224       -1549.202      61.154       -1549.202      61.154             224             224
  233        -213.793   -1945.188        -213.793   -1945.188             233             233
  208        -210.208    1187.301        -210.208    1187.301             208             208
  164         589.207     293.274         589.207     293.274             164             164
    7         785.739    -190.829         785.739    -190.829               7               7
  194         633.267    -881.948         633.267    -881.948             194             194
  234         552.704     674.313         552.704     674.313             234             234
   50         965.023   -2701.394         965.023   -2701.394              50              50
  176       -2007.551    -150.886       -2007.551    -150.886             176             176
  156       -1286.285    1214.502       -1286.285    1214.502             156             156
   40         761.867   -1683.943         761.867   -1683.943              40              40
  213        -460.222      46.566        -460.222      46.566             213             213
  178         568.452      94.406         568.452      94.406             178             178
  162         176.395    1667.807         176.395    1667.807             162             162
   84         262.033    1369.455         262.033    1369.455              84              84
  127        -205.493    1360.463        -205.493    1360.463             127             127
   46         959.984    -691.841         959.984    -691.841              46              46
  100        2543.201    1197.210        2543.201    1197.210             100             100
  202        1166.000       0.007        1166.000       0.007             202             202
  116        2543.408   -1196.537        2543.408   -1196.537             116             116
   51         959.296     691.959         959.296     691.959              51              51
  157        -205.374   -1360.807        -205.374   -1360.807             157             157
  170         262.285   -1369.406         262.285   -1369.406             170             170
  238         176.764   -1667.516         176.764   -1667.516             238             238
  233         568.232     -93.860         568.232     -93.860             233             233
   33        -460.426     -46.387        -460.426     -46.387              33              33
  182         761.012    1684.267         761.012    1684.267             182             182
  122       -1286.195   -1214.885       -1286.195   -1214.885             122             122
   54       -2007.450     150.588       -2007.450     150.588              54              54
  115         964.380    2701.722         964.380    2701.722             115             115
  123         552.957    -674.297         552.957    -674.297             123             123
   22         632.928     882.113         632.928     882.113              22              22
   93         785.525     190.921         785.525     190.921              93              93
   75         589.019    -293.207         589.019    -293.207              75              75
  186        -210.121   -1187.206        -210.121   -1187.206             186             186
  100        -214.741    1945.206        -214.741    1945.206             100             100
   13       -1549.281     -61.808       -1549.281     -61.808              13              13
  165         -11.005    1265.598         -11.005    1265.598             165             165
  150         572.159   -2465.855         572.159   -2465.855             150             150
  190        -170.351     636.285        -170.351     636.285             190             190
   65       -1655.457     479.114       -1655.457     479.114              65              65
  191        1217.616    -826.466        1217.616    -826.466             191             191
  147        -400.856     631.565        -400.856     631.565             147             147
  244       -1410.173    1240.644       -1410.173    1240.644             244             244
   98       -1235.052    2697.347       -1235.052    2697.347              98              98
  232       -1035.337    -911.080       -1035.337    -911.080             232             232
  116        1540.720    -780.542        1540.720    -780.542             116             116
  144        -963.603    -719.132        -963.603    -719.132             144             144
   76         366.664    -338.705         366.664    -338.705              76              76
   63        1257.119    1055.941        1257.119    1055.941              63              63
    5       -1516.892     716.188       -1516.892     716.188               5               5
  128        1191.320    1645.091        1191.320    1645.091             128             128
  220        1590.789    1079.110        1590.789    1079.110             220             220
  176         469.570     404.219         469.570     404.219             176             176
  110        -614.588    1019.354        -614.588    1019.354             110             110
  198       -3139.430    -340.795       -3139.430    -340.795             198             198
  209        -179.094     205.986        -179.094     205.986             209             209
   37        1096.669   -1060.097        1096.669   -1060.097              37              37
   64       -1793.981   -1588.345       -1793.981   -1588.345              64              64
    7         360.779     282.634         360.779     282.634               7               7
  153        -213.292   -2262.596        -213.292   -2262.596             153             153
  187       -1908.414     751.159       -1908.414     751.159             187             187
   29        1252.219    -616.800        1252.219    -616.800              29              29
  246        1006.789    -472.555        1006.789    -472.555             246             246
    7       -1166.949     238.396       -1166.949     238.396               7               7
  216        -753.273    -815.493        -753.273    -815.493             216             216
   91        -224.007    -216.869        -224.007    -216.869              91              91
   21        -857.891    -383.252        -857.891    -383.252              21              21
  125         107.120     951.039         107.120     951.039             125             125
  242          22.045    -758.079          22.045    -758.079             242             242
  211          68.429    -846.691          68.429    -846.691             211             211
  191         622.994   -1395.148         622.994   -1395.148             191             191
  177        2095.384   -1222.722        2095.384   -1222.722             177             177
  103        -674.005    1700.124        -674.005    1700.124             103             103
  180       -1970.449   -2813.714       -1970.449   -2813.714             180             180
   20       -1229.657   -1894.735       -1229.657   -1894.735              20              20
   79        1139.378    4193.242        1139.378    4193.242              79              79
   40        -412.176   -2042.692        -412.176   -2042.692              40              40
  165        1206.410    -246.658        1206.410    -246.658             165             165
  156        1206.067   -1134.923        1206.067   -1134.923             156             156
  103         993.158    3581.219         993.158    3581.219             103             103
  170        -241.661   -2655.876        -241.661   -2655.876             170             170
   28       -2314.591      14.764       -2314.591      14.764              28              28
   68        -515.977     254.041        -515.977     254.041              68              68
   90       -1176.913   -1283.910       -1176.913   -1283.910              90              90
  139         279.331     283.603         279.331     283.603             139             139
   10        -328.724   -1499.023        -328.724   -1499.023              10              10
   44        -936.752    -863.829        -936.752    -863.829              44              44
  177        -960.407     409.249        -960.407     409.249             177             177
   74         -87.563    -740.747         -87.563    -740.747              74              74
   52        1325.496      55.751        1325.496      55.751              52              52
   74        1580.348     751.218        1580.348     751.218              74              74
    6        1941.811    -876.238        1941.811    -876.238               6               6
   82       -1072.371     780.200       -1072.371     780.200              82              82
   65         543.383    -414.861         543.383    -414.861              65              65
   13        1680.110    1993.765        1680.110    1993.765              13              13
   42        1810.985    -327.144        1810.985    -327.144              42              42
  156        -352.155     970.903        -352.155     970.903             156             156
   35        1864.283    -967.267        1864.283    -967.267              35              35
  168         206.534   -1574.861         206.534   -1574.861             168             168
  142        -704.017    -110.185        -704.017    -110.185             142             142
  246       -1412.184    1350.338       -1412.184    1350.338             246             246
  104        -850.295    1204.970        -850.295    1204.970             104             104
   64       -1740.058    1523.008       -1740.058    1523.008              64              64
   93       -1390.445    1687.331       -1390.445    1687.331              93              93
   28       -1954.422     231.311       -1954.422     231.311              28              28
   85       -1141.312   -2712.353       -1141.312   -2712.353              85              85
  173       -1436.466     177.614       -1436.466     177.614             173             173
   69         322.346   -1076.820         322.346   -1076.820              69              69
  250        1391.933     534.850        1391.933     534.850             250             250
   74        1991.483    1536.364        1991.483    1536.364              74              74
  173        -215.247     876.272        -215.247     876.272             173             173
  165         681.053     -58.821         681.053     -58.821             165             165
  102        -828.637     873.878        -828.637     873.878             102             102
  241        1238.589   -1307.042        1238.589   -1307.042             241             241
  255        -544.767    -682.845        -544.767    -682.845             255             255
  242        -732.548     253.101        -732.548     253.101             242             242
  251        1315.515     494.880        1315.515     494.880             251             251
   44         723.353     608.105         723.353     608.105              44              44
  163       -1721.146     234.632       -1721.146     234.632             163             163
   70        1102.175    1080.422        1102.175    1080.422              70              70
   96         894.371   -2144.901         894.371   -2144.901              96              96
  237         420.311   -2320.616         420.311   -2320.616             237             237
   76       -1499.770   -1017.696       -1499.770   -1017.696              76              76
  178        -370.481    1882.146        -370.481    1882.146             178             178
   47        -304.227   -1309.316        -304.227   -1309.316              47              47
   90       -1882.236   -1038.888       -1882.236   -1038.888              90              90
  221        -680.084    1049.142        -680.084    1049.142             221             221
  203        -158.676    1904.905        -158.676    1904.905             203             203
  125        1475.333     715.409        1475.333     715.409             125             125
  134        -505.631   -1254.246        -505.631   -1254.246             134             134
   90        1452.516    -360.752        1452.516    -360.752              90              90
  116         246.592     958.834         246.592     958.834             116             116
  239         469.077      78.102         469.077      78.102             239             239
  155          11.052     258.081          11.052     258.081             155             155
  210        -403.062   -1776.185        -403.062   -1776.185             210             210
   12       -1970.571    1822.820       -1970.571    1822.820              12              12
  241       -1278.208      61.578       -1278.208      61.578             241             241
  127        -213.630     249.570        -213.630     249.570             127             127
   81         808.695    1684.747         808.695    1684.747              81              81
  235         494.659     920.207         494.659     920.207             235             235
  201          65.405   -1999.861          65.405   -1999.861             201             201
  255        1021.049   -1072.189        1021.049   -1072.189             255             255
  145        1248.240     303.346        1248.240     303.346             145             145
   48        2146.073     170.963        2146.073     170.963              48              48
  240       -1301.774     980.697       -1301.774     980.697             240             240
  145        -213.966    -594.281        -213.966    -594.281             145             145
   35        -353.436   -1141.886        -353.436   -1141.886              35              35
  235       -1044.820    -698.848       -1044.820    -698.848             235             235
  189        -818.542    -456.121        -818.542    -456.121             189             189
  199        2259.807     455.079        2259.807     455.079             199             199
   49        -102.273    -886.412        -102.273    -886.412              49              49
   30       -1408.268    -468.850       -1408.268    -468.850              30              30
  181       -2330.150     483.439       -2330.150     483.439             181             181
  126        1532.307   -1573.393        1532.307   -1573.393             126             126
  208          99.839    -179.623          99.839    -179.623             208             208
  228        -507.130     258.749        -507.130     258.749             228             228
  216       -1617.662    1173.557       -1617.662    1173.557             216             216
  174        -469.397     149.047        -469.397     149.047             174             174
  176        -749.077     933.184        -749.077     933.184             176             176
   85       -3008.456    1187.963       -3008.456    1187.963              85              85
   53         457.155   -1675.452         457.155   -1675.452              53              53
   10        -649.534      59.471        -649.534      59.471              10              10
  201         493.786    -601.505         493.786    -601.505             201             201
   37         574.455    1645.886         574.455    1645.886              37              37
  166       -1196.876     551.373       -1196.876     551.373             166             166
  156          94.840     358.353          94.840     358.353             156             156
   49        -908.169    1070.574        -908.169    1070.574              49              49
  151         418.143    -580.444         418.143    -580.444             151             151
   27       -1416.061    -573.156       -1416.061    -573.156              27              27
  131       -1546.515     275.778       -1546.515     275.778             131             131
  131         -46.254   -1159.498         -46.254   -1159.498             131             131
  229        -527.223   -1835.621        -527.223   -1835.621             229             229
  130        -892.618    1751.394        -892.618    1751.394             130             130
   20        2279.096    1791.198        2279.096    1791.198              20              20
   22        -817.881     -29.471        -817.881     -29.471              22              22
  114        -717.925     545.420        -717.925     545.420             114             114
  165         430.977    -365.704         430.977    -365.704             165             165
   58       -1876.529   -2715.596       -1876.529   -2715.596              58              58
   94         426.774     985.741         426.774     985.741              94              94
   99        1917.660    -260.296        1917.660    -260.296              99              99
    1       -1728.222    2604.234       -1728.222    2604.234               1               1
  144         912.810   -1132.357         912.810   -1132.357             144             144
  129       -1608.769      75.184       -1608.769      75.184             129             129
  183          14.925      23.054          14.925      23.054             183             183
   14       -2303.369    1218.331       -2303.369    1218.331              14              14
   82        1683.266     129.994        1683.266     129.994              82              82
  155       -1184.327   -1540.726       -1184.327   -1540.726             155             155
  231         957.658     809.144         957.658     809.144             231             231
    1        1946.646   -1845.191        1946.646   -1845.191               1               1
   76         751.376    1051.055         751.376    1051.055              76              76
   61        1211.738    1299.309        1211.738    1299.309              61              61
   54       -1209.542    -717.289       -1209.542    -717.289              54              54
   87          42.903     449.589          42.903     449.589              87              87
    6        1263.775    1387.791        1263.775    1387.791               6               6
   91         293.644     526.973         293.644     526.973              91              91
  253         678.621    -367.568         678.621    -367.568             253             253
  163         516.447     775.510         516.447     775.510             163             163
  141         -63.843    1723.224         -63.843    1723.224             141             141
  149        1377.556    -484.892        1377.556    -484.892             149             149
  190        2183.138    -912.149        2183.138    -912.149             190             190
   16        -575.379    1097.533        -575.379    1097.533              16              16
   25       -1885.218    -737.923       -1885.218    -737.923              25              25
  164       -2234.874   -1469.226       -2234.874   -1469.226             164             164
  146       -1160.897    1285.638       -1160.897    1285.638             146             146
   45         -88.302     791.555         -88.302     791.555              45              45
  187        -128.250    -913.778        -128.250    -913.778             187             187
    5       -1173.101     259.368       -1173.101     259.368               5               5
  211        -402.166   -1003.716        -402.166   -1003.716             211             211
  246        1224.018    1933.059        1224.018    1933.059             246             246
  100       -2496.141    1692.250       -2496.141    1692.250             100             100
   54       -1921.729     379.189       -1921.729     379.189              54              54
  248       -1422.393    -838.942       -1422.393    -838.942             248             248
  244       -1314.958     319.273       -1314.958     319.273             244             244
  184         935.724    2726.608         935.724    2726.608             184             184
  175        -549.775   -1741.435        -549.775   -1741.435             175             175
    3        1163.543     902.804        1163.543     902.804               3               3
   10         488.765     153.867         488.765     153.867              10              10
   75         516.153   -2689.344         516.153   -2689.344              75              75
  234        -483.555     239.964        -483.555     239.964             234             234
   11       -1682.330   -1195.852       -1682.330   -1195.852              11              11
  151        1642.626     787.168        1642.626     787.168             151             151
   39        1102.936    1095.821        1102.936    1095.821              39              39
   66         758.892   -1311.921         758.892   -1311.921              66              66
  238       -1134.961    -143.215       -1134.961    -143.215             238             238
   46         334.531   -1963.559         334.531   -1963.559              46              46
  157        -381.323    -980.109        -381.323    -980.109             157             157
  236        1285.772   -1425.297        1285.772   -1425.297             236             236
  209       -2025.901    -284.484       -2025.901    -284.484             209             209
   43         961.387    -138.297         961.387    -138.297              43              43
  129        1073.557   -1109.507        1073.557   -1109.507             129             129
  144        -306.463   -1412.802        -306.463   -1412.802             144             144
   59         570.217   -1030.662         570.217   -1030.662              59              59
  154         283.899    -240.800         283.899    -240.800             154             154
   53         370.502     320.293         370.502     320.293              53              53
  206         567.708     845.373         567.708     845.373             206             206
  200       -1390.391    1508.793       -1390.391    1508.793             200             200
  241       -1864.570    1692.811       -1864.570    1692.811             241             241
  212       -1085.919   -2714.264       -1085.919   -2714.264             212             212
  156        1248.533    -935.400        1248.533    -935.400             156             156
  231        -241.006    1061.386        -241.006    1061.386             231             231
   56        1169.437   -1846.745        1169.437   -1846.745              56              56
  211         195.868     888.662         195.868     888.662             211             211
  223          -4.903    -561.550          -4.903    -561.550             223             223
   45          80.061     934.906          80.061     934.906              45              45
  139        1026.371    -169.781        1026.371    -169.781             139             139
  142        -563.958      -6.331        -563.958      -6.331             142             142
   48        -406.543   -1245.601        -406.543   -1245.601              48              48
  150         295.491    -274.224         295.491    -274.224             150             150
  217       -1259.285     490.825       -1259.285     490.825             217             217
   27        -190.771    2067.830        -190.771    2067.830              27              27
  161        1178.674    -859.268        1178.674    -859.268             161             161
  113          62.063     105.128          62.063     105.128             113             113
   67       -2137.606    -132.966       -2137.606    -132.966              67              67
  227        -425.741    1048.223        -425.741    1048.223             227             227
   95        -108.060    -175.010        -108.060    -175.010              95              95
  113         841.245    -659.168         841.245    -659.168             113             113
  129        -217.579   -1397.598        -217.579   -1397.598             129             129
   75        -155.157   -1399.447        -155.157   -1399.447              75              75
   67         974.325    2566.914         974.325    2566.914              67              67
  172         955.486     661.608         955.486     661.608             172             172
  205        2722.264    -440.326        2722.264    -440.326             205             205
  212         534.850     848.524         534.850     848.524             212             212
  232        -237.250    1256.834        -237.250    1256.834             232             232
  104        2023.776   -1448.566        2023.776   -1448.566             104             104
    9         175.709     126.901         175.709     126.901               9               9
  182         538.320    -953.380         538.320    -953.380             182             182
   48        1410.653     271.900        1410.653     271.900              48              48
  250       -1724.887    1406.190       -1724.887    1406.190             250             250
  138        -365.166   -1738.832        -365.166   -1738.832             138             138
  205        3047.873   -2639.573        3047.873   -2639.573             205             205
  226          67.681     -86.122          67.681     -86.122             226             226
  195        -570.233     -26.636        -570.233     -26.636             195             195
  161         842.540    1564.706         842.540    1564.706             161             161
