SINAL     NFT                         FFT                         NFT INVERSA     FFT INVERSA
-----     -----------------------     -----------------------     -----------     -----------
   68       63436.000       0.000       63436.000       0.000              68              68
   83        -458.470     949.945        -458.470     949.945              83              83
   27        2594.637    1121.578        2594.637    1121.578              27              27
  162         629.107   -1414.845         629.107   -1414.845             162             162
  221        1461.998     138.999        1461.998     138.999             221             221
  107       -1118.945     590.448       -1118.945     590.448             107             107
   67        -690.341     476.025        -690.341     476.025              67              67
   79        -861.167    1858.506        -861.167    1858.506              79              79
  187        -493.332    1313.651        -493.332    1313.651             187             187
  193         -71.786      20.515         -71.786      20.515             193             193
  222        -958.520     228.797        -958.520     228.797             222             222
  169       -1458.398    -403.237       -1458.398    -403.237             169             169
   70         161.816    1241.927         161.816    1241.927              70              70
  227        1908.076    -633.323        1908.076    -633.323             227             227
   33        -753.145    -296.616        -753.145    -296.616              33              33
   48         236.680   -1225.099         236.680   -1225.099              48              48
   45         317.103    -655.042         317.103    -655.042              45              45
   74         222.377    -620.936         222.377    -620.936              74              74
  118         641.514   -1242.957         641.514   -1242.957             118             118
   60         466.107      45.489         466.107      45.489              60              60
  242        -824.558     872.571        -824.558     872.571             242             242
   28         496.592     482.065         496.592     482.065              28              28
  202         271.673     788.821         271.673     788.821             202             202
   84        -175.177    -447.939        -175.177    -447.939              84              84
  114       -1765.446     981.254       -1765.446     981.254             114             114
  130         658.504    -774.625         658.504    -774.625             130             130
  132         304.338   -1124.952         304.338   -1124.952             132             132
  104       -2210.138    1700.661       -2210.138    1700.661             104             104
  153       -1738.340     -61.073       -1738.340     -61.073             153             153
  143       -2270.106   -1779.444       -2270.106   -1779.444             143             143
   45        -926.324    1882.070        -926.324    1882.070              45              45
  222         672.995     742.004         672.995     742.004             222             222
  226       -1072.438     -24.522       -1072.438     -24.522             226             226
   72       -1028.834    -831.521       -1028.834    -831.521              72              72
  128        1155.186   -1774.762        1155.186   -1774.762             128             128
  192       -1779.337     776.223       -1779.337     776.223             192             192
  180         -58.995   -1233.171         -58.995   -1233.171             180             180
  195         329.742    -494.043         329.742    -494.043             195             195
   15       -1552.909     383.113       -1552.909     383.113              15              15
  112         602.893     796.655         602.893     796.655             112             112
  132        -240.540    -354.530        -240.540    -354.530             132             132
  238       -1014.710    1080.893       -1014.710    1080.893             238             238
   25        1088.173   -1119.926        1088.173   -1119.926              25              25
  203        1868.962    1517.359        1868.962    1517.359             203             203
  210         -31.694     549.216         -31.694     549.216             210             210
   58        1089.924    1254.620        1089.924    1254.620              58              58
  252        2280.169     234.919        2280.169     234.919             252             252
  255       -1476.319     322.794       -1476.319     322.794             255             255
  133          84.324     665.196          84.324     665.196             133             133
  114        1152.593    1244.474        1152.593    1244.474             114             114
   60         443.344   -2350.228         443.344   -2350.228              60              60
  119         344.459     -68.495         344.459     -68.495             119             119
  142          -7.077    1329.501          -7.077    1329.501             142             142
    7       -1298.723    1976.853       -1298.723    1976.853               7               7
  204        -320.462     288.101        -320.462     288.101             204             204
    1        1067.818   -1761.288        1067.818   -1761.288               1               1
  137       -1189.721     279.652       -1189.721     279.652             137             137
   81       -1034.370   -1307.816       -1034.370   -1307.816              81              81
  106        1500.789     -97.806        1500.789     -97.806             106             106
   35        -874.165    -356.167        -874.165    -356.167              35              35
  224         450.537    -595.390         450.537    -595.390             224             224
  151       -2372.939    -593.174       -2372.939    -593.174             151             151
    1        -311.458   -1776.966        -311.458   -1776.966               1               1
  195        1762.377    -556.544        1762.377    -556.544             195             195
  224          29.661    2274.321          29.661    2274.321             224             224
  130        -273.468    -166.432        -273.468    -166.432             130             130
  131        -189.305     -51.987        -189.305     -51.987             131             131
  148       -2756.804    1380.566       -2756.804    1380.566             148             148
   70       -1652.656    -481.704       -1652.656    -481.704              70              70
  147       -1200.238   -3267.491       -1200.238   -3267.491             147             147
    4        1056.942     593.475        1056.942     593.475               4               4
  203         501.609   -1562.168         501.609   -1562.168             203             203
  130        -755.028    1294.210        -755.028    1294.210             130             130
   29        1088.246      96.143        1088.246      96.143              29              29
  150          84.260     865.111          84.260     865.111             150             150
   84       -1470.161     333.363       -1470.161     333.363              84              84
   88         564.095    1045.661         564.095    1045.661              88              88
  147       -1617.614    -757.815       -1617.614    -757.815             147             147
   83        -265.204      30.255        -265.204      30.255              83              83
  221         260.944     172.842         260.944     172.842             221             221
    5        -215.991    -229.128        -215.991    -229.128               5               5
  144         961.359   -1558.281         961.359   -1558.281             144             144
   85       -1843.280     516.046       -1843.280     516.046              85              85
  148       -1169.619     371.494       -1169.619     371.494             148             148
  151        -383.065     411.549        -383.065     411.549             151             151
   33        3290.947     650.022        3290.947     650.022              33              33
  149         862.050     298.966         862.050     298.966             149             149
   32       -2657.121    2225.972       -2657.121    2225.972              32              32
  115       -1870.479   -1428.350       -1870.479   -1428.350             115             115
    0        1637.046   -1840.757        1637.046   -1840.757              -0              -0
   68        -394.102    -418.775        -394.102    -418.775              68              68
   83         211.829    1239.145         211.829    1239.145              83              83
  151        -213.455    -495.275        -213.455    -495.275             151             151
   69        -571.473     662.974        -571.473     662.974              69              69
   22        -979.538    1109.308        -979.538    1109.308              22              22
  119         815.807    2212.939         815.807    2212.939             119             119
  200         573.430     134.882         573.430     134.882             200             200
  154       -1158.829     787.396       -1158.829     787.396             154             154
   12       -1055.023    1227.165       -1055.023    1227.165              12              12
   14         424.647     -55.178         424.647     -55.178              14              14
   46         -39.896    1037.603         -39.896    1037.603              46              46
   16         292.936    -277.611         292.936    -277.611              16              16
  217           0.096    -838.972           0.096    -838.972             217             217
  176       -1450.031    -820.531       -1450.031    -820.531             176             176
   46       -2438.166     132.006       -2438.166     132.006              46              46
  112        1892.680    -344.269        1892.680    -344.269             112             112
    5         -28.788   -2545.871         -28.788   -2545.871               5               5
  134         473.334    -821.272         473.334    -821.272             134             134
    3        1417.326    1706.392        1417.326    1706.392               3               3
   88         582.691    1284.418         582.691    1284.418              88              88
  100        1485.186     689.059        1485.186     689.059             100             100
    8         873.620     681.905         873.620     681.905               8               8
  232         925.740     827.004         925.740     827.004             232             232
  185        3144.313    -490.581        3144.313    -490.581             185             185
  157        -246.818     830.793        -246.818     830.793             157             157
  128         634.500    1654.956         634.500    1654.956             128             128
  219        -410.493    1484.700        -410.493    1484.700             219             219
   51        -190.255    -687.408        -190.255    -687.408              51              51
  160        1363.317      76.518        1363.317      76.518             160             160
   78        -320.626   -1398.339        -320.626   -1398.339              78              78
   51        1416.769    1187.237        1416.769    1187.237              51              51
  229       -1339.119    -108.663       -1339.119    -108.663             229             229
  162         982.316    -981.138         982.316    -981.138             162             162
  203          55.935     943.281          55.935     943.281             203             203
   43         801.485   -1606.653         801.485   -1606.653              43              43
  185        1452.636    2303.892        1452.636    2303.892             185             185
   66       -1116.527    1474.253       -1116.527    1474.253              66              66
  243         651.548    1898.971         651.548    1898.971             243             243
   84        1347.905     646.003        1347.905     646.003              84              84
   79         512.493     -89.366         512.493     -89.366              79              79
    1         296.130     537.257         296.130     537.257               1               1
  130         308.951   -2149.903         308.951   -2149.903             130             130
   95        -128.290      22.149        -128.290      22.149              95              95
  219       -1716.968     261.729       -1716.968     261.729             219             219
   51         117.868    -489.704         117.868    -489.704              51              51
  142        -654.065     -96.038        -654.065     -96.038             142             142
   75         473.276    -838.263         473.276    -838.263              75              75
   56        1290.637    2357.038        1290.637    2357.038              56              56
   21       -1547.277    -142.669       -1547.277    -142.669              21              21
   78        -253.949    1180.972        -253.949    1180.972              78              78
  145        -550.474    1476.992        -550.474    1476.992             145             145
  121       -1111.320    -318.327       -1111.320    -318.327             121             121
   87         305.456     257.918         305.456     257.918              87              87
  122         354.681    1946.766         354.681    1946.766             122             122
   51         776.871    -563.246         776.871    -563.246              51              51
  244         -71.131    -390.877         -71.131    -390.877             244             244
  250          93.864    -639.023          93.864    -639.023             250             250
   14       -1141.780    -416.267       -1141.780    -416.267              14              14
   39       -2146.921     785.688       -2146.921     785.688              39              39
  155         993.103     114.363         993.103     114.363             155             155
   93       -1187.321    1941.427       -1187.321    1941.427              93              93
   90         559.370     252.129         559.370     252.129              90              90
  128         -74.302    -441.872         -74.302    -441.872             128             128
    0        -360.558    -289.133        -360.558    -289.133              -0              -0
   38       -1412.686     720.037       -1412.686     720.037              38              38
  171         689.338   -3003.864         689.338   -3003.864             171             171
  185         163.681   -1187.091         163.681   -1187.091             185             185
  104       -1424.160    -651.285       -1424.160    -651.285             104             104
  159        -211.311    1462.470        -211.311    1462.470             159             159
   13          89.837    -334.063          89.837    -334.063              13              13
  184        -237.727    -517.135        -237.727    -517.135             184             184
  161         437.467      38.371         437.467      38.371             161             161
  144        1553.510   -1393.293        1553.510   -1393.293             144             144
   23        -810.839   -1451.451        -810.839   -1451.451              23              23
  124        3044.638     773.919        3044.638     773.919             124             124
  196         672.110    -980.828         672.110    -980.828             196             196
  166        -314.106     -38.663        -314.106     -38.663             166             166
  199       -2140.769    -678.204       -2140.769    -678.204             199             199
  253        -549.513    -503.160        -549.513    -503.160             253             253
  187         722.297    -766.671         722.297    -766.671             187             187
   21        -782.960   -1061.279        -782.960   -1061.279              21              21
  143       -1818.744     598.414       -1818.744     598.414             143             143
   53        -768.043    -190.696        -768.043    -190.696              53              53
  109        -740.579   -2219.213        -740.579   -2219.213             109             109
   10         383.682       5.974         383.682       5.974              10              10
  104         189.200    2095.428         189.200    2095.428             104             104
   98         -96.162    1358.681         -96.162    1358.681              98              98
    4         217.239    1194.677         217.239    1194.677               4               4
  119         373.963     918.659         373.963     918.659             119             119
  137         885.133   -1318.327         885.133   -1318.327             137             137
  160       -1027.787    1207.770       -1027.787    1207.770             160             160
  213        -525.848   -1836.310        -525.848   -1836.310             213             213
  228       -1189.821   -1141.696       -1189.821   -1141.696             228             228
   33        -511.152   -1022.956        -511.152   -1022.956              33              33
  213        -997.912    -542.545        -997.912    -542.545             213             213
   10        -509.386    2444.866        -509.386    2444.866              10              10
  205         636.511   -1760.893         636.511   -1760.893             205             205
  142         798.037    -309.747         798.037    -309.747             142             142
  115         336.932    -887.460         336.932    -887.460             115             115
  108        -425.046     924.584        -425.046     924.584             108             108
  156         832.562    -773.942         832.562    -773.942             156             156
   43       -2615.210     307.278       -2615.210     307.278              43              43
   13         666.504   -1657.624         666.504   -1657.624              13              13
   44        -371.975    -173.563        -371.975    -173.563              44              44
   67          28.533     236.992          28.533     236.992              67              67
  137        1511.019     973.507        1511.019     973.507             137             137
  241        -626.661    -510.951        -626.661    -510.951             241             241
  233         -67.973    -404.247         -67.973    -404.247             233             233
   81         626.591     424.706         626.591     424.706              81              81
  238       -1241.028     884.507       -1241.028     884.507             238             238
  165        1906.363     777.263        1906.363     777.263             165             165
  103        1552.741    -492.887        1552.741    -492.887             103             103
  125       -1447.808    -767.144       -1447.808    -767.144             125             125
  218        -904.975   -2099.655        -904.975   -2099.655             218             218
  212        -565.225     745.751        -565.225     745.751             212             212
  135       -2294.836   -2219.057       -2294.836   -2219.057             135             135
   67        1254.418      -2.522        1254.418      -2.522              67              67
   54        -550.856     894.022        -550.856     894.022              54              54
  140        1168.290    -808.090        1168.290    -808.090             140             140
  186        1486.590    -678.463        1486.590    -678.463             186             186
  192        1574.470   -1404.501        1574.470   -1404.501             192             192
   45          80.983     677.265          80.983     677.265              45              45
  143        -474.695   -1537.709        -474.695   -1537.709             143             143
  164       -2298.340    -216.960       -2298.340    -216.960             164             164
   78        -107.344   -1677.902        -107.344   -1677.902              78              78
  101         244.098   -1733.344         244.098   -1733.344             101             101
  175        1589.852   -1276.833        1589.852   -1276.833             175             175
   28       -1055.449    -148.222       -1055.449    -148.222              28              28
  243       -2260.632    1148.827       -2260.632    1148.827             243             243
   35        -811.456      -6.928        -811.456      -6.928              35              35
  137        1278.056    1630.516        1278.056    1630.516             137             137
  143         391.111     547.463         391.111     547.463             143             143
   78       -1187.787    -834.065       -1187.787    -834.065              78              78
  151       -1103.101     123.114       -1103.101     123.114             151             151
  188        -747.274    1119.529        -747.274    1119.529             188             188
  146       -1466.541    1177.631       -1466.541    1177.631             146             146
   33         599.014   -2173.814         599.014   -2173.814              33              33
  173        1207.127     473.248        1207.127     473.248             173             173
  124        2566.932     742.217        2566.932     742.217             124             124
  114        -473.576     693.181        -473.576     693.181             114             114
  156        1585.363       7.726        1585.363       7.726             156             156
   33        -451.152    -973.671        -451.152    -973.671              33              33
  217         552.929    1805.591         552.929    1805.591             217             217
   26        -924.607    1433.984        -924.607    1433.984              26              26
  251        2287.360     787.250        2287.360     787.250             251             251
  174       -2133.165   -2633.025       -2133.165   -2633.025             174             174
  162         860.187    1672.886         860.187    1672.886             162             162
   62         893.808   -1480.200         893.808   -1480.200              62              62
  228        1955.309     282.484        1955.309     282.484             228             228
   46         965.917    -632.605         965.917    -632.605              46              46
  249        -439.911   -2802.408        -439.911   -2802.408             249             249
  164       -1873.690    -719.359       -1873.690    -719.359             164             164
   92          92.251     687.045          92.251     687.045              92              92
  137        -577.313   -1080.981        -577.313   -1080.981             137             137
   73        -316.710    1112.401        -316.710    1112.401              73              73
  171         369.348    1589.018         369.348    1589.018             171             171
  238        1390.070     594.269        1390.070     594.269             238             238
  249        1043.446      42.724        1043.446      42.724             249             249
  199        -269.119     820.230        -269.119     820.230             199             199
  226       -2070.689    2791.785       -2070.689    2791.785             226             226
   28        -468.367    -904.276        -468.367    -904.276              28              28
   80        -437.065    -894.632        -437.065    -894.632              80              80
  114         328.273    -809.553         328.273    -809.553             114             114
  107        -648.480    2433.875        -648.480    2433.875             107             107
  232         864.789   -1559.090         864.789   -1559.090             232             232
   46        -635.856      28.972        -635.856      28.972              46              46
  253         612.000       0.097         612.000       0.097             253             253
    9        -635.839     -29.154        -635.839     -29.154               9               9
  220         864.235    1559.130         864.235    1559.130             220             220
  121        -647.750   -2434.203        -647.750   -2434.203             121             121
  123         327.945     809.840         327.945     809.840             123             123
  120        -437.487     894.366        -437.487     894.366             120             120
  155        -468.783     903.653        -468.783     903.653             155             155
   85       -2069.602   -2792.750       -2069.602   -2792.750              85              85
  147        -268.394    -820.167        -268.394    -820.167             147             147
  151        1043.781     -42.313        1043.781     -42.313             151             151
    3        1390.281    -593.841        1390.281    -593.841               3               3
   53         369.704   -1588.764         369.704   -1588.764              53              53
  214        -316.479   -1112.068        -316.479   -1112.068             214             214
  231        -577.694    1081.129        -577.694    1081.129             231             231
   99          92.429    -686.721          92.429    -686.721              99              99
  207       -1873.802     719.199       -1873.802     719.199             207             207
  140        -440.380    2802.347        -440.380    2802.347             140             140
  192         966.142     632.670         966.142     632.670             192             192
   89        1955.527    -281.915        1955.527    -281.915              89              89
  214         893.188    1480.306         893.188    1480.306             214             214
  107         860.467   -1672.647         860.467   -1672.647             107             107
   71       -2133.993    2632.172       -2133.993    2632.172              71              71
  207        2287.706    -786.978        2287.706    -786.978             207             207
   50        -924.231   -1434.505        -924.231   -1434.505              50              50
   41         553.584   -1805.227         553.584   -1805.227              41              41
  236        -451.356     973.702        -451.356     973.702             236             236
  131        1585.420      -7.278        1585.420      -7.278             131             131
  155        -473.273    -693.372        -473.273    -693.372             155             155
   88        2567.162    -741.242        2567.162    -741.242              88              88
  108        1206.857    -472.551        1206.857    -472.551             108             108
  202         597.702    2173.991         597.702    2173.991             202             202
   85       -1466.594   -1178.355       -1466.594   -1178.355              85              85
  117        -747.109   -1119.671        -747.109   -1119.671             117             117
  167       -1103.170    -123.252       -1103.170    -123.252             167             167
  207       -1187.951     833.704       -1187.951     833.704             207             207
  240         391.457    -547.437         391.457    -547.437             240             240
   31        1278.414   -1629.927        1278.414   -1629.927              31              31
  107        -811.832       6.941        -811.832       6.941             107             107
   70       -2260.267   -1149.208       -2260.267   -1149.208              70              70
  179       -1055.112     148.442       -1055.112     148.442             179             179
    2        1589.623    1277.846        1589.623    1277.846               2               2
   73         243.380    1733.675         243.380    1733.675              73              73
  232        -108.129    1677.852        -108.129    1677.852             232             232
  216       -2298.363     216.171       -2298.363     216.171             216             216
   48        -474.819    1537.469        -474.819    1537.469              48              48
   76          81.634    -677.256          81.634    -677.256              76              76
  168        1574.271    1405.096        1574.271    1405.096             168             168
  189        1486.330     678.858        1486.330     678.858             189             189
   12        1167.739     808.283        1167.739     808.283              12              12
    1        -550.790    -894.278        -550.790    -894.278               1               1
  148        1254.064       3.167        1254.064       3.167             148             148
  119       -2295.859    2218.266       -2295.859    2218.266             119             119
   72        -564.930    -745.991        -564.930    -745.991              72              72
  100        -905.606    2099.321        -905.606    2099.321             100             100
  170       -1447.689     766.333       -1447.689     766.333             170             170
  114        1552.956     493.013        1552.956     493.013             114             114
   80        1906.475    -776.950        1906.475    -776.950              80              80
   46       -1240.876    -885.016       -1240.876    -885.016              46              46
   14         626.757    -424.432         626.757    -424.432              14              14
  168         -68.189     404.267         -68.189     404.267             168             168
  154        -626.739     510.612        -626.739     510.612             154             154
  216        1511.337    -973.060        1511.337    -973.060             216             216
  254          28.383    -236.839          28.383    -236.839             254             254
   15        -372.160     173.641        -372.160     173.641              15              15
  127         665.688    1657.830         665.688    1657.830             127             127
  206       -2615.129    -308.273       -2615.129    -308.273             206             206
    0         832.491     774.115         832.491     774.115              -0              -0
  159        -424.691    -924.740        -424.691    -924.740             159             159
   57         336.731     887.650         336.731     887.650              57              57
   70         797.888     310.002         797.888     310.002              70              70
   82         635.672    1760.813         635.672    1760.813              82              82
   59        -508.866   -2445.162        -508.866   -2445.162              59              59
  143        -998.241     542.480        -998.241     542.480             143             143
   58        -511.568    1022.879        -511.568    1022.879              58              58
   20       -1190.187    1141.244       -1190.187    1141.244              20              20
  192        -526.345    1835.760        -526.345    1835.760             192             192
  134       -1027.129   -1208.439       -1027.129   -1208.439             134             134
  188         884.921    1318.332         884.921    1318.332             188             188
  126         374.290    -918.976         374.290    -918.976             126             126
  147         217.598   -1194.838         217.598   -1194.838             147             147
  189         -95.746   -1358.779         -95.746   -1358.779             189             189
   18         189.854   -2095.077         189.854   -2095.077              18              18
   10         383.500      -5.295         383.500      -5.295              10              10
    6        -741.539    2219.159        -741.539    2219.159               6               6
  118        -768.251     190.327        -768.251     190.327             118             118
  180       -1818.484    -598.916       -1818.484    -598.916             180             180
  120        -783.011    1061.171        -783.011    1061.171             120             120
  199         722.180     766.901         722.180     766.901             199             199
  226        -549.742     502.933        -549.742     502.933             226             226
  135       -2140.746     677.402       -2140.746     677.402             135             135
  112        -313.556      38.506        -313.556      38.506             112             112
  124         672.335     980.949         672.335     980.949             124             124
   95        3044.971    -772.893        3044.971    -772.893              95              95
  110        -811.401    1451.261        -811.401    1451.261             110             110
  140        1553.054    1393.588        1553.054    1393.588             140             140
  223         437.258     -38.483         437.258     -38.483             223             223
   60        -238.068     516.860        -238.068     516.860              60              60
  140          89.587     333.800          89.587     333.800             140             140
  127        -211.013   -1462.587        -211.013   -1462.587             127             127
  118       -1424.378     650.997       -1424.378     650.997             118             118
  210         163.419    1187.225         163.419    1187.225             210             210
  209         688.217    3003.709         688.217    3003.709             209             209
  178       -1412.524    -721.059       -1412.524    -721.059             178             178
   98        -360.526     288.693        -360.526     288.693              98              98
   12         -74.339     441.427         -74.339     441.427              12              12
  198         559.402    -252.455         559.402    -252.455             198             198
   35       -1186.672   -1942.076       -1186.672   -1942.076              35              35
  147         993.048    -114.088         993.048    -114.088             147             147
  130       -2146.745    -786.433       -2146.745    -786.433             130             130
  161       -1141.614     415.895       -1141.614     415.895             161             161
   38          93.968     638.902          93.968     638.902              38              38
   64         -71.002     390.578         -71.002     390.578              64              64
  179         776.843     563.041         776.843     563.041             179             179
   49         355.339   -1946.966         355.339   -1946.966              49              49
   71         305.431    -257.884         305.431    -257.884              71              71
   42       -1111.469     317.684       -1111.469     317.684              42              42
  229        -549.852   -1477.439        -549.852   -1477.439             229             229
  192        -253.451   -1181.062        -253.451   -1181.062             192             192
  241       -1547.005     142.066       -1547.005     142.066             241             241
  200        1291.752   -2356.498        1291.752   -2356.498             200             200
   71         472.996     838.675         472.996     838.675              71              71
   97        -654.060      95.854        -654.060      95.854              97              97
   68         117.746     489.701         117.746     489.701              68              68
  167       -1716.682    -262.359       -1716.682    -262.359             167             167
  208        -127.852     -22.112        -127.852     -22.112             208             208
  208         308.593    2149.794         308.593    2149.794             208             208
  134         296.628    -537.587         296.628    -537.587             134             134
   13         512.781      89.176         512.781      89.176              13              13
   93        1348.286    -645.991        1348.286    -645.991              93              93
    5         652.143   -1899.019         652.143   -1899.019               5               5
  131       -1115.845   -1474.663       -1115.845   -1474.663             131             131
   47        1453.676   -2303.076        1453.676   -2303.076              47              47
  215         800.963    1607.171         800.963    1607.171             215             215
   53          56.295    -943.205          56.295    -943.205              53              53
  146         981.952     981.529         981.952     981.529             146             146
  228       -1339.035     108.055       -1339.035     108.055             228             228
  252        1417.362   -1186.720        1417.362   -1186.720             252             252
  181        -320.979    1398.239        -320.979    1398.239             181             181
  120        1363.419     -76.271        1363.419     -76.271             120             120
  126        -190.513     687.000        -190.513     687.000             126             126
   87        -409.810   -1485.198        -409.810   -1485.198              87              87
  159         635.299   -1654.783         635.299   -1654.783             159             159
  191        -246.141    -830.719        -246.141    -830.719             191             191
   10        3144.359     491.648        3144.359     491.648              10              10
  208         925.879    -826.787         925.879    -826.787             208             208
    6         873.792    -681.615         873.792    -681.615               6               6
   53        1485.275    -688.553        1485.275    -688.553              53              53
  181         582.933   -1284.116         582.933   -1284.116             181             181
  198        1417.640   -1705.465        1417.640   -1705.465             198             198
   38         472.685     822.023         472.685     822.023              38              38
  125         -29.902    2545.984         -29.902    2545.984             125             125
   14        1892.023     344.714        1892.023     344.714              14              14
  136       -2438.645    -132.867       -2438.645    -132.867             136             136
  194       -1450.290     820.006       -1450.290     820.006             194             194
  181          -0.084     838.748          -0.084     838.748             181             181
   88         292.813     277.338         292.813     277.338              88              88
  147         -39.637   -1037.883         -39.637   -1037.883             147             147
   59         424.431      55.099         424.431      55.099              59              59
  102       -1054.797   -1227.724       -1054.797   -1227.724             102             102
  240       -1158.461    -787.840       -1158.461    -787.840             240             240
   65         573.613    -134.858         573.613    -134.858              65              65
  233         816.396   -2212.717         816.396   -2212.717             233             233
   32        -979.332   -1109.396        -979.332   -1109.396              32              32
   25        -571.223    -662.856        -571.223    -662.856              25              25
   31        -213.546     495.378        -213.546     495.378              31              31
  178         212.261   -1238.849         212.261   -1238.849             178             178
  253        -394.193     419.042        -394.193     419.042             253             253
   27        1636.218    1841.412        1636.218    1841.412              27              27
  104       -1871.277    1427.340       -1871.277    1427.340             104             104
  118       -2656.047   -2227.106       -2656.047   -2227.106             118             118
  154         862.742    -298.598         862.742    -298.598             154             154
  191        3291.094    -648.850        3291.094    -648.850             191             191
   21        -383.410    -411.548        -383.410    -411.548              21              21
   90       -1169.739    -371.723       -1169.739    -371.723              90              90
  202       -1842.962    -516.365       -1842.962    -516.365             202             202
  229         961.010    1558.758         961.010    1558.758             229             229
   96        -216.093     228.965        -216.093     228.965              96              96
  255         260.939    -172.790         260.939    -172.790             255             255
  155        -265.359     -30.315        -265.359     -30.315             155             155
   39       -1617.819     757.158       -1617.819     757.158              39              39
   38         564.517   -1045.589         564.517   -1045.589              38              38
   24       -1469.958    -333.831       -1469.958    -333.831              24              24
   54          84.827    -864.981          84.827    -864.981              54              54
  174        1088.306     -95.636        1088.306     -95.636             174             174
  219        -754.614   -1294.130        -754.614   -1294.130             219             219
  235         501.142    1562.636         501.142    1562.636             235             235
    7        1056.880    -592.837        1056.880    -592.837               7               7
  110       -1201.699    3267.141       -1201.699    3267.141             110             110
   39       -1652.972     480.708       -1652.972     480.708              39              39
  110       -2756.084   -1381.671       -2756.084   -1381.671             110             110
   94        -188.858      51.949        -188.858      51.949              94              94
  105        -273.173     166.214        -273.173     166.214             105             105
   88          30.790   -2274.144          30.790   -2274.144              88              88
  126        1762.258     557.606        1762.258     557.606             126             126
  130        -312.289    1777.017        -312.289    1777.017             130             130
  119       -2372.996     592.318       -2372.996     592.318             119             119
   49         450.654     595.469         450.654     595.469              49              49
  128        -873.992     355.784        -873.992     355.784             128             128
  147        1500.894      98.292        1500.894      98.292             147             147
  153       -1034.829    1307.343       -1034.829    1307.343             153             153
  246       -1189.311    -280.198       -1189.311    -280.198             246             246
   45        1067.484    1761.361        1067.484    1761.361              45              45
   89        -320.325    -288.759        -320.325    -288.759              89              89
   11       -1297.802   -1977.553       -1297.802   -1977.553              11              11
  136          -6.207   -1329.367          -6.207   -1329.367             136             136
   35         344.799      68.881         344.799      68.881              35              35
  240         442.877    2350.206         442.877    2350.206             240             240
  232        1153.170   -1244.461        1153.170   -1244.461             232             232
   35          84.572    -665.266          84.572    -665.266              35              35
  139       -1475.823    -323.359       -1475.823    -323.359             139             139
   16        2280.649    -234.296        2280.649    -234.296              16              16
   73        1090.351   -1254.319        1090.351   -1254.319              73              73
  164         -31.410    -549.192         -31.410    -549.192             164             164
   71        1869.497   -1516.514        1869.497   -1516.514              71              71
  248        1087.478    1120.440        1087.478    1120.440             248             248
  128       -1014.579   -1081.183       -1014.579   -1081.183             128             128
   50        -240.655     354.558        -240.655     354.558              50              50
    0         603.026    -796.357         603.026    -796.357               0               0
  238       -1552.822    -383.365       -1552.822    -383.365             238             238
   90         329.664     494.428         329.664     494.428              90              90
  110         -59.511    1233.194         -59.511    1233.194             110             110
   77       -1778.959    -776.715       -1778.959    -776.715              77              77
  195        1154.688    1775.241        1154.688    1775.241             195             195
  198       -1029.198     830.947       -1029.198     830.947             198             198
  204       -1072.290      23.872       -1072.290      23.872             204             204
   69         673.281    -741.995         673.281    -741.995              69              69
   62        -925.868   -1882.201        -925.868   -1882.201              62              62
  253       -2270.650    1778.834       -2270.650    1778.834             253             253
  197       -1738.041      60.271       -1738.041      60.271             197             197
  209       -2208.948   -1701.321       -2208.948   -1701.321             209             209
  151         304.657    1125.236         304.657    1125.236             151             151
  187         658.580     774.689         658.580     774.689             187             187
  255       -1764.710    -981.939       -1764.710    -981.939             255             255
  240        -174.680     447.841        -174.680     447.841             240             240
  199         272.502    -788.799         272.502    -788.799             199             199
  135         497.171    -481.848         497.171    -481.848             135             135
   20        -823.772    -872.658        -823.772    -872.658              20              20
  183         466.725     -44.997         466.725     -44.997             183             183
  112         641.574    1243.373         641.574    1243.373             112             112
   56         222.599     621.043         222.599     621.043              56              56
   67         317.320     655.163         317.320     655.163              67              67
  129         236.676    1225.051         236.676    1225.051             129             129
  129        -752.644     296.133        -752.644     296.133             129             129
  232        1908.368     633.644        1908.368     633.644             232             232
  200         162.426   -1242.075         162.426   -1242.075             200             200
  122       -1458.118     402.656       -1458.118     402.656             122             122
  104        -957.692    -229.315        -957.692    -229.315             104             104
  251         -70.947     -20.803         -70.947     -20.803             251             251
  123        -492.025   -1314.056        -492.025   -1314.056             123             123
   87        -859.472   -1858.730        -859.472   -1858.730              87              87
   85        -688.838    -476.038        -688.838    -476.038              85              85
  234       -1116.936    -590.604       -1116.936    -590.604             234             234
  164        1464.174    -138.229        1464.174    -138.229             164             164
   24         631.153    1415.071         631.153    1415.071              24              24
  176        2598.342   -1120.797        2598.342   -1120.797             176             176
  112        -451.618    -949.882        -451.618    -949.882             112             112
