SINAL     NFT                         FFT                         NFT INVERSA     FFT INVERSA
-----     -----------------------     -----------------------     -----------     -----------
  113       66584.000       0.000       66584.000       0.000             113             113
    9         184.114   -1915.009         184.114   -1915.009               9               9
  228        -625.718    -913.398        -625.718    -913.398             228             228
  163        -769.317     -69.084        -769.317     -69.084             163             163
  169        1064.037    -392.777        1064.037    -392.777             169             169
  214       -2008.905     502.225       -2008.905     502.225             214             214
  205         730.486   -2313.843         730.486   -2313.843             205             205
  178         389.011     623.102         389.011     623.102             178             178
  177         388.635   -3395.726         388.635   -3395.726             177             177
   58        -590.664   -1453.888        -590.664   -1453.888              58              58
  184         294.652   -1413.087         294.652   -1413.087             184             184
  249         254.910     381.801         254.910     381.801             249             249
   47         813.810   -1068.806         813.810   -1068.806              47              47
  232         110.474    -347.005         110.474    -347.005             232             232
  239       -1256.886   -3332.575       -1256.886   -3332.575             239             239
  106         877.914   -1459.874         877.914   -1459.874             106             106
  233        -958.217     937.144        -958.217     937.144             233             233
  199        1686.872     662.984        1686.872     662.984             199             199
   30        -456.433     429.086        -456.433     429.086              30              30
  224        -340.703    -162.840        -340.703    -162.840             224             224
   20        -642.025     636.962        -642.025     636.962              20              20
   53         753.065   -2182.519         753.065   -2182.519              53              53
  196         -23.958   -1159.882         -23.958   -1159.882             196             196
  203        1598.614   -1764.100        1598.614   -1764.100             203             203
  242        -618.423     517.754        -618.423     517.754             242             242
   71        -848.252     590.377        -848.252     590.377              71              71
   92        -292.980    2092.674        -292.980    2092.674              92              92
  201         831.356     193.555         831.356     193.555             201             201
  116         811.421    -541.204         811.421    -541.204             116             116
   28         995.788     506.304         995.788     506.304              28              28
  151        -687.168    1681.536        -687.168    1681.536             151             151
  229       -1997.236    1127.674       -1997.236    1127.674             229             229
   38        -700.520    -521.962        -700.520    -521.962              38              38
  124       -2938.214    -176.084       -2938.214    -176.084             124             124
  136         596.536    1351.708         596.536    1351.708             136             136
  207        -825.859   -1777.030        -825.859   -1777.030             207             207
   82        -214.386    -173.108        -214.386    -173.108              82              82
   86        -137.504     682.727        -137.504     682.727              86              86
  129         351.312   -2093.304         351.312   -2093.304             129             129
    4        -273.292    1115.596        -273.292    1115.596               4               4
  145         347.650   -1701.884         347.650   -1701.884             145             145
   58        -829.482     170.034        -829.482     170.034              58              58
  253        -766.161      13.630        -766.161      13.630             253             253
  192        -502.503   -1168.470        -502.503   -1168.470             192             192
   35         489.604    -737.616         489.604    -737.616              35              35
  237        -731.041     -49.266        -731.041     -49.266             237             237
   42        -530.286    -132.489        -530.286    -132.489              42              42
   13        2091.550   -1059.539        2091.550   -1059.539              13              13
  181         385.106    1164.609         385.106    1164.609             181             181
   73       -1361.624   -1546.646       -1361.624   -1546.646              73              73
  237        -492.051     109.191        -492.051     109.191             237             237
  201       -2211.850    -296.822       -2211.850    -296.822             201             201
  127         877.515   -1197.925         877.515   -1197.925             127             127
  177       -1707.438     548.730       -1707.438     548.730             177             177
  149       -2195.373   -1411.218       -2195.373   -1411.218             149             149
  113       -2205.027     742.840       -2205.027     742.840             113             113
  249          58.356    -650.313          58.356    -650.313             249             249
  242        1166.012     766.089        1166.012     766.089             242             242
   59        -612.536    -275.217        -612.536    -275.217              59              59
  109         188.188    2075.915         188.188    2075.915             109             109
   15        -247.496    1161.700        -247.496    1161.700              15              15
  211       -2377.976   -1320.415       -2377.976   -1320.415             211             211
   83         950.006    -219.131         950.006    -219.131              83              83
   53        1329.721    -826.996        1329.721    -826.996              53              53
   79        -225.673    -536.790        -225.673    -536.790              79              79
  220       -1692.363   -1197.409       -1692.363   -1197.409             220             220
    4        2877.469     -95.383        2877.469     -95.383               4               4
  162        -337.110   -1423.636        -337.110   -1423.636             162             162
   50        1604.551    1020.307        1604.551    1020.307              50              50
  134         170.668    1652.426         170.668    1652.426             134             134
  166       -2133.996    1151.948       -2133.996    1151.948             166             166
  195         667.491     304.389         667.491     304.389             195             195
  193        2408.505    -584.868        2408.505    -584.868             193             193
  164         502.948    -641.465         502.948    -641.465             164             164
  132         293.353    -388.794         293.353    -388.794             132             132
  228        -989.334    -599.311        -989.334    -599.311             228             228
  146          96.076     542.965          96.076     542.965             146             146
  175       -2060.139    1756.597       -2060.139    1756.597             175             175
  241         261.077    1463.700         261.077    1463.700             241             241
   71       -2654.716   -1442.608       -2654.716   -1442.608              71              71
  248          28.210    1836.864          28.210    1836.864             248             248
  223       -1134.346    -810.089       -1134.346    -810.089             223             223
   17        -698.992     294.872        -698.992     294.872              17              17
  119        2142.810      87.379        2142.810      87.379             119             119
  145         431.920    -291.569         431.920    -291.569             145             145
  166        2799.603     -76.754        2799.603     -76.754             166             166
  233       -1139.427    1210.224       -1139.427    1210.224             233             233
  138        -480.345    1516.669        -480.345    1516.669             138             138
  153        -802.937    1032.413        -802.937    1032.413             153             153
   36        1193.246    -196.103        1193.246    -196.103              36              36
  248        -954.288     993.965        -954.288     993.965             248             248
  168         136.828     229.605         136.828     229.605             168             168
  247       -1564.047    -266.610       -1564.047    -266.610             247             247
   76        -409.681   -1629.651        -409.681   -1629.651              76              76
  221       -1230.028     263.814       -1230.028     263.814             221             221
   71         666.838    -304.467         666.838    -304.467              71              71
   40        1005.425   -3538.071        1005.425   -3538.071              40              40
  226         440.856    1126.186         440.856    1126.186             226             226
  234       -1804.507    2105.434       -1804.507    2105.434             234             234
   90        -185.320    -418.572        -185.320    -418.572              90              90
  104         793.938      11.697         793.938      11.697             104             104
  144         916.926     977.333         916.926     977.333             144             144
   30       -1118.438     581.994       -1118.438     581.994              30              30
   41       -1656.054      96.499       -1656.054      96.499              41              41
   53        -439.929   -2990.954        -439.929   -2990.954              53              53
  162       -1169.896     198.458       -1169.896     198.458             162             162
   14        -272.038    2374.657        -272.038    2374.657              14              14
  199        -743.573    -731.854        -743.573    -731.854             199             199
   81        -142.995    1546.177        -142.995    1546.177              81              81
  255       -1762.885   -1775.988       -1762.885   -1775.988             255             255
   14        1925.851    -804.653        1925.851    -804.653              14              14
   74        1040.329     -89.798        1040.329     -89.798              74              74
  223       -2585.167     326.820       -2585.167     326.820             223             223
   32         874.474    -149.067         874.474    -149.067              32              32
  194       -1022.843     220.231       -1022.843     220.231             194             194
  112        -545.887    -405.535        -545.887    -405.535             112             112
  199         -63.288    -902.311         -63.288    -902.311             199             199
  171        -406.584   -1484.234        -406.584   -1484.234             171             171
  250        -881.345    -594.346        -881.345    -594.346             250             250
   96         469.448   -1306.317         469.448   -1306.317              96              96
  208        1197.687   -2207.788        1197.687   -2207.788             208             208
  243        -886.277    -747.743        -886.277    -747.743             243             243
    8        -756.230     513.191        -756.230     513.191               8               8
  200         744.608    -980.307         744.608    -980.307             200             200
   63        -903.645    -207.304        -903.645    -207.304              63              63
  230        1308.147    1158.757        1308.147    1158.757             230             230
   16        -980.826    1974.123        -980.826    1974.123              16              16
  103          -2.031     110.372          -2.031     110.372             103             103
  200         574.901     761.055         574.901     761.055             200             200
  250       -1508.322    -128.711       -1508.322    -128.711             250             250
  194       -2155.966    1648.988       -2155.966    1648.988             194             194
   48         949.936    2035.365         949.936    2035.365              48              48
  139         411.375      64.750         411.375      64.750             139             139
  225       -1379.594      89.778       -1379.594      89.778             225             225
   90         284.228    -449.940         284.228    -449.940              90              90
  192        1729.518      64.225        1729.518      64.225             192             192
  132         247.595    -699.156         247.595    -699.156             132             132
  104         103.807   -2687.191         103.807   -2687.191             104             104
  136         487.024    -199.498         487.024    -199.498             136             136
  213       -1790.262    -829.296       -1790.262    -829.296             213             213
  104       -1187.369   -1116.039       -1187.369   -1116.039             104             104
  150         506.555    1705.172         506.555    1705.172             150             150
   32        -175.758   -2379.379        -175.758   -2379.379              32              32
   71         331.008     519.449         331.008     519.449              71              71
  183         984.469    1044.856         984.469    1044.856             183             183
  227        -241.323     244.015        -241.323     244.015             227             227
  183        1239.332     792.324        1239.332     792.324             183             183
  126        2842.015    3113.778        2842.015    3113.778             126             126
  143        -807.685     124.052        -807.685     124.052             143             143
  178        -927.998    -849.209        -927.998    -849.209             178             178
  223        1101.037    2206.355        1101.037    2206.355             223             223
   95         172.615    1028.054         172.615    1028.054              95              95
  165        1881.837      50.320        1881.837      50.320             165             165
  232        -384.025   -1007.119        -384.025   -1007.119             232             232
   40        -460.980   -1442.437        -460.980   -1442.437              40              40
  229         403.619     197.078         403.619     197.078             229             229
  206        -423.416     302.415        -423.416     302.415             206             206
   56         -91.721     779.636         -91.721     779.636              56              56
   77        1639.541    1108.129        1639.541    1108.129              77              77
  151       -1852.985   -1561.708       -1852.985   -1561.708             151             151
   50         455.991    -931.678         455.991    -931.678              50              50
   15        -201.177    -408.178        -201.177    -408.178              15              15
  199         869.527    -766.021         869.527    -766.021             199             199
  190        -494.301     443.422        -494.301     443.422             190             190
  241         851.191     629.462         851.191     629.462             241             241
   34         583.802    1927.530         583.802    1927.530              34              34
  126       -2444.445    -289.667       -2444.445    -289.667             126             126
  117         268.064     320.473         268.064     320.473             117             117
  138       -2134.084     795.429       -2134.084     795.429             138             138
    6       -2090.745   -1370.112       -2090.745   -1370.112               6               6
   75         351.997    -303.056         351.997    -303.056              75              75
  243         911.240    -867.808         911.240    -867.808             243             243
  157       -1924.582     -73.986       -1924.582     -73.986             157             157
  107         323.474      24.189         323.474      24.189             107             107
   58         178.123      -0.440         178.123      -0.440              58              58
   85       -1588.863   -1007.899       -1588.863   -1007.899              85              85
   78       -1982.833     -44.718       -1982.833     -44.718              78              78
  242       -1499.038    2602.172       -1499.038    2602.172             242             242
  211         961.411     109.312         961.411     109.312             211             211
  221        -557.735     839.776        -557.735     839.776             221             221
  165        -752.839    1625.012        -752.839    1625.012             165             165
  179        -246.716     892.863        -246.716     892.863             179             179
   61         559.929     890.188         559.929     890.188              61              61
   75        1977.250    1181.682        1977.250    1181.682              75              75
  155         351.066      97.797         351.066      97.797             155             155
  101        1294.890   -2658.530        1294.890   -2658.530             101             101
   48        1131.744     980.439        1131.744     980.439              48              48
  106       -2154.092    1631.840       -2154.092    1631.840             106             106
  158         -84.707    1080.791         -84.707    1080.791             158             158
  125         125.471    -709.240         125.471    -709.240             125             125
    1         971.974    1667.254         971.974    1667.254               1               1
  209        2639.715    -246.896        2639.715    -246.896             209             209
  141        1441.791   -1110.789        1441.791   -1110.789             141             141
  201        1803.220   -1880.597        1803.220   -1880.597             201             201
  143         179.254   -1409.303         179.254   -1409.303             143             143
  126        -380.503    -160.285        -380.503    -160.285             126             126
  236        1268.090     828.031        1268.090     828.031             236             236
   14       -2682.410    -514.117       -2682.410    -514.117              14              14
  243         629.840   -1828.384         629.840   -1828.384             243             243
  118       -1701.227    -539.858       -1701.227    -539.858             118             118
   20         578.217     751.979         578.217     751.979              20              20
   62        -699.241    -619.149        -699.241    -619.149              62              62
  105          92.933    -366.485          92.933    -366.485             105             105
  178        -897.861     251.649        -897.861     251.649             178             178
  170        2164.221    -115.284        2164.221    -115.284             170             170
  164           9.313    -649.518           9.313    -649.518             164             164
    7         839.813    -602.336         839.813    -602.336               7               7
  249       -1547.290   -1251.249       -1547.290   -1251.249             249             249
  151        -190.981   -1767.657        -190.981   -1767.657             151             151
  219         865.949   -1001.871         865.949   -1001.871             219             219
  215        1163.704    1121.981        1163.704    1121.981             215             215
   60         -80.341     820.588         -80.341     820.588              60              60
  142        1537.729    1174.775        1537.729    1174.775             142             142
   20       -1035.559    -655.689       -1035.559    -655.689              20              20
  135        -429.699    2058.610        -429.699    2058.610             135             135
   42        1261.188    -975.772        1261.188    -975.772              42              42
  122        3304.811     685.621        3304.811     685.621             122             122
  183        2007.555     298.548        2007.555     298.548             183             183
  149         370.622    -781.084         370.622    -781.084             149             149
   25       -1562.787    1673.358       -1562.787    1673.358              25              25
   53        -284.670    -670.510        -284.670    -670.510              53              53
  151         752.093   -1457.496         752.093   -1457.496             151             151
  234         143.535     232.632         143.535     232.632             234             234
  194       -2156.504    -691.024       -2156.504    -691.024             194             194
   96       -1676.616    1456.224       -1676.616    1456.224              96              96
  121        1164.486   -1030.687        1164.486   -1030.687             121             121
   65        -474.379   -3160.423        -474.379   -3160.423              65              65
   76         222.253    3447.853         222.253    3447.853              76              76
  135         720.819    -863.682         720.819    -863.682             135             135
   52        2191.482     943.836        2191.482     943.836              52              52
  195         174.582   -1235.659         174.582   -1235.659             195             195
  156        -560.257    -695.382        -560.257    -695.382             156             156
  115         260.650    1283.766         260.650    1283.766             115             115
   45        -113.421     574.454        -113.421     574.454              45              45
   78        3397.701     354.764        3397.701     354.764              78              78
   30         335.549    -177.728         335.549    -177.728              30              30
  210        -448.219    -910.054        -448.219    -910.054             210             210
   86         563.568    1591.535         563.568    1591.535              86              86
   23        1147.839    -229.645        1147.839    -229.645              23              23
  105        -245.563   -1004.529        -245.563   -1004.529             105             105
   49        1199.735    -795.714        1199.735    -795.714              49              49
  238        -420.977     474.704        -420.977     474.704             238             238
  165        -175.399    2064.413        -175.399    2064.413             165             165
  192         585.900     655.742         585.900     655.742             192             192
    3        2343.298    -147.439        2343.298    -147.439               3               3
   44        -359.686    -447.176        -359.686    -447.176              44              44
  235        1374.891   -2420.664        1374.891   -2420.664             235             235
  126        1410.458   -1001.673        1410.458   -1001.673             126             126
  228        -997.698     733.407        -997.698     733.407             228             228
  128         969.202     891.872         969.202     891.872             128             128
  151        1779.057    1185.119        1779.057    1185.119             151             151
   26         186.188     380.962         186.188     380.962              26              26
   23         995.562     274.700         995.562     274.700              23              23
  129        -926.030    1624.718        -926.030    1624.718             129             129
  220        -181.415     150.698        -181.415     150.698             220             220
  120       -1535.281   -1274.716       -1535.281   -1274.716             120             120
  251          18.000       0.023          18.000       0.023             251             251
   30       -1535.624    1274.015       -1535.624    1274.015              30              30
  197        -181.127    -151.175        -181.127    -151.175             197             197
  131        -925.135   -1625.222        -925.135   -1625.222             131             131
   83         996.019    -274.389         996.019    -274.389              83              83
  136         186.611    -381.002         186.611    -381.002             136             136
   32        1779.630   -1184.537        1779.630   -1184.537              32              32
  198         969.395    -891.376         969.395    -891.376             198             198
  182        -997.341    -733.379        -997.341    -733.379             182             182
  111        1410.372    1002.530        1410.372    1002.530             111             111
  229        1374.048    2421.085        1374.048    2421.085             229             229
  136        -359.758     446.713        -359.758     446.713             136             136
  197        2343.255     147.878        2343.255     147.878             197             197
  252         585.838    -655.882         585.838    -655.882             252             252
  241        -174.880   -2064.489        -174.880   -2064.489             241             241
  247        -420.761    -474.554        -420.761    -474.554             247             247
  235        1199.495     796.308        1199.495     796.308             235             235
  151        -245.892    1004.376        -245.892    1004.376             151             151
  183        1147.792     229.772        1147.792     229.772             183             183
  239         563.980   -1591.361         563.980   -1591.361             239             239
  196        -448.499     909.986        -448.499     909.986             196             196
  163         335.773     177.700         335.773     177.700             163             163
  109        3397.714    -353.766        3397.714    -353.766             109             109
  169        -113.636    -574.566        -113.636    -574.566             169             169
   35         260.849   -1283.516         260.849   -1283.516              35              35
    4        -560.570     695.436        -560.570     695.436               4               4
  195         174.308    1235.626         174.308    1235.626             195             195
   58        2191.721    -943.200        2191.721    -943.200              58              58
  134         720.165     863.774         720.165     863.774             134             134
  160         223.045   -3447.504         223.045   -3447.504             160             160
  179        -475.664    3160.644        -475.664    3160.644             179             179
  130        1163.775    1030.776        1163.775    1030.776             130             130
  190       -1676.537   -1456.883       -1676.537   -1456.883             190             190
  120       -2156.636     690.380       -2156.636     690.380             120             120
    6         143.910    -232.528         143.910    -232.528               6               6
   17         751.668    1457.708         751.668    1457.708              17              17
    1        -284.949     670.063        -284.949     670.063               1               1
   38       -1561.967   -1674.020       -1561.967   -1674.020              38              38
  216         370.916     781.198         370.916     781.198             216             216
  184        2008.069    -298.038        2008.069    -298.038             184             184
  150        3304.942    -684.528        3304.942    -684.528             150             150
  189        1260.355     976.035        1260.355     976.035             189             189
   64        -429.417   -2058.821        -429.417   -2058.821              64              64
   92       -1035.794     655.395       -1035.794     655.395              92              92
  186        1538.112   -1174.287        1538.112   -1174.287             186             186
   50         -80.186    -820.439         -80.186    -820.439              50              50
   83        1163.965   -1121.171        1163.965   -1121.171              83              83
  166         865.285    1002.654         865.285    1002.654             166             166
  202        -191.953    1767.791        -191.953    1767.791             202             202
   11       -1547.766    1250.675       -1547.766    1250.675              11              11
  149         839.684     602.496         839.684     602.496             149             149
  142           9.110     649.372           9.110     649.372             142             142
  174        2163.942     115.846        2163.942     115.846             174             174
    3        -898.149    -251.999        -898.149    -251.999               3               3
   55          92.608     366.524          92.608     366.524              55              55
  210        -699.586     618.812        -699.586     618.812             210             210
    8         578.268    -751.781         578.268    -751.781               8               8
  251       -1701.508     539.468       -1701.508     539.468             251             251
   13         629.161    1828.526         629.161    1828.526              13              13
  143       -2682.425     512.908       -2682.425     512.908             143             143
  155        1268.702    -827.728        1268.702    -827.728             155             155
  192        -380.387     160.282        -380.387     160.282             192             192
   17         179.144    1409.413         179.144    1409.413              17              17
   90        1802.851    1880.953        1802.851    1880.953              90              90
   57        1441.492    1110.763        1441.492    1110.763              57              57
   24        2639.414     247.160        2639.414     247.160              24              24
  107         972.034   -1667.287         972.034   -1667.287             107             107
   58         124.776     708.994         124.776     708.994              58              58
   63         -84.765   -1081.218         -84.765   -1081.218              63              63
   68       -2153.574   -1632.664       -2153.574   -1632.664              68              68
  242        1132.270    -979.816        1132.270    -979.816             242             242
  213        1293.894    2658.881        1293.894    2658.881             213             213
    2         350.954     -98.221         350.954     -98.221               2               2
   51        1977.343   -1181.403        1977.343   -1181.403              51              51
   49         559.661    -890.228         559.661    -890.228              49              49
  188        -246.950    -893.147        -246.950    -893.147             188             188
  102        -752.688   -1625.323        -752.688   -1625.323             102             102
  133        -557.687    -839.873        -557.687    -839.873             133             133
   99         961.016    -109.040         961.016    -109.040              99              99
   48       -1498.710   -2602.499       -1498.710   -2602.499              48              48
  145       -1983.066      44.514       -1983.066      44.514             145             145
  249       -1589.106    1007.559       -1589.106    1007.559             249             249
  191         178.225       0.534         178.225       0.534             191             191
   63         323.302     -23.999         323.302     -23.999              63              63
  252       -1924.632      73.470       -1924.632      73.470             252             252
  247         910.987     868.161         910.987     868.161             247             247
   18         351.534     303.145         351.534     303.145              18              18
    4       -2091.495    1369.191       -2091.495    1369.191               4               4
  242       -2133.664    -796.428       -2133.664    -796.428             242             242
   31         268.302    -320.488         268.302    -320.488              31              31
  147       -2444.284     288.623       -2444.284     288.623             147             147
  142         584.904   -1927.431         584.904   -1927.431             142             142
  223         851.538    -628.992         851.538    -628.992             223             223
  165        -494.041    -443.329        -494.041    -443.329             165             165
  232         869.356     766.512         869.356     766.512             232             232
   24        -201.321     408.197        -201.321     408.197              24              24
  189         455.610     931.846         455.610     931.846             189             189
   84       -1853.346    1560.786       -1853.346    1560.786              84              84
   83        1640.113   -1107.920        1640.113   -1107.920              83              83
  252         -91.529    -779.716         -91.529    -779.716             252             252
  152        -423.247    -302.502        -423.247    -302.502             152             152
   70         403.753    -196.800         403.753    -196.800              70              70
  210        -461.386    1442.292        -461.386    1442.292             210             210
  154        -384.066    1006.672        -384.066    1006.672             154             154
  122        1881.998     -50.142        1881.998     -50.142             122             122
    4         172.911   -1028.382         172.911   -1028.382               4               4
   87        1101.650   -2205.992        1101.650   -2205.992              87              87
  224        -928.370     848.927        -928.370     848.927             224             224
  137        -807.298    -124.681        -807.298    -124.681             137             137
  187        2843.233   -3112.887        2843.233   -3112.887             187             187
   17        1239.296    -791.588        1239.296    -791.588              17              17
   27        -241.458    -243.881        -241.458    -243.881              27              27
  180         984.641   -1044.263         984.641   -1044.263             180             180
  209         330.878    -518.848         330.878    -518.848             209             209
   91        -176.808    2379.473        -176.808    2379.473              91              91
  176         506.798   -1704.898         506.798   -1704.898             176             176
  200       -1188.066    1115.976       -1188.066    1115.976             200             200
  109       -1790.471     828.815       -1790.471     828.815             109             109
  180         487.137     199.856         487.137     199.856             180             180
  187         102.957    2687.194         102.957    2687.194             187             187
  140         247.446     698.864         247.446     698.864             140             140
   72        1729.400     -63.932        1729.400     -63.932              72              72
   73         283.660     449.763         283.660     449.763              73              73
  108       -1379.758     -90.572       -1379.758     -90.572             108             108
  238         411.352     -65.026         411.352     -65.026             238             238
   49         950.235   -2035.317         950.235   -2035.317              49              49
  133       -2155.732   -1649.594       -2155.732   -1649.594             133             133
  171       -1508.216     128.326       -1508.216     128.326             171             171
  134         575.297    -760.834         575.297    -760.834             134             134
  216          -2.060    -110.396          -2.060    -110.396             216             216
  168        -980.083   -1974.351        -980.083   -1974.351             168             168
   30        1308.526   -1157.873        1308.526   -1157.873              30              30
   31        -903.806     207.500        -903.806     207.500              31              31
  123         744.202     980.841         744.202     980.841             123             123
  185        -756.204    -513.141        -756.204    -513.141             185             185
  153        -886.414     747.913        -886.414     747.913             153             153
  127        1196.993    2208.413        1196.993    2208.413             127             127
   17         468.755    1306.421         468.755    1306.421              17              17
  122        -881.749     594.017        -881.749     594.017             122             122
    9        -407.141    1484.006        -407.141    1484.006               9               9
  204         -63.687     902.038         -63.687     902.038             204             204
  140        -546.145     405.065        -546.145     405.065             140             140
   36       -1022.731    -220.779       -1022.731    -220.779              36              36
  128         874.322     149.219         874.322     149.219             128             128
   93       -2584.982    -327.762       -2584.982    -327.762              93              93
  127        1040.618      90.177        1040.618      90.177             127             127
   49        1925.334     805.296        1925.334     805.296              49              49
   38       -1763.772    1775.045       -1763.772    1775.045              38              38
  236        -142.535   -1546.546        -142.535   -1546.546             236             236
  230        -743.898     731.376        -743.898     731.376             230             230
  225        -271.330   -2374.807        -271.330   -2374.807             225             225
  121       -1169.873    -198.454       -1169.873    -198.454             121             121
   46        -440.937    2990.768        -440.937    2990.768              46              46
   42       -1655.926     -97.494       -1655.926     -97.494              42              42
  229       -1117.853    -582.650       -1117.853    -582.650             229             229
   29         917.577    -977.109         917.577    -977.109              29              29
   92         793.943     -11.426         793.943     -11.426              92              92
  106        -185.604     418.321        -185.604     418.321             106             106
  200       -1803.668   -2106.056       -1803.668   -2106.056             200             200
  226         441.554   -1125.502         441.554   -1125.502             226             226
   67        1004.309    3538.599        1004.309    3538.599              67              67
  113         666.527     304.384         666.527     304.384             113             113
    1       -1230.098    -264.307       -1230.098    -264.307               1               1
   99        -410.251    1629.338        -410.251    1629.338              99              99
  237       -1564.005     265.676       -1564.005     265.676             237             237
  186         137.114    -229.951         137.114    -229.951             186             186
  253        -953.708    -994.525        -953.708    -994.525             253             253
  108        1193.327     196.264        1193.327     196.264             108             108
  204        -802.574   -1032.976        -802.574   -1032.976             204             204
  119        -479.654   -1516.916        -479.654   -1516.916             119             119
  118       -1138.542   -1210.451       -1138.542   -1210.451             118             118
  153        2799.881      77.875        2799.881      77.875             153             153
    4         431.783     291.745         431.783     291.745               4               4
  154        2142.571     -86.706        2142.571     -86.706             154             154
   26        -699.348    -295.103        -699.348    -295.103              26              26
   98       -1134.794     809.551       -1134.794     809.551              98              98
   26          28.623   -1836.890          28.623   -1836.890              26              26
   75       -2655.189    1441.650       -2655.189    1441.650              75              75
  136         261.714   -1463.864         261.714   -1463.864             136             136
    7       -2059.356   -1757.161       -2059.356   -1757.161               7               7
   49          96.597    -542.587          96.597    -542.587              49              49
  105        -989.184     599.233        -989.184     599.233             105             105
  129         293.673     389.001         293.673     389.001             129             129
   96         503.150     641.642         503.150     641.642              96              96
  148        2408.407     585.517        2408.407     585.517             148             148
  102         667.282    -304.406         667.282    -304.406             102             102
  125       -2133.598   -1152.792       -2133.598   -1152.792             125             125
  240         171.612   -1652.221         171.612   -1652.221             240             240
  209        1605.026   -1019.304        1605.026   -1019.304             209             209
   70        -337.479    1423.873        -337.479    1423.873              70              70
  210        2877.262      96.522        2877.262      96.522             210             210
   21       -1693.056    1196.963       -1693.056    1196.963              21              21
  184        -225.721     536.707        -225.721     536.707             184             184
  211        1329.422     827.369        1329.422     827.369             211             211
  120         949.514     219.348         949.514     219.348             120             120
  165       -2378.637    1319.322       -2378.637    1319.322             165             165
  142        -246.981   -1162.167        -246.981   -1162.167             142             142
  117         188.881   -2075.793         188.881   -2075.793             117             117
   18        -612.600     275.210        -612.600     275.210              18              18
   91        1166.164    -765.522        1166.164    -765.522              91              91
  236          57.691     650.493          57.691     650.493             236             236
  136       -2205.102    -743.378       -2205.102    -743.378             136             136
  244       -2195.783    1410.628       -2195.783    1410.628             244             244
  241       -1706.886    -549.210       -1706.886    -549.210             241             241
   35         877.287    1198.330         877.287    1198.330              35              35
   14       -2211.821     296.044       -2211.821     296.044              14              14
   83        -491.665    -109.274        -491.665    -109.274              83              83
   61       -1361.682    1546.120       -1361.682    1546.120              61              61
   90         386.073   -1164.512         386.073   -1164.512              90              90
  219        2091.354    1060.331        2091.354    1060.331             219             219
   69        -530.406     132.276        -530.406     132.276              69              69
  139        -730.903      49.085        -730.903      49.085             139             139
   69         489.482     737.856         489.482     737.856              69              69
  198        -502.864    1168.202        -502.864    1168.202             198             198
  235        -766.023     -14.041        -766.023     -14.041             235             235
  217        -829.138    -170.278        -829.138    -170.278             217             217
   44         347.351    1701.875         347.351    1701.875              44              44
  105        -272.716   -1115.762        -272.716   -1115.762             105             105
  201         350.772    2093.314         350.772    2093.314             201             201
  254        -137.200    -683.026        -137.200    -683.026             254             254
  175        -214.388     173.015        -214.388     173.015             175             175
  156        -826.326    1776.453        -826.326    1776.453             156             156
   19         596.945   -1351.836         596.945   -1351.836              19              19
  103       -2938.182     174.996       -2938.182     174.996             103             103
  112        -700.302     521.422        -700.302     521.422             112             112
  139       -1996.338   -1128.672       -1996.338   -1128.672             139             139
   13        -685.812   -1681.788        -685.812   -1681.788              13              13
  254         996.631    -505.793         996.631    -505.793             254             254
    0         811.667     541.509         811.667     541.509               0               0
   31         831.661    -193.447         831.661    -193.447              31              31
   90        -292.095   -2092.704        -292.095   -2092.704              90              90
  237        -847.693    -590.294        -847.693    -590.294             237             237
  167        -617.637    -517.459        -617.637    -517.459             167             167
   78        1598.503    1765.032        1598.503    1765.032              78              78
  223         -24.042    1160.011         -24.042    1160.011             223             223
  202         752.602    2182.591         752.602    2182.591             202             202
   93        -641.540    -637.435        -641.540    -637.435              93              93
   50        -340.319     162.644        -340.319     162.644              50              50
    8        -455.687    -429.287        -455.687    -429.287               8               8
  184        1687.521    -662.310        1687.521    -662.310             184             184
   14        -957.530    -937.039        -957.530    -937.039              14              14
   77         877.856    1460.709         877.856    1460.709              77              77
   67       -1257.502    3332.181       -1257.502    3332.181              67              67
   83         111.106     346.817         111.106     346.817              83              83
   19         814.107    1068.933         814.107    1068.933              19              19
   47         255.629    -381.715         255.629    -381.715              47              47
   44         294.789    1413.315         294.789    1413.315              44              44
   64        -590.383    1453.724        -590.383    1453.724              64              64
  153         388.427    3395.470         388.427    3395.470             153             153
  246         390.176    -623.419         390.176    -623.419             246             246
   62         730.634    2313.672         730.634    2313.672              62              62
   72       -2007.381    -503.423       -2007.381    -503.423              72              72
  146        1065.713     392.801        1065.713     392.801             146             146
   82        -767.097      68.546        -767.097      68.546              82              82
  176        -622.413     912.925        -622.413     912.925             176             176
    2         190.636    1914.485         190.636    1914.485               2               2
